Wavelength	C:\Documents and Settings\All Users\Application Data\ASD\Indico Pro\Projects\McBeth_080818\#13.txt
350	 7.86291728510728E-02 
351	 7.53613025181783E-02 
352	 8.04357347495311E-02 
353	 8.19885166263879E-02 
354	 7.69481604152852E-02 
355	 7.39255080670186E-02 
356	 7.06789476388502E-02 
357	 7.01439705734173E-02 
358	 7.25629486323006E-02 
359	 6.95233243956759E-02 
360	 6.89932701394403E-02 
361	 0.070010424338349 
362	 6.86823233842383E-02 
363	 6.68215017964928E-02 
364	 6.67011275688111E-02 
365	 6.77601035582072E-02 
366	 6.69109665993205E-02 
367	 6.70602022818729E-02 
368	 6.72437975703645E-02 
369	 6.71013920640588E-02 
370	 6.96914303793779E-02 
371	 6.88202181186033E-02 
372	 6.59066033663738E-02 
373	 6.48880757933197E-02 
374	 6.60543150295926E-02 
375	 0.067274264146726 
376	 6.78359495945943E-02 
377	 6.84540755092744E-02 
378	 6.82160927804199E-02 
379	 6.75659209245622E-02 
380	 6.77263952480475E-02 
381	 7.17000535078651E-02 
382	 7.16341660209295E-02 
383	 7.04711074434909E-02 
384	 7.30844438891372E-02 
385	 7.41871787050131E-02 
386	 7.37993552429184E-02 
387	 7.32440040792136E-02 
388	 7.44377223953581E-02 
389	 7.44931251532589E-02 
390	 0.074789444563723 
391	 7.64049800757287E-02 
392	 7.86732618548211E-02 
393	 7.97299272250801E-02 
394	 8.07892775799147E-02 
395	 8.32626126568588E-02 
396	 8.41078504209408E-02 
397	 8.53875078685926E-02 
398	 8.73563572457195E-02 
399	 8.87304526448363E-02 
400	 9.13977796303382E-02 
401	 9.41888066243955E-02 
402	 9.65761870397872E-02 
403	 0.100233218580102 
404	 0.10425648036366 
405	 0.108349906154553 
406	 0.112455050632079 
407	 0.116897370501314 
408	 0.121749208509357 
409	 0.127240702488822 
410	 0.133746903288017 
411	 0.140634596137139 
412	 0.14797184530036 
413	 0.155577672183373 
414	 0.16227449451629 
415	 0.169788416841771 
416	 0.177500927779949 
417	 0.184195941281463 
418	 0.190752022605896 
419	 0.197316514663427 
420	 0.203548048350129 
421	 0.208721089858943 
422	 0.214262208002448 
423	 0.219359913073099 
424	 0.223568516364058 
425	 0.228614879755359 
426	 0.232885502415678 
427	 0.236580059891527 
428	 0.240628084306963 
429	 0.2446782144463 
430	 0.24814666942729 
431	 0.25107703210172 
432	 0.254328692081916 
433	 0.257333024567768 
434	 0.260185842912347 
435	 0.263051686147378 
436	 0.265746670506479 
437	 0.268254562436444 
438	 0.270903115138351 
439	 0.274103350223113 
440	 0.276705041919979 
441	 0.279244800624658 
442	 0.282023194750326 
443	 0.284529365868463 
444	 0.286798083132255 
445	 0.288746713934593 
446	 0.290342547017173 
447	 0.291849778712161 
448	 0.293334919941779 
449	 0.294511166126428 
450	 0.294828158657466 
451	 0.295208228336388 
452	 0.29542216633343 
453	 0.295212592938714 
454	 0.294825711281215 
455	 0.294248429908477 
456	 0.293394404443277 
457	 0.292194238414901 
458	 0.291026004510173 
459	 0.289573304676924 
460	 0.287774921492142 
461	 0.286004571897712 
462	 0.283885561633652 
463	 0.281617438925484 
464	 0.279418165192157 
465	 0.276974109714893 
466	 0.274369451523459 
467	 0.271673653729044 
468	 0.268914376981929 
469	 0.265873443448592 
470	 0.262858588481125 
471	 0.259948823151771 
472	 0.256602946727643 
473	 0.253339894532386 
474	 0.250036407662996 
475	 0.246412651601368 
476	 0.242749763411322 
477	 0.239251102687724 
478	 0.235846308139064 
479	 0.232185648558282 
480	 0.228260535577465 
481	 0.224313868399179 
482	 0.220469156129044 
483	 0.216302682487197 
484	 0.212142251526754 
485	 0.208041437264751 
486	 0.203879763782848 
487	 0.199565055812852 
488	 0.195245863566676 
489	 0.19098974498979 
490	 0.186637467170785 
491	 0.182348638390091 
492	 0.178054897029983 
493	 0.173662171716293 
494	 0.169402434912433 
495	 0.165129213381381 
496	 0.16084423639535 
497	 0.156730841454038 
498	 0.152695475061067 
499	 0.148856204462544 
500	 0.145211878943154 
501	 0.141284072698091 
502	 0.137548177579801 
503	 0.133991982120739 
504	 0.130373212940098 
505	 0.12704167443891 
506	 0.123737828714431 
507	 0.120384664342127 
508	 0.117340218729993 
509	 0.114291993394418 
510	 0.111278629425946 
511	 0.108400897157125 
512	 0.105495890267902 
513	 0.102621063729679 
514	 9.98130046410088E-02 
515	 9.70709741834808E-02 
516	 9.43670280955988E-02 
517	 9.17382543587011E-02 
518	 8.92210482113994E-02 
519	 8.68292352162878E-02 
520	 8.44288986770345E-02 
521	 8.20737156032293E-02 
522	 7.98871060338596E-02 
523	 7.75721634525978E-02 
524	 7.54004975956598E-02 
525	 7.34671700815078E-02 
526	 7.14539916842958E-02 
527	 6.95241903169538E-02 
528	 6.77345051874512E-02 
529	 6.60899069454376E-02 
530	 0.064502992806889 
531	 6.29641231013746E-02 
532	 6.15134205787182E-02 
533	 6.02351105066755E-02 
534	 5.89320984627826E-02 
535	 5.77074670408655E-02 
536	 5.66482426486003E-02 
537	 5.55942034965233E-02 
538	 5.46357373339954E-02 
539	 5.37539282662652E-02 
540	 5.28761816423629E-02 
541	 5.20919914480527E-02 
542	 5.13981122393916E-02 
543	 5.07596079558184E-02 
544	 5.00932675484267E-02 
545	 4.96200540531641E-02 
546	 4.91893651941329E-02 
547	 4.85931049965424E-02 
548	 0.048109504420973 
549	 4.76977956016164E-02 
550	 4.73072841737801E-02 
551	 4.69000367638798E-02 
552	 4.65610120183306E-02 
553	 4.62919319914735E-02 
554	 0.046052684032082 
555	 4.57378925154017E-02 
556	 4.54595782700867E-02 
557	 4.52608017967351E-02 
558	 4.51209030040413E-02 
559	 0.044890404257911 
560	 4.46880144924309E-02 
561	 4.45846785575843E-02 
562	 4.44634453270925E-02 
563	 4.43462337299984E-02 
564	 4.42277599726959E-02 
565	 4.41027646603092E-02 
566	 4.40150011073819E-02 
567	 4.39278495195176E-02 
568	 4.38425646769821E-02 
569	 4.38197259865133E-02 
570	 4.37344840014951E-02 
571	 0.043652150574495 
572	 4.36457148403496E-02 
573	 4.35985832617959E-02 
574	 4.35678863147887E-02 
575	 4.35516451581836E-02 
576	 4.35048104007044E-02 
577	 4.35416630478924E-02 
578	 4.35290401769166E-02 
579	 4.34165236612676E-02 
580	 4.34557636651594E-02 
581	 4.34523055774088E-02 
582	 0.043413898591421 
583	 4.34250565839566E-02 
584	 4.34158802378583E-02 
585	 4.34043172555022E-02 
586	 4.34075238845326E-02 
587	 4.34301702302609E-02 
588	 4.34541930560958E-02 
589	 4.34532505078483E-02 
590	 4.34229888668822E-02 
591	 4.34642272714817E-02 
592	 4.34575445459709E-02 
593	 4.34339168775874E-02 
594	 4.35513640632086E-02 
595	 4.35565703846213E-02 
596	 4.35374962685282E-02 
597	 0.04358420824308 
598	 4.36058034411284E-02 
599	 4.36619623360345E-02 
600	 4.37216373820589E-02 
601	 4.37201546336369E-02 
602	 4.37473995756187E-02 
603	 4.37699829403624E-02 
604	 4.37876036490825E-02 
605	 4.38802828397373E-02 
606	 4.39666564261931E-02 
607	 4.40226351430373E-02 
608	 4.40535006780288E-02 
609	 4.41045358740964E-02 
610	 4.41638533363585E-02 
611	 0.044215939653518 
612	 4.42472321324109E-02 
613	 4.43348218251273E-02 
614	 4.44198768202604E-02 
615	 0.044454944634644 
616	 0.044512271767339 
617	 4.45753905811324E-02 
618	 4.46257750282251E-02 
619	 4.46542514891725E-02 
620	 4.47645992489198E-02 
621	 4.48653333869883E-02 
622	 4.49098660249256E-02 
623	 4.49708513126626E-02 
624	 4.50603917442502E-02 
625	 4.51549564217635E-02 
626	 4.52314932461102E-02 
627	 4.53559833101139E-02 
628	 0.045459392712728 
629	 4.55274554277831E-02 
630	 4.56098565033784E-02 
631	 0.045731716989836 
632	 4.58756604523509E-02 
633	 4.60097554661775E-02 
634	 4.60820776041886E-02 
635	 0.046243350694456 
636	 4.64505386244719E-02 
637	 4.65643675586657E-02 
638	 4.67372182164497E-02 
639	 4.68879264072371E-02 
640	 4.69926968138971E-02 
641	 4.71783046822146E-02 
642	 4.73743582812657E-02 
643	 0.047574076633063 
644	 4.77868888770415E-02 
645	 4.79982802419045E-02 
646	 4.82311329720216E-02 
647	 4.84790906660324E-02 
648	 4.87067709492651E-02 
649	 4.89653212477937E-02 
650	 4.92435424288641E-02 
651	 4.95191390675792E-02 
652	 4.97714798739465E-02 
653	 5.00808368233373E-02 
654	 5.04329117275305E-02 
655	 5.07619159463388E-02 
656	 0.051070259680842 
657	 0.051374824691847 
658	 5.16969118463295E-02 
659	 5.20641747528412E-02 
660	 5.23910428342812E-02 
661	 5.26893998102801E-02 
662	 5.29993857021612E-02 
663	 0.053337115532627 
664	 5.36176510259789E-02 
665	 5.38553614191301E-02 
666	 5.41522503076631E-02 
667	 5.44386432897349E-02 
668	 5.46552072667386E-02 
669	 5.48043842395468E-02 
670	 5.50465115341085E-02 
671	 5.52058548083408E-02 
672	 5.53086983737693E-02 
673	 5.54562303163428E-02 
674	 0.055533259010921 
675	 5.55819089163586E-02 
676	 5.56362274950956E-02 
677	 5.56995262979363E-02 
678	 5.57121178590958E-02 
679	 5.56955022702069E-02 
680	 5.56847360406047E-02 
681	 5.56690412489988E-02 
682	 5.56671399107099E-02 
683	 5.56745658780669E-02 
684	 5.56730664696418E-02 
685	 5.56993926830801E-02 
686	 5.57473602645748E-02 
687	 5.58103301366834E-02 
688	 5.58954920045477E-02 
689	 5.59863060772656E-02 
690	 5.61066034255672E-02 
691	 5.62820556920624E-02 
692	 5.64646727649518E-02 
693	 5.66635069377245E-02 
694	 5.68948844084185E-02 
695	 5.71778873593566E-02 
696	 5.74754756759289E-02 
697	 5.77949689398633E-02 
698	 5.81509320075644E-02 
699	 0.058549526632243 
700	 0.058967700660408 
701	 5.94126556177718E-02 
702	 5.99047646544413E-02 
703	 6.04326876878504E-02 
704	 6.09827958028285E-02 
705	 6.15613160461694E-02 
706	 6.22020287706987E-02 
707	 6.28141461147377E-02 
708	 6.34355828048958E-02 
709	 6.41227012606934E-02 
710	 6.48656631728008E-02 
711	 6.56504243644163E-02 
712	 6.64404821973821E-02 
713	 6.71966396892025E-02 
714	 6.79978627586811E-02 
715	 6.88545868524933E-02 
716	 6.97362542056125E-02 
717	 7.05571194431432E-02 
718	 7.14542131767336E-02 
719	 7.23815415776477E-02 
720	 7.32626175511973E-02 
721	 7.41649156799679E-02 
722	 7.51212788409063E-02 
723	 7.61383363771491E-02 
724	 7.71942866651986E-02 
725	 7.82365547398816E-02 
726	 7.93214646285658E-02 
727	 8.04807845918741E-02 
728	 8.16558980303001E-02 
729	 8.29539926702684E-02 
730	 8.43308486408086E-02 
731	 8.57285225261153E-02 
732	 8.73111175322772E-02 
733	 8.90108589075862E-02 
734	 9.08062687155127E-02 
735	 9.27277375724379E-02 
736	 9.48094518333853E-02 
737	 9.70438887554402E-02 
738	 9.94221037893537E-02 
739	 0.101957633297747 
740	 0.104641987411286 
741	 0.1074831457181 
742	 0.110494783601587 
743	 0.113663210012159 
744	 0.116985333528975 
745	 0.120462482262236 
746	 0.124096026321163 
747	 0.127846477167292 
748	 0.131742757121275 
749	 0.135785218429487 
750	 0.139872084250653 
751	 0.144074792704479 
752	 0.148389887103431 
753	 0.152786500678051 
754	 0.157261060962369 
755	 0.161770714446869 
756	 0.166312712819287 
757	 0.170919956184891 
758	 0.17553090783609 
759	 0.180159988303047 
760	 0.184817450890775 
761	 0.189492977399246 
762	 0.1941820469165 
763	 0.198892168937566 
764	 0.203630997613905 
765	 0.208349933967703 
766	 0.213085123875992 
767	 0.217839517700928 
768	 0.222572466198862 
769	 0.227315967444311 
770	 0.232095975235382 
771	 0.236911864372159 
772	 0.241729876499155 
773	 0.246606753704615 
774	 0.251499361515164 
775	 0.256357154931259 
776	 0.261214521298628 
777	 0.26613927313051 
778	 0.271138110808605 
779	 0.276149274310099 
780	 0.28113821851136 
781	 0.286186213650227 
782	 0.291311149796516 
783	 0.296392605932035 
784	 0.301469146938597 
785	 0.306574303559986 
786	 0.311720527732789 
787	 0.316817064243899 
788	 0.321913358735219 
789	 0.326994264193373 
790	 0.331991908337651 
791	 0.336889991123651 
792	 0.341676915384537 
793	 0.346362954365347 
794	 0.350983896586375 
795	 0.355494615065176 
796	 0.359884357334561 
797	 0.364143801970338 
798	 0.368255540224573 
799	 0.372192796204564 
800	 0.376017781662133 
801	 0.379804890795839 
802	 0.383434795559055 
803	 0.386949212723366 
804	 0.390343357373537 
805	 0.393571565015636 
806	 0.396671345331981 
807	 0.399717084115648 
808	 0.402716854703782 
809	 0.405533162053678 
810	 0.408263722563806 
811	 0.410941168574712 
812	 0.413562224423592 
813	 0.416092008059292 
814	 0.418543101638137 
815	 0.42091557328972 
816	 0.42320538758234 
817	 0.425406490519942 
818	 0.427532352456144 
819	 0.429625265160026 
820	 0.431739902241709 
821	 0.433780735236749 
822	 0.435738018265712 
823	 0.437631070414828 
824	 0.439506818874656 
825	 0.441337141879379 
826	 0.44309449264018 
827	 0.444781991607889 
828	 0.446512499950231 
829	 0.448212409096935 
830	 0.449822174560607 
831	 0.451318094891302 
832	 0.452847950081889 
833	 0.454382501292093 
834	 0.455885025752904 
835	 0.457334059762948 
836	 0.458775924144823 
837	 0.460199631457644 
838	 0.461591288609353 
839	 0.462958246307331 
840	 0.464247195383165 
841	 0.465489216187403 
842	 0.466735495436748 
843	 0.468011688955531 
844	 0.469254841193132 
845	 0.47043220860273 
846	 0.471551738325172 
847	 0.472730538867311 
848	 0.473914160561483 
849	 0.475060877339293 
850	 0.476152069710715 
851	 0.477170103502176 
852	 0.478231899804768 
853	 0.479363134290208 
854	 0.480438564764913 
855	 0.481366799225738 
856	 0.482267487514219 
857	 0.483254384607208 
858	 0.484298872312495 
859	 0.485241567643834 
860	 0.486103184439672 
861	 0.486972808189214 
862	 0.487915331605079 
863	 0.488872585375236 
864	 0.489758879811444 
865	 0.49053151566002 
866	 0.491461822207541 
867	 0.492372827028032 
868	 0.493199614463854 
869	 0.4940051072175 
870	 0.494754975551974 
871	 0.495554022843748 
872	 0.496424480726061 
873	 0.497257585888544 
874	 0.498044387013469 
875	 0.498797518099392 
876	 0.499549876044846 
877	 0.500360899564822 
878	 0.501099818742705 
879	 0.501790290036581 
880	 0.502481371368792 
881	 0.503118876936708 
882	 0.503957027039591 
883	 0.504837610025213 
884	 0.505503220846917 
885	 0.506124468091333 
886	 0.50678151580458 
887	 0.507498614211484 
888	 0.50823938272037 
889	 0.508867270973393 
890	 0.509446060242517 
891	 0.510062798329188 
892	 0.510787269138683 
893	 0.511491760281188 
894	 0.512138240396535 
895	 0.512709666807564 
896	 0.513205709271355 
897	 0.513770063085096 
898	 0.514417912208332 
899	 0.51508080200534 
900	 0.515611397878582 
901	 0.516101455153915 
902	 0.516651042992665 
903	 0.517277282386729 
904	 0.517807989147766 
905	 0.518324986938693 
906	 0.518837479099304 
907	 0.519344790841267 
908	 0.519880841120593 
909	 0.520441691114207 
910	 0.521031629138354 
911	 0.521621826802906 
912	 0.522041257684089 
913	 0.522601610741908 
914	 0.523213813885261 
915	 0.523658651121411 
916	 0.524186054311632 
917	 0.524666999408366 
918	 0.525158640369255 
919	 0.525799553624665 
920	 0.526439092683129 
921	 0.526950238403268 
922	 0.527358384796935 
923	 0.527818230445771 
924	 0.528504211858063 
925	 0.529154275358501 
926	 0.529708527541398 
927	 0.530311028251496 
928	 0.530710100028989 
929	 0.531170978285715 
930	 0.531823368033094 
931	 0.532556340913344 
932	 0.533176831356896 
933	 0.533680029746543 
934	 0.534163630762992 
935	 0.534790883063377 
936	 0.535518823234145 
937	 0.536230748710998 
938	 0.536846858955029 
939	 0.537373170842518 
940	 0.538027701867436 
941	 0.538712636766701 
942	 0.539351365271719 
943	 0.540003202546754 
944	 0.540512151954819 
945	 0.541006888615747 
946	 0.541617512278839 
947	 0.542353465793868 
948	 0.542929278859348 
949	 0.543449832898994 
950	 0.544010727651895 
951	 0.544524213593301 
952	 0.545107259756293 
953	 0.545704722075154 
954	 0.546288818467121 
955	 0.546948475561789 
956	 0.547462173265898 
957	 0.54791308578946 
958	 0.548443444890443 
959	 0.549144471484825 
960	 0.549657419455594 
961	 0.550150902605843 
962	 0.550711012514137 
963	 0.551038565919721 
964	 0.551375687029264 
965	 0.551855428200207 
966	 0.552440441740832 
967	 0.552862399041114 
968	 0.553322966593341 
969	 0.553800027760874 
970	 0.554228448205071 
971	 0.554569430238505 
972	 0.555220421178667 
973	 0.555751943399974 
974	 0.555986862479482 
975	 0.556416457104012 
976	 0.556766887757195 
977	 0.557173069439761 
978	 0.557766596896992 
979	 0.558524573908348 
980	 0.558956299922932 
981	 0.559138666498652 
982	 0.559313107111386 
983	 0.559734167478458 
984	 0.560261362458268 
985	 0.560701708890564 
986	 0.561019642040416 
987	 0.561365138855793 
988	 0.561769704869927 
989	 0.562217971511884 
990	 0.562665627212703 
991	 0.563066692846472 
992	 0.563508668337561 
993	 0.563743094040596 
994	 0.563995642634602 
995	 0.56470731669856 
996	 0.565059046127443 
997	 0.565290666901889 
998	 0.565612780295732 
999	 0.566071796020393 
1000	 0.566334046429581 
1001	 0.566413461207743 
1002	 0.566783882699196 
1003	 0.567147491667474 
1004	 0.567504250961816 
1005	 0.567831833136675 
1006	 0.568149619483976 
1007	 0.56850637334982 
1008	 0.568858585246618 
1009	 0.569197538063616 
1010	 0.56960482921774 
1011	 0.56999171576747 
1012	 0.570346842411859 
1013	 0.570725078460013 
1014	 0.571073089114493 
1015	 0.571415973544406 
1016	 0.57176430008851 
1017	 0.572113842758372 
1018	 0.572470450484748 
1019	 0.572840407336005 
1020	 0.573185287494006 
1021	 0.573518986639431 
1022	 0.573873727232513 
1023	 0.574227370303075 
1024	 0.574594923798606 
1025	 0.574991363848227 
1026	 0.575365044034384 
1027	 0.575715481897673 
1028	 0.57606832236251 
1029	 0.576407371231853 
1030	 0.576766312906709 
1031	 0.577159996166795 
1032	 0.577537009739594 
1033	 0.577908732565449 
1034	 0.578274750960585 
1035	 0.578676258087128 
1036	 0.579048888405205 
1037	 0.579399798908618 
1038	 0.579757887938557 
1039	 0.580105788935071 
1040	 0.580447009760257 
1041	 0.580828212311841 
1042	 0.581198925239309 
1043	 0.581529274995858 
1044	 0.581859141360588 
1045	 0.582180002596661 
1046	 0.582495687001819 
1047	 0.582791334257687 
1048	 0.58308079034262 
1049	 0.583339091642057 
1050	 0.583584890839082 
1051	 0.583823915595726 
1052	 0.58408317690541 
1053	 0.584360772480427 
1054	 0.584597287208433 
1055	 0.584805098097634 
1056	 0.585027098906518 
1057	 0.585241918898519 
1058	 0.585489900168977 
1059	 0.585747993129184 
1060	 0.585966016522062 
1061	 0.586152456207698 
1062	 0.586347368300875 
1063	 0.586517683318778 
1064	 0.586702795524546 
1065	 0.586898288779583 
1066	 0.587092389628698 
1067	 0.58728016072249 
1068	 0.587455151291036 
1069	 0.587609635380284 
1070	 0.587733336204949 
1071	 0.587858683227105 
1072	 0.587994510987055 
1073	 0.588111516357006 
1074	 0.588232592219625 
1075	 0.588330339724608 
1076	 0.588413822497325 
1077	 0.588473533167066 
1078	 0.58851280556881 
1079	 0.588560733684037 
1080	 0.588598190032514 
1081	 0.588619890886827 
1082	 0.588645892344248 
1083	 0.588662002749863 
1084	 0.588693330373136 
1085	 0.588722209313585 
1086	 0.588748553648998 
1087	 0.588770001772855 
1088	 0.588761980167935 
1089	 0.588713129740161 
1090	 0.588684208860347 
1091	 0.588666370858991 
1092	 0.588618591131357 
1093	 0.588568050568634 
1094	 0.588496859721644 
1095	 0.588387660091454 
1096	 0.588284756861258 
1097	 0.588204783289733 
1098	 0.588136833025363 
1099	 0.588104582198814 
1100	 0.588064564797525 
1101	 0.588009378341274 
1102	 0.587991216626718 
1103	 0.588007261841282 
1104	 0.588023968907052 
1105	 0.588109359170278 
1106	 0.588243655131378 
1107	 0.588405690361425 
1108	 0.588587784428099 
1109	 0.588837964229433 
1110	 0.589141523363278 
1111	 0.58947186628276 
1112	 0.589855011926035 
1113	 0.59026593689465 
1114	 0.590684531324293 
1115	 0.591114943958479 
1116	 0.59155999934505 
1117	 0.592012525783178 
1118	 0.592463661626041 
1119	 0.592911176673255 
1120	 0.593365059766466 
1121	 0.593827209033394 
1122	 0.594281747977063 
1123	 0.59475669498571 
1124	 0.595184929090638 
1125	 0.595599171329091 
1126	 0.59599533051577 
1127	 0.596357559218707 
1128	 0.596714686724527 
1129	 0.597069182616489 
1130	 0.597398668330627 
1131	 0.597717509758031 
1132	 0.598032460545797 
1133	 0.598329744705367 
1134	 0.598596874689897 
1135	 0.598842648845813 
1136	 0.599060163370251 
1137	 0.599269490163607 
1138	 0.599455342755836 
1139	 0.599642808940613 
1140	 0.599812594268447 
1141	 0.599985327846326 
1142	 0.600170508806024 
1143	 0.600325487691366 
1144	 0.6004669981031 
1145	 0.600601737102254 
1146	 0.600719397933978 
1147	 0.60082348307573 
1148	 0.60092736839169 
1149	 0.601033829864233 
1150	 0.60113752536202 
1151	 0.601227713791676 
1152	 0.601299687443809 
1153	 0.601358057304456 
1154	 0.601414473655794 
1155	 0.601459880107615 
1156	 0.601489578229583 
1157	 0.601509039992027 
1158	 0.601527700838288 
1159	 0.60152962998101 
1160	 0.601530302096334 
1161	 0.601539291884937 
1162	 0.601534533802343 
1163	 0.601518722037823 
1164	 0.601491918853048 
1165	 0.601461437019251 
1166	 0.601413520131465 
1167	 0.601361122444995 
1168	 0.601291922696224 
1169	 0.60122912313466 
1170	 0.60117133709909 
1171	 0.601092241288963 
1172	 0.601002321679866 
1173	 0.600908424747478 
1174	 0.600801708298714 
1175	 0.600689217095147 
1176	 0.600577286508179 
1177	 0.600451274915112 
1178	 0.600310552405112 
1179	 0.600164542580367 
1180	 0.600017555800302 
1181	 0.599852212980602 
1182	 0.599663939531715 
1183	 0.599480821125938 
1184	 0.599292886403504 
1185	 0.599091682724166 
1186	 0.598898340761162 
1187	 0.598704520421479 
1188	 0.598520563928168 
1189	 0.598334192882107 
1190	 0.598160856385873 
1191	 0.597995703159012 
1192	 0.597843829501592 
1193	 0.597700381088567 
1194	 0.597565663102709 
1195	 0.597440655688662 
1196	 0.597330701535393 
1197	 0.597230521189675 
1198	 0.597140503944348 
1199	 0.597070533913134 
1200	 0.597002989070193 
1201	 0.59693045526338 
1202	 0.596880191881425 
1203	 0.596844303067941 
1204	 0.59682079494729 
1205	 0.59681002109328 
1206	 0.596820395157457 
1207	 0.596831057287669 
1208	 0.596847306413735 
1209	 0.596875876306031 
1210	 0.596917903274013 
1211	 0.5969606322513 
1212	 0.597011485858907 
1213	 0.597066896146254 
1214	 0.597123475729335 
1215	 0.597189712893328 
1216	 0.597277698550528 
1217	 0.597348538778882 
1218	 0.59740182411259 
1219	 0.597478329536864 
1220	 0.597546781472724 
1221	 0.597636747576512 
1222	 0.597745488627731 
1223	 0.597883651719957 
1224	 0.598016576757391 
1225	 0.598157678518016 
1226	 0.598308811282227 
1227	 0.598471684260898 
1228	 0.598635637269662 
1229	 0.598802353628142 
1230	 0.598984934197771 
1231	 0.599177487475469 
1232	 0.599374560756261 
1233	 0.599591383323126 
1234	 0.599800247611741 
1235	 0.600005355857427 
1236	 0.6002166536094 
1237	 0.600426556550378 
1238	 0.600647425101427 
1239	 0.6008886750827 
1240	 0.601114331046184 
1241	 0.601334864579121 
1242	 0.601556551161175 
1243	 0.60177442000085 
1244	 0.601971674637226 
1245	 0.602199390542729 
1246	 0.602456201010029 
1247	 0.602677831339529 
1248	 0.602904987678779 
1249	 0.603106555778962 
1250	 0.603280051636017 
1251	 0.603450948259358 
1252	 0.603611440710356 
1253	 0.603766777994493 
1254	 0.603898835315797 
1255	 0.60404636960127 
1256	 0.604203878533692 
1257	 0.604349777949132 
1258	 0.604501361836859 
1259	 0.604641683624418 
1260	 0.604767979888674 
1261	 0.60489047293549 
1262	 0.605011284976545 
1263	 0.605132339150141 
1264	 0.605237911436629 
1265	 0.605333872095248 
1266	 0.605426310656095 
1267	 0.605502289018079 
1268	 0.605589287578995 
1269	 0.605681081921333 
1270	 0.605765408843178 
1271	 0.605848199738025 
1272	 0.605929445187115 
1273	 0.605989367602048 
1274	 0.606078371349397 
1275	 0.606179172598136 
1276	 0.606287446734766 
1277	 0.60642148227609 
1278	 0.606547380841729 
1279	 0.606670174725592 
1280	 0.606792606052486 
1281	 0.606941007835664 
1282	 0.607102808229462 
1283	 0.607276353568858 
1284	 0.607463509893737 
1285	 0.607642177575786 
1286	 0.607822544869854 
1287	 0.607988623660378 
1288	 0.608147947764455 
1289	 0.608312585569026 
1290	 0.608472405091035 
1291	 0.608625966318919 
1292	 0.608788444597409 
1293	 0.608935098534989 
1294	 0.609065861342685 
1295	 0.609192868430909 
1296	 0.609314484805714 
1297	 0.609429505583744 
1298	 0.609540540491797 
1299	 0.60964035382218 
1300	 0.609739140328579 
1301	 0.609822073729785 
1302	 0.609897354827286 
1303	 0.609939779547728 
1304	 0.609987952747028 
1305	 0.610036037583671 
1306	 0.610090074008237 
1307	 0.610153219169935 
1308	 0.61019572060732 
1309	 0.610233151130901 
1310	 0.610260418183869 
1311	 0.61027131451675 
1312	 0.610285900393397 
1313	 0.610301511088172 
1314	 0.61030598329488 
1315	 0.610306112043413 
1316	 0.610294960306463 
1317	 0.610277108111391 
1318	 0.610246537713658 
1319	 0.610200096494872 
1320	 0.610154491027324 
1321	 0.610106221641242 
1322	 0.610045556359309 
1323	 0.609991724081496 
1324	 0.609908551033628 
1325	 0.609803864847754 
1326	 0.609683206718584 
1327	 0.609548707521539 
1328	 0.609400727228896 
1329	 0.609251354985053 
1330	 0.609078273217395 
1331	 0.608894793879802 
1332	 0.608698990966079 
1333	 0.608489174639717 
1334	 0.608262658019367 
1335	 0.60803410425015 
1336	 0.607807255736319 
1337	 0.607538458184599 
1338	 0.607259906992528 
1339	 0.606943626415898 
1340	 0.606577860330679 
1341	 0.606216790978931 
1342	 0.605846721974949 
1343	 0.605449794467665 
1344	 0.605036800403016 
1345	 0.604603589185662 
1346	 0.604152311865191 
1347	 0.60367000339795 
1348	 0.60316178566275 
1349	 0.602642873631642 
1350	 0.602073023291496 
1351	 0.601487492431496 
1352	 0.600908842360861 
1353	 0.600306644724393 
1354	 0.599707983193069 
1355	 0.599111098683378 
1356	 0.598497838131558 
1357	 0.597892629749801 
1358	 0.597294059620565 
1359	 0.596694674242374 
1360	 0.596116441938732 
1361	 0.595548783171494 
1362	 0.594991307798631 
1363	 0.594442622300163 
1364	 0.593916988828631 
1365	 0.593402656999298 
1366	 0.592914408563949 
1367	 0.592450740597895 
1368	 0.592007933664484 
1369	 0.591591100897115 
1370	 0.591175568115039 
1371	 0.590783620997711 
1372	 0.590388413116723 
1373	 0.590004985059512 
1374	 0.589612076434963 
1375	 0.589225890234258 
1376	 0.588828514465755 
1377	 0.588423276924729 
1378	 0.587955076852064 
1379	 0.58744624979693 
1380	 0.586828726637396 
1381	 0.586037427400732 
1382	 0.585135767568431 
1383	 0.584031620239868 
1384	 0.582813734488062 
1385	 0.581600423918185 
1386	 0.580278504374863 
1387	 0.578995051236102 
1388	 0.577663129376519 
1389	 0.576443015221126 
1390	 0.57512821810086 
1391	 0.574144368965529 
1392	 0.573306264347865 
1393	 0.572643873026684 
1394	 0.572320246707448 
1395	 0.571864305684704 
1396	 0.571534358310368 
1397	 0.57110909626872 
1398	 0.570684995341729 
1399	 0.57014398356552 
1400	 0.569649182576848 
1401	 0.56889380006367 
1402	 0.568014423740691 
1403	 0.566925566325642 
1404	 0.565619057626348 
1405	 0.564152556467862 
1406	 0.562539763468152 
1407	 0.560814415726601 
1408	 0.559014051399047 
1409	 0.557146556192357 
1410	 0.555258476862089 
1411	 0.553342393350089 
1412	 0.551408878086983 
1413	 0.549511364099728 
1414	 0.547676674742053 
1415	 0.54590905256713 
1416	 0.544233810853096 
1417	 0.542659082934302 
1418	 0.541131679822492 
1419	 0.539681361793654 
1420	 0.538260600357487 
1421	 0.536913343556186 
1422	 0.53557319557446 
1423	 0.534279152727425 
1424	 0.532978572435924 
1425	 0.531692170460265 
1426	 0.530424852123742 
1427	 0.529155267167225 
1428	 0.527926640083198 
1429	 0.526712945402845 
1430	 0.525552154663082 
1431	 0.524418801261318 
1432	 0.523343693710107 
1433	 0.522318669024481 
1434	 0.521341482061258 
1435	 0.520417138961111 
1436	 0.519530118940983 
1437	 0.51868469711162 
1438	 0.517893983556097 
1439	 0.517135055089905 
1440	 0.516401196660759 
1441	 0.515708794875165 
1442	 0.515046136919645 
1443	 0.514419664642227 
1444	 0.513834775212994 
1445	 0.513275896553803 
1446	 0.512745388531824 
1447	 0.512238047011686 
1448	 0.511756016507386 
1449	 0.511297155612848 
1450	 0.510864140873149 
1451	 0.510453648273332 
1452	 0.51007696660584 
1453	 0.509689666531412 
1454	 0.509326519442477 
1455	 0.508941416894327 
1456	 0.50854374540853 
1457	 0.508163719913471 
1458	 0.507782451189747 
1459	 0.507410368335452 
1460	 0.507045787269434 
1461	 0.506686763728095 
1462	 0.506331172580714 
1463	 0.505988752673233 
1464	 0.50566034738391 
1465	 0.505333260894359 
1466	 0.505005707898486 
1467	 0.504693991115368 
1468	 0.504397527331846 
1469	 0.504099377933231 
1470	 0.50380883469359 
1471	 0.503525271930541 
1472	 0.503240807655308 
1473	 0.50296722669644 
1474	 0.502690217432776 
1475	 0.502448617917877 
1476	 0.502218423512133 
1477	 0.502016826312517 
1478	 0.501850841971037 
1479	 0.501720388795154 
1480	 0.501621902195645 
1481	 0.501546964432005 
1482	 0.501517461714197 
1483	 0.501514051419947 
1484	 0.501522824451344 
1485	 0.501563765574068 
1486	 0.501631411891097 
1487	 0.501728758016137 
1488	 0.501878715600986 
1489	 0.502044153815921 
1490	 0.502208361067258 
1491	 0.502401347656386 
1492	 0.502605482664321 
1493	 0.502824406631313 
1494	 0.503063711577712 
1495	 0.503337634200546 
1496	 0.503602493765993 
1497	 0.503871032258729 
1498	 0.504157445454956 
1499	 0.504456381194397 
1500	 0.504761036422277 
1501	 0.505072057688389 
1502	 0.505403302214061 
1503	 0.505748790034778 
1504	 0.506100286851244 
1505	 0.506474039395948 
1506	 0.506844725119349 
1507	 0.507215825393618 
1508	 0.50759559644457 
1509	 0.507988518687524 
1510	 0.508376954314145 
1511	 0.508767960975048 
1512	 0.509158445794824 
1513	 0.509551654898633 
1514	 0.509936699186008 
1515	 0.510335086938639 
1516	 0.510697404955133 
1517	 0.511034406090672 
1518	 0.511372204322535 
1519	 0.511692118531966 
1520	 0.512004485517323 
1521	 0.512321547339647 
1522	 0.512615010315101 
1523	 0.51288783793319 
1524	 0.513146742888693 
1525	 0.513379101964619 
1526	 0.513615789351338 
1527	 0.513844181207327 
1528	 0.514067374691704 
1529	 0.514282499617641 
1530	 0.514498480469931 
1531	 0.514704569534169 
1532	 0.514903273140825 
1533	 0.515110746400535 
1534	 0.515315285274675 
1535	 0.515503805207266 
1536	 0.515681631162302 
1537	 0.515853200184456 
1538	 0.516027315055433 
1539	 0.516208502358723 
1540	 0.516387780221091 
1541	 0.51655886234069 
1542	 0.516735204610852 
1543	 0.516908079978928 
1544	 0.517082282897049 
1545	 0.517273804087994 
1546	 0.517461922461747 
1547	 0.517669566815066 
1548	 0.517892501946176 
1549	 0.518096132478464 
1550	 0.518301807932877 
1551	 0.518502831282213 
1552	 0.518683209180962 
1553	 0.518884386274153 
1554	 0.519094329098727 
1555	 0.519311429310906 
1556	 0.519536579449495 
1557	 0.519763600883215 
1558	 0.520003670377381 
1559	 0.52023079641742 
1560	 0.520457423965306 
1561	 0.520678728524989 
1562	 0.520892300019853 
1563	 0.521105535336688 
1564	 0.521312921811546 
1565	 0.521525275422957 
1566	 0.521740271233395 
1567	 0.521952357783259 
1568	 0.522175033523041 
1569	 0.522370883051108 
1570	 0.522545838561858 
1571	 0.522732773300722 
1572	 0.522908095062346 
1573	 0.523091495198003 
1574	 0.523283256871404 
1575	 0.523473072417642 
1576	 0.523656384537984 
1577	 0.523854008182409 
1578	 0.524062708412784 
1579	 0.524271870397198 
1580	 0.524476038515451 
1581	 0.524700338019504 
1582	 0.524927164782734 
1583	 0.525181948163619 
1584	 0.525455566272195 
1585	 0.525757109216554 
1586	 0.526073831706911 
1587	 0.526426846922379 
1588	 0.526816643619806 
1589	 0.527222164994372 
1590	 0.527646499359424 
1591	 0.528113171818342 
1592	 0.528607436896872 
1593	 0.529134443782683 
1594	 0.529703987597321 
1595	 0.530298441875741 
1596	 0.530932819472934 
1597	 0.531571023271697 
1598	 0.532232916169199 
1599	 0.532912951696062 
1600	 0.533604185707731 
1601	 0.534312564509586 
1602	 0.535055439535161 
1603	 0.535793839380033 
1604	 0.536545627342644 
1605	 0.537288960321808 
1606	 0.538039581431074 
1607	 0.538778715917777 
1608	 0.539506924306168 
1609	 0.540235635729484 
1610	 0.540961503690095 
1611	 0.541682435652124 
1612	 0.542413105854303 
1613	 0.543114690370962 
1614	 0.543803123929687 
1615	 0.544473919566882 
1616	 0.545118205955 
1617	 0.545754242208385 
1618	 0.546381640064485 
1619	 0.546989414628725 
1620	 0.547593069049642 
1621	 0.548157506177613 
1622	 0.548684759636622 
1623	 0.549204308036456 
1624	 0.549685231880065 
1625	 0.550173110985414 
1626	 0.550661329507526 
1627	 0.551138091865107 
1628	 0.551602124864563 
1629	 0.55206586904415 
1630	 0.552504404592534 
1631	 0.552973074042879 
1632	 0.553460856636304 
1633	 0.553943338430455 
1634	 0.554449520566526 
1635	 0.554941753732143 
1636	 0.555410554847288 
1637	 0.555899764570522 
1638	 0.556411012135331 
1639	 0.556898569597481 
1640	 0.557405539860707 
1641	 0.557869789054027 
1642	 0.558302047261722 
1643	 0.55871303116086 
1644	 0.559113271490286 
1645	 0.559461517979553 
1646	 0.559783323090278 
1647	 0.560052903559768 
1648	 0.560278837934007 
1649	 0.560443149999454 
1650	 0.560551747149827 
1651	 0.560613131071432 
1652	 0.560600550518502 
1653	 0.560564046451612 
1654	 0.560492344207939 
1655	 0.560375114815093 
1656	 0.560204265415469 
1657	 0.560015613623013 
1658	 0.55977164976418 
1659	 0.559531143254504 
1660	 0.559271813474453 
1661	 0.559008680613601 
1662	 0.558732316859982 
1663	 0.558455423302991 
1664	 0.558161172760087 
1665	 0.557887290276171 
1666	 0.557630146612903 
1667	 0.557359652827567 
1668	 0.557102202863717 
1669	 0.556827827848415 
1670	 0.556524893361113 
1671	 0.556240175139979 
1672	 0.555948508534333 
1673	 0.555680673187273 
1674	 0.555426946882782 
1675	 0.555187698564748 
1676	 0.554959772595817 
1677	 0.554757614534635 
1678	 0.554567127119974 
1679	 0.554409605592417 
1680	 0.554286628481335 
1681	 0.554178170968775 
1682	 0.55410307171601 
1683	 0.55402876081974 
1684	 0.553971704644235 
1685	 0.553916801431914 
1686	 0.553887548189796 
1687	 0.553824670890134 
1688	 0.55376865270933 
1689	 0.553670443063383 
1690	 0.55355394110286 
1691	 0.55338289532422 
1692	 0.553160226253612 
1693	 0.552927764858487 
1694	 0.552650689809493 
1695	 0.552361484997651 
1696	 0.552047649335421 
1697	 0.551739985968127 
1698	 0.551404921961992 
1699	 0.551085079832413 
1700	 0.550770872230285 
1701	 0.550470933050594 
1702	 0.550147420651557 
1703	 0.549894860482549 
1704	 0.549686947663338 
1705	 0.549497527389651 
1706	 0.549345592754821 
1707	 0.549225347688365 
1708	 0.549121059659364 
1709	 0.549068196093269 
1710	 0.549071655212907 
1711	 0.549089529417639 
1712	 0.549130426508662 
1713	 0.549223960467788 
1714	 0.54935965057244 
1715	 0.549520397602302 
1716	 0.549720203063631 
1717	 0.549961676923966 
1718	 0.550218295397354 
1719	 0.550559580124963 
1720	 0.5509787669083 
1721	 0.55141647349262 
1722	 0.551920375255177 
1723	 0.552412073921044 
1724	 0.552940449152154 
1725	 0.553430561487194 
1726	 0.553937070973504 
1727	 0.554367912943786 
1728	 0.554793400769505 
1729	 0.55505993523474 
1730	 0.555248062465984 
1731	 0.555347470405818 
1732	 0.555335782049161 
1733	 0.555233449949287 
1734	 0.555061696097581 
1735	 0.554774446346268 
1736	 0.554398068852686 
1737	 0.553981053658026 
1738	 0.553523938703978 
1739	 0.553061998628243 
1740	 0.55258744199282 
1741	 0.552118182790189 
1742	 0.551671944264249 
1743	 0.551227660333416 
1744	 0.550795177094538 
1745	 0.550364396817533 
1746	 0.549975778353497 
1747	 0.549604802225619 
1748	 0.549260993021018 
1749	 0.548967685432063 
1750	 0.548689299316959 
1751	 0.548404493461744 
1752	 0.548180747967448 
1753	 0.547998028538555 
1754	 0.547857231475333 
1755	 0.547777842599406 
1756	 0.547717378518237 
1757	 0.547708806713588 
1758	 0.547686453572234 
1759	 0.547676044534274 
1760	 0.547683548451876 
1761	 0.547710645936122 
1762	 0.547722054058961 
1763	 0.547755142524593 
1764	 0.547757962177307 
1765	 0.547745419630954 
1766	 0.547701100963685 
1767	 0.547635468954892 
1768	 0.547552340663296 
1769	 0.547431576294698 
1770	 0.547315566156745 
1771	 0.547196158505136 
1772	 0.547066287628833 
1773	 0.546919642299065 
1774	 0.546776860794362 
1775	 0.546609412143888 
1776	 0.546492267365216 
1777	 0.54639785063158 
1778	 0.546336389200166 
1779	 0.546312912775533 
1780	 0.546322879052327 
1781	 0.546374650542953 
1782	 0.54645978471954 
1783	 0.546580616280336 
1784	 0.546683882784896 
1785	 0.546764030636913 
1786	 0.54685596576181 
1787	 0.546959696097023 
1788	 0.54707710177796 
1789	 0.547180849552763 
1790	 0.547250615700772 
1791	 0.547298012354647 
1792	 0.547355910289059 
1793	 0.547454019285676 
1794	 0.547636473875928 
1795	 0.547753457261197 
1796	 0.547834387258624 
1797	 0.54793287282679 
1798	 0.547970449876219 
1799	 0.548086275751439 
1800	 0.548275885967312 
1801	 0.542798401076918 
1802	 0.543004952827377 
1803	 0.543225498143757 
1804	 0.543436024419579 
1805	 0.54367795786138 
1806	 0.543917840402796 
1807	 0.544155403995417 
1808	 0.544385844932427 
1809	 0.54463324859763 
1810	 0.544861849547729 
1811	 0.54508518343358 
1812	 0.545302271107352 
1813	 0.545510620813575 
1814	 0.545712280966202 
1815	 0.545914660118423 
1816	 0.546096208583468 
1817	 0.546269276002908 
1818	 0.546427406660079 
1819	 0.546594538032292 
1820	 0.546727627649378 
1821	 0.546862109687787 
1822	 0.547029779498483 
1823	 0.54720531845405 
1824	 0.547412221468397 
1825	 0.547645605650908 
1826	 0.547880403554651 
1827	 0.548124418611855 
1828	 0.548372729771759 
1829	 0.548640995537039 
1830	 0.548926427053797 
1831	 0.549212860831441 
1832	 0.54952335017262 
1833	 0.549862019210724 
1834	 0.550198061443207 
1835	 0.55054354153107 
1836	 0.550912159328995 
1837	 0.551283182124355 
1838	 0.551667870713964 
1839	 0.552045114662946 
1840	 0.552394969476861 
1841	 0.552727015912101 
1842	 0.553019764208874 
1843	 0.553293638444808 
1844	 0.553590873559814 
1845	 0.553889080894685 
1846	 0.554170271173179 
1847	 0.554445597953731 
1848	 0.554707507995285 
1849	 0.554963301065568 
1850	 0.555200432693779 
1851	 0.555414807699798 
1852	 0.555622231174654 
1853	 0.555780024819295 
1854	 0.555891756943992 
1855	 0.556012730166618 
1856	 0.556112146263614 
1857	 0.556156580859787 
1858	 0.556180352164363 
1859	 0.556160403256879 
1860	 0.556092039911404 
1861	 0.555967229028362 
1862	 0.55582413410191 
1863	 0.555661627370695 
1864	 0.555463492284337 
1865	 0.555233477203321 
1866	 0.554941959513747 
1867	 0.554614102167246 
1868	 0.554231158078485 
1869	 0.553795446923467 
1870	 0.553295607707129 
1871	 0.552752063326611 
1872	 0.552157782866634 
1873	 0.551480248656423 
1874	 0.550721626576185 
1875	 0.549886433861204 
1876	 0.549006295000559 
1877	 0.54804822783091 
1878	 0.547050340958084 
1879	 0.545925384362826 
1880	 0.544766263294907 
1881	 0.543422006580336 
1882	 0.541948634879556 
1883	 0.540327202271772 
1884	 0.538561524783892 
1885	 0.536657546819457 
1886	 0.534623446139237 
1887	 0.532446677610001 
1888	 0.530143421714041 
1889	 0.52770025204943 
1890	 0.525123737477719 
1891	 0.522353698944291 
1892	 0.519545134036015 
1893	 0.516602394465513 
1894	 0.513575901971729 
1895	 0.510542019734119 
1896	 0.507496637132081 
1897	 0.504454680610411 
1898	 0.50136801096521 
1899	 0.498350955657249 
1900	 0.495305891636411 
1901	 0.492368132600997 
1902	 0.489464442627066 
1903	 0.486669316864548 
1904	 0.483962277219632 
1905	 0.481329476693018 
1906	 0.478794180735142 
1907	 0.476378375794404 
1908	 0.474059823324222 
1909	 0.471830601167903 
1910	 0.469728905944167 
1911	 0.467732566328048 
1912	 0.465863617765719 
1913	 0.464121402564803 
1914	 0.462483996362309 
1915	 0.460966261122164 
1916	 0.459563946633314 
1917	 0.458267075416184 
1918	 0.457068091740893 
1919	 0.456008516136321 
1920	 0.455082910146227 
1921	 0.454247910291502 
1922	 0.453553324671276 
1923	 0.452924962995209 
1924	 0.452384302533421 
1925	 0.451943102493795 
1926	 0.451595698078796 
1927	 0.451348721251953 
1928	 0.451175704954399 
1929	 0.451114380134586 
1930	 0.451082182672287 
1931	 0.451121270588194 
1932	 0.451212870626027 
1933	 0.451366770112703 
1934	 0.451568427478427 
1935	 0.451830894753181 
1936	 0.452143291013666 
1937	 0.452521105427239 
1938	 0.452924945160332 
1939	 0.453378608523917 
1940	 0.453874657802906 
1941	 0.454391264917579 
1942	 0.454928763277517 
1943	 0.455514446994149 
1944	 0.456157228213433 
1945	 0.456794371898785 
1946	 0.457474074490014 
1947	 0.458144864361266 
1948	 0.458832223225479 
1949	 0.459504982237556 
1950	 0.460184320129969 
1951	 0.460849490944367 
1952	 0.461512663673369 
1953	 0.462172709584323 
1954	 0.462806852373567 
1955	 0.463438284741879 
1956	 0.464043728239305 
1957	 0.464613093239883 
1958	 0.465186751596831 
1959	 0.465753995661276 
1960	 0.466308769951905 
1961	 0.466832273040167 
1962	 0.467379310381775 
1963	 0.46793131242405 
1964	 0.46847144697002 
1965	 0.469047440650936 
1966	 0.469638318719368 
1967	 0.47025930360374 
1968	 0.470887507062368 
1969	 0.471566245890948 
1970	 0.472296209052962 
1971	 0.473031281433314 
1972	 0.473809206628565 
1973	 0.474586110634947 
1974	 0.475383968688467 
1975	 0.476174138183885 
1976	 0.476969266763823 
1977	 0.477770402058399 
1978	 0.478580282547519 
1979	 0.479416104214282 
1980	 0.480203287452796 
1981	 0.480989975501864 
1982	 0.481750355172159 
1983	 0.482461148588173 
1984	 0.483180498215379 
1985	 0.483901544486674 
1986	 0.484607287624235 
1987	 0.485300692011172 
1988	 0.485977559562851 
1989	 0.486651218913293 
1990	 0.487315018951018 
1991	 0.487972052230785 
1992	 0.488628105287197 
1993	 0.489261093823877 
1994	 0.489902806237592 
1995	 0.490491164319942 
1996	 0.491044181629815 
1997	 0.49157779967758 
1998	 0.492093018728876 
1999	 0.492556944022461 
2000	 0.49299731414843 
2001	 0.493396594483571 
2002	 0.493734192129897 
2003	 0.494026273597863 
2004	 0.494237568980877 
2005	 0.494401433264237 
2006	 0.494478020058433 
2007	 0.494458854164596 
2008	 0.494396061277917 
2009	 0.494261192873465 
2010	 0.494075008388928 
2011	 0.493840240887544 
2012	 0.493534759359516 
2013	 0.493151905517672 
2014	 0.492723660444879 
2015	 0.492251077118158 
2016	 0.491705195572086 
2017	 0.491147214240343 
2018	 0.490559964356184 
2019	 0.489925889666572 
2020	 0.489243987611139 
2021	 0.488536780901064 
2022	 0.487792898176652 
2023	 0.48701273346788 
2024	 0.486187653126692 
2025	 0.485348315599348 
2026	 0.484469322826987 
2027	 0.483580778025382 
2028	 0.48266311057561 
2029	 0.481739564846276 
2030	 0.480756312208075 
2031	 0.479729382180525 
2032	 0.478676613126434 
2033	 0.477592064525066 
2034	 0.476461960287726 
2035	 0.475299872263788 
2036	 0.474095912087327 
2037	 0.472828582564379 
2038	 0.471549176432664 
2039	 0.470236186154953 
2040	 0.468907271647754 
2041	 0.46754926786978 
2042	 0.466151894868648 
2043	 0.464744285291133 
2044	 0.46330616849242 
2045	 0.461859809793773 
2046	 0.460392748367575 
2047	 0.458920740083825 
2048	 0.457416977092277 
2049	 0.455936170447593 
2050	 0.454451605868618 
2051	 0.452978358710364 
2052	 0.451510174406302 
2053	 0.45005800760528 
2054	 0.448606704828811 
2055	 0.447172154176916 
2056	 0.445778102435222 
2057	 0.44441693366704 
2058	 0.443058760779493 
2059	 0.441729274421543 
2060	 0.440413158307945 
2061	 0.439109673619543 
2062	 0.437819184162175 
2063	 0.436545013653861 
2064	 0.43528811132783 
2065	 0.434041210324233 
2066	 0.432814649464603 
2067	 0.431603622297908 
2068	 0.43043059538143 
2069	 0.429245348469216 
2070	 0.428084526655388 
2071	 0.42698027869291 
2072	 0.425889201188713 
2073	 0.424886496318814 
2074	 0.423946275952392 
2075	 0.423061625500085 
2076	 0.422232526221575 
2077	 0.421470381594237 
2078	 0.420784267151506 
2079	 0.420133814924437 
2080	 0.41954663335527 
2081	 0.419006217770527 
2082	 0.41852168410382 
2083	 0.418067619387878 
2084	 0.417660209464385 
2085	 0.417300824046579 
2086	 0.416961224938898 
2087	 0.416635451846381 
2088	 0.416327677191051 
2089	 0.416056482066846 
2090	 0.415772917860566 
2091	 0.415499935050912 
2092	 0.415221366194452 
2093	 0.414933925223753 
2094	 0.414668628953834 
2095	 0.414417991349805 
2096	 0.414170195042462 
2097	 0.413919158181288 
2098	 0.413697501702035 
2099	 0.413468270954496 
2100	 0.413271621652143 
2101	 0.413158153464616 
2102	 0.413077019035097 
2103	 0.413044033067227 
2104	 0.413071471563389 
2105	 0.413127826667875 
2106	 0.413238591795389 
2107	 0.41335228256048 
2108	 0.41350185033403 
2109	 0.413667094270687 
2110	 0.413823741462693 
2111	 0.41404002584651 
2112	 0.414324727082163 
2113	 0.414606446562343 
2114	 0.414911258835543 
2115	 0.415238054178016 
2116	 0.415602148589519 
2117	 0.415964193249052 
2118	 0.416347937778072 
2119	 0.416742227312 
2120	 0.417126566450255 
2121	 0.417485854032056 
2122	 0.417888710808161 
2123	 0.418336804209523 
2124	 0.418738824306339 
2125	 0.419141139792546 
2126	 0.41953160920282 
2127	 0.419910018054587 
2128	 0.420256533341369 
2129	 0.420615144490613 
2130	 0.420916583863212 
2131	 0.421151393027884 
2132	 0.421377943847728 
2133	 0.421562746259842 
2134	 0.421761637653578 
2135	 0.421905944208702 
2136	 0.422050248609791 
2137	 0.42221870590238 
2138	 0.422400564578756 
2139	 0.422641306767301 
2140	 0.422917892812758 
2141	 0.423264637814977 
2142	 0.423658908785075 
2143	 0.424103174915859 
2144	 0.424637153463385 
2145	 0.425166402059037 
2146	 0.42576137153575 
2147	 0.426321376413683 
2148	 0.426930916867029 
2149	 0.427459813124532 
2150	 0.427968484681223 
2151	 0.428408720009015 
2152	 0.428762456506781 
2153	 0.429095379444241 
2154	 0.429359431602907 
2155	 0.429596597292668 
2156	 0.429793956403279 
2157	 0.429922179393243 
2158	 0.43010603707462 
2159	 0.430253622316878 
2160	 0.430459818161991 
2161	 0.430679758363133 
2162	 0.430971133879164 
2163	 0.431285515744945 
2164	 0.431677441586387 
2165	 0.432152062200091 
2166	 0.432674335020975 
2167	 0.43325545953935 
2168	 0.433871980846259 
2169	 0.434573313698999 
2170	 0.435281558416269 
2171	 0.436010276636279 
2172	 0.436803658245907 
2173	 0.437599963116297 
2174	 0.438363719185997 
2175	 0.439135870521207 
2176	 0.439867228259147 
2177	 0.440514360401245 
2178	 0.441110092222964 
2179	 0.441660655975883 
2180	 0.442118919083559 
2181	 0.442576389109464 
2182	 0.442993352985582 
2183	 0.443408723375359 
2184	 0.443791688405868 
2185	 0.444171295099885 
2186	 0.444524468243173 
2187	 0.44490575234924 
2188	 0.445264265614319 
2189	 0.445650117640239 
2190	 0.446065756165107 
2191	 0.446499388915635 
2192	 0.446949298139039 
2193	 0.447432080517033 
2194	 0.447901260267943 
2195	 0.448356786693693 
2196	 0.448760737552141 
2197	 0.449119884711838 
2198	 0.449416701977924 
2199	 0.449654351064026 
2200	 0.44987582692401 
2201	 0.450022524177073 
2202	 0.450200515231065 
2203	 0.450357812150876 
2204	 0.450530402274587 
2205	 0.450633833024941 
2206	 0.450884783895133 
2207	 0.451160451023816 
2208	 0.451570713272382 
2209	 0.452138584797156 
2210	 0.452718162303003 
2211	 0.453408199365522 
2212	 0.454084841184161 
2213	 0.454794740017055 
2214	 0.455523191103704 
2215	 0.45627397859377 
2216	 0.457059512414333 
2217	 0.457834037732394 
2218	 0.458590878368208 
2219	 0.459211621580243 
2220	 0.459788260283039 
2221	 0.460255883661322 
2222	 0.460617521202951 
2223	 0.460897711989265 
2224	 0.461074313606677 
2225	 0.461209556384143 
2226	 0.461277538178505 
2227	 0.461233906782274 
2228	 0.461159634551785 
2229	 0.460899859851698 
2230	 0.460458577694111 
2231	 0.459965599813163 
2232	 0.45938419380469 
2233	 0.458648760888493 
2234	 0.457804961219643 
2235	 0.456825062941924 
2236	 0.455654061465504 
2237	 0.454424010260789 
2238	 0.453107344748425 
2239	 0.451665484361273 
2240	 0.45006265491952 
2241	 0.448424212595524 
2242	 0.446684155364075 
2243	 0.444849796080113 
2244	 0.443010308942783 
2245	 0.441146601975048 
2246	 0.439268070203864 
2247	 0.437381652338314 
2248	 0.435512376430593 
2249	 0.433640523040957 
2250	 0.431800540265586 
2251	 0.429971952040535 
2252	 0.428165558908211 
2253	 0.426392823483679 
2254	 0.424622451518722 
2255	 0.422878878316033 
2256	 0.421104519687815 
2257	 0.419338362873892 
2258	 0.417559410445024 
2259	 0.415729179853122 
2260	 0.413961625478097 
2261	 0.4122310257776 
2262	 0.410490423679857 
2263	 0.40874037449313 
2264	 0.407062572308336 
2265	 0.405340545094857 
2266	 0.40376492589045 
2267	 0.402251777434447 
2268	 0.400894547406221 
2269	 0.399630665217135 
2270	 0.398551363263546 
2271	 0.397709108895344 
2272	 0.396910124902165 
2273	 0.39621624759333 
2274	 0.395706122236791 
2275	 0.395232758561544 
2276	 0.394752135107631 
2277	 0.39446004809603 
2278	 0.394151016216621 
2279	 0.393783409288671 
2280	 0.393440623317904 
2281	 0.393048838823172 
2282	 0.392599427265814 
2283	 0.392112416189089 
2284	 0.391624468258978 
2285	 0.391059618132811 
2286	 0.390359398098621 
2287	 0.389771687727674 
2288	 0.389178536551797 
2289	 0.388626599829929 
2290	 0.38814821932315 
2291	 0.387620922100221 
2292	 0.387042822113457 
2293	 0.386572185457545 
2294	 0.386119365105828 
2295	 0.385730648348873 
2296	 0.385442111331983 
2297	 0.385165148228576 
2298	 0.384919800456507 
2299	 0.384706525868203 
2300	 0.384591098328398 
2301	 0.384414197173893 
2302	 0.384227342728546 
2303	 0.384043778325625 
2304	 0.38385380687953 
2305	 0.383632566437544 
2306	 0.383446874663799 
2307	 0.383182336394101 
2308	 0.382904740449165 
2309	 0.382504185147221 
2310	 0.382057881964097 
2311	 0.381464339298927 
2312	 0.380632731319329 
2313	 0.379853617680179 
2314	 0.379028144897849 
2315	 0.378131998077858 
2316	 0.377262526705985 
2317	 0.376427670333459 
2318	 0.37553042066035 
2319	 0.374550704916127 
2320	 0.373680935204253 
2321	 0.372825770826648 
2322	 0.372018810908605 
2323	 0.371252360457983 
2324	 0.370548561840875 
2325	 0.369863386103429 
2326	 0.369281363729764 
2327	 0.368832981205494 
2328	 0.368309383511756 
2329	 0.367812501930403 
2330	 0.36733027868926 
2331	 0.366827533451568 
2332	 0.366358689177517 
2333	 0.365993821285937 
2334	 0.365487957912568 
2335	 0.364838172889147 
2336	 0.364371153435591 
2337	 0.363776019605128 
2338	 0.363554259274097 
2339	 0.363738709641292 
2340	 0.363703919987489 
2341	 0.363724856742211 
2342	 0.363845236681896 
2343	 0.363851023931112 
2344	 0.364087633222578 
2345	 0.364682331671337 
2346	 0.365101262015712 
2347	 0.365495675076671 
2348	 0.365936239345537 
2349	 0.366424085945728 
2350	 0.366819063849776 
2351	 0.36726898446296 
2352	 0.367576661680924 
2353	 0.367634361590773 
2354	 0.367859523680573 
2355	 0.368027388249259 
2356	 0.368343069734471 
2357	 0.36880974934171 
2358	 0.369294631342781 
2359	 0.369983672431841 
2360	 0.370493095057516 
2361	 0.370930856121201 
2362	 0.371383252703618 
2363	 0.371582867503188 
2364	 0.372056714055569 
2365	 0.372859730799736 
2366	 0.373451443870729 
2367	 0.374052817645586 
2368	 0.374673810461397 
2369	 0.375108509515415 
2370	 0.375634561586926 
2371	 0.376482257562375 
2372	 0.377005347659522 
2373	 0.377173147066323 
2374	 0.377573080930431 
2375	 0.377872341551914 
2376	 0.378278663787003 
2377	 0.379037481470608 
2378	 0.379613294778391 
2379	 0.380219817357728 
2380	 0.380516883218147 
2381	 0.380814242312864 
2382	 0.381060529285954 
2383	 0.381302547653104 
2384	 0.381714645092883 
2385	 0.382252027099987 
2386	 0.382615256842711 
2387	 0.382852999241611 
2388	 0.383049932424864 
2389	 0.38303806739729 
2390	 0.383340097897353 
2391	 0.383898577737981 
2392	 0.384213266638039 
2393	 0.384665857712166 
2394	 0.385199350235924 
2395	 0.385536493625518 
2396	 0.385987781591627 
2397	 0.386216446832322 
2398	 0.386200648471871 
2399	 0.386104370127513 
2400	 0.385973295117212 
2401	 0.386232435289221 
2402	 0.38624859979936 
2403	 0.386090533184673 
2404	 0.385986839046856 
2405	 0.385564966594323 
2406	 0.385104434147823 
2407	 0.384491776052522 
2408	 0.384052039645 
2409	 0.383642640266586 
2410	 0.383077557785749 
2411	 0.382979332568053 
2412	 0.38277824054393 
2413	 0.382263990238142 
2414	 0.382079942306365 
2415	 0.381705816207923 
2416	 0.380917203382945 
2417	 0.380414100991851 
2418	 0.379815305144341 
2419	 0.379278067189922 
2420	 0.378961151114219 
2421	 0.378194432633795 
2422	 0.377559531131991 
2423	 0.376924366368649 
2424	 0.375879327043905 
2425	 0.374916178284643 
2426	 0.37381396395229 
2427	 0.372638902824555 
2428	 0.371782410816853 
2429	 0.371045368883907 
2430	 0.370121889567253 
2431	 0.368775224176232 
2432	 0.367320046556269 
2433	 0.365944788144692 
2434	 0.364490699347541 
2435	 0.363313275525546 
2436	 0.362264250955303 
2437	 0.361092579310337 
2438	 0.359911336818931 
2439	 0.358446899728941 
2440	 0.356670364196233 
2441	 0.355132342033855 
2442	 0.35392402786493 
2443	 0.352677389217084 
2444	 0.351495163317132 
2445	 0.349979229256103 
2446	 0.347991471038009 
2447	 0.34623174165652 
2448	 0.344765973642174 
2449	 0.343448367385607 
2450	 0.341871388256609 
2451	 0.340339548161333 
2452	 0.338730567222616 
2453	 0.336406700090764 
2454	 0.334600470042315 
2455	 0.333136393281573 
2456	 0.331285280323573 
2457	 0.32995211625323 
2458	 0.328459373633672 
2459	 0.326300531526662 
2460	 0.324696329458887 
2461	 0.32394932371604 
2462	 0.32252564388101 
2463	 0.320808101806551 
2464	 0.319320629016617 
2465	 0.317403937259545 
2466	 0.315931268374959 
2467	 0.314867447103963 
2468	 0.314081117277951 
2469	 0.313872652677229 
2470	 0.312845438235673 
2471	 0.311823530597977 
2472	 0.310656596608866 
2473	 0.308665808226309 
2474	 0.307189265803358 
2475	 0.305873425605072 
2476	 0.304877448410303 
2477	 0.30408886902878 
2478	 0.303731852951027 
2479	 0.303913036898377 
2480	 0.303559484659936 
2481	 0.303757664485076 
2482	 0.303364612848167 
2483	 0.302002368990765 
2484	 0.302031651106 
2485	 0.302320837581696 
2486	 0.302544193749875 
2487	 0.304490614154585 
2488	 0.305293911883469 
2489	 0.304538972764619 
2490	 0.306889774038663 
2491	 0.306759100464147 
2492	 0.304872240667038 
2493	 0.306307828809548 
2494	 0.309510176917975 
2495	 0.311888758000856 
2496	 0.313620584573364 
2497	 0.316881261934526 
2498	 0.316390370090912 
2499	 0.312133793530034 
2500	 0.310302399255923 
