Wavelength	C:\Documents and Settings\All Users\Application Data\ASD\Indico Pro\Projects\McBeth_080818\#15.txt
350	 0.116571663927407 
351	 0.114504245555739 
352	 0.113776425514723 
353	 0.11291895328679 
354	 0.110856943497823 
355	 0.106354416625136 
356	 0.101672144596785 
357	 9.90777247628654E-02 
358	 9.88723974201216E-02 
359	 9.70754124226327E-02 
360	 9.51305590498481E-02 
361	 9.33526017347982E-02 
362	 9.17639938113458E-02 
363	 9.10684329061867E-02 
364	 9.06519160590919E-02 
365	 8.97362365611349E-02 
366	 8.76214365723565E-02 
367	 8.94434829918713E-02 
368	 0.087891886099553 
369	 8.12250765862639E-02 
370	 0.085957494954496 
371	 8.44902220969537E-02 
372	 8.03278728316522E-02 
373	 8.22181943810725E-02 
374	 0.08134839378903 
375	 8.18450359796022E-02 
376	 8.34675672984447E-02 
377	 8.18172877555069E-02 
378	 8.11070851169291E-02 
379	 0.080268856546876 
380	 7.88262002005913E-02 
381	 7.96424663708392E-02 
382	 7.96755964349939E-02 
383	 7.94286309237792E-02 
384	 8.00440964660002E-02 
385	 7.95310179484587E-02 
386	 7.88295429102115E-02 
387	 7.82012004906272E-02 
388	 7.72429509636675E-02 
389	 7.66094794868526E-02 
390	 7.58841133553834E-02 
391	 7.50886564791257E-02 
392	 7.55752010361724E-02 
393	 7.54033130476207E-02 
394	 7.47693988087748E-02 
395	 7.44255959795274E-02 
396	 7.40372533825746E-02 
397	 7.37896043534463E-02 
398	 7.33845967393396E-02 
399	 7.22458183446818E-02 
400	 7.22182208773776E-02 
401	 7.24705025268948E-02 
402	 7.21907632473841E-02 
403	 7.13564275004638E-02 
404	 7.15051053182273E-02 
405	 7.14298192986119E-02 
406	 6.98422800487924E-02 
407	 7.00155627857514E-02 
408	 7.01759169709448E-02 
409	 6.99025418542551E-02 
410	 7.01407637251404E-02 
411	 6.97961935383916E-02 
412	 6.95823426576714E-02 
413	 6.97782415052024E-02 
414	 6.89676605994289E-02 
415	 6.86109936155701E-02 
416	 6.86575395661478E-02 
417	 6.85251958015936E-02 
418	 6.82265276768318E-02 
419	 6.77663699679996E-02 
420	 6.74064073329093E-02 
421	 6.76248532761456E-02 
422	 6.75966287256762E-02 
423	 6.71191604294269E-02 
424	 6.64932444317515E-02 
425	 6.70301673370189E-02 
426	 6.70376663238002E-02 
427	 6.67065634514289E-02 
428	 6.69468353401802E-02 
429	 6.67741147914596E-02 
430	 0.06646084913565 
431	 6.62866244408645E-02 
432	 6.63901489480438E-02 
433	 6.63456531525948E-02 
434	 6.63666776233068E-02 
435	 6.66063847740913E-02 
436	 6.64711382852298E-02 
437	 6.60173747003543E-02 
438	 6.57594865690818E-02 
439	 6.63098096518454E-02 
440	 6.60175739242104E-02 
441	 6.57019790470039E-02 
442	 6.58675977417963E-02 
443	 0.065887403498303 
444	 6.57562939158975E-02 
445	 0.065543795052928 
446	 6.53713638522214E-02 
447	 0.065356576010682 
448	 6.54381074536591E-02 
449	 6.54681366261142E-02 
450	 0.06526083002425 
451	 6.54064967136701E-02 
452	 6.55263074334035E-02 
453	 6.53143977962395E-02 
454	 6.51003757345964E-02 
455	 6.49847220673214E-02 
456	 6.49138898384204E-02 
457	 6.47814752325918E-02 
458	 0.064773127766139 
459	 6.47581874889422E-02 
460	 6.46510719217144E-02 
461	 6.44627064786348E-02 
462	 6.43733079959313E-02 
463	 6.43769775838995E-02 
464	 6.43749514767467E-02 
465	 6.41295578303049E-02 
466	 6.40182695060271E-02 
467	 6.40503223838307E-02 
468	 0.063961638326919 
469	 0.063694691192357 
470	 6.35171362530575E-02 
471	 6.35213932271678E-02 
472	 6.33309139078158E-02 
473	 6.33293262349526E-02 
474	 6.32993992104584E-02 
475	 6.29365104620315E-02 
476	 6.27360540298787E-02 
477	 6.27690903675102E-02 
478	 6.28716284240202E-02 
479	 6.26726559220082E-02 
480	 6.25479286209848E-02 
481	 6.24301033854786E-02 
482	 6.22528089866176E-02 
483	 6.22620269668044E-02 
484	 6.23114461402643E-02 
485	 6.23488373253788E-02 
486	 0.062361255852828 
487	 6.21065269170311E-02 
488	 6.20291698620096E-02 
489	 6.22331864445725E-02 
490	 6.20752020350083E-02 
491	 6.22092780909965E-02 
492	 6.23092587800242E-02 
493	 6.19745650129891E-02 
494	 0.06209208591327 
495	 6.21601865556724E-02 
496	 6.20648806663824E-02 
497	 6.21290137403555E-02 
498	 6.21859338011853E-02 
499	 6.23205726398213E-02 
500	 6.25453784178694E-02 
501	 6.25030563867761E-02 
502	 6.27496945099056E-02 
503	 6.31288787242505E-02 
504	 6.31853456670125E-02 
505	 6.35882305741581E-02 
506	 6.39601990782602E-02 
507	 6.41391572712437E-02 
508	 6.45020036063471E-02 
509	 6.49104274188825E-02 
510	 6.53389784157817E-02 
511	 6.57773686633554E-02 
512	 6.61572813102322E-02 
513	 6.65160112293292E-02 
514	 0.066858985735265 
515	 6.71553593038933E-02 
516	 6.73088014546579E-02 
517	 6.74796737170771E-02 
518	 6.77642570965983E-02 
519	 6.79355605882143E-02 
520	 6.81161875773797E-02 
521	 6.83257873145113E-02 
522	 6.85149504553051E-02 
523	 6.85399674160563E-02 
524	 6.85887051519495E-02 
525	 6.87434762169825E-02 
526	 6.88566007560125E-02 
527	 6.88307193071089E-02 
528	 0.068786049410494 
529	 6.88662199666999E-02 
530	 6.89362666433446E-02 
531	 6.89058740346452E-02 
532	 6.88071797256544E-02 
533	 6.87857721412155E-02 
534	 6.87529828393946E-02 
535	 6.87299456516416E-02 
536	 6.87177242530173E-02 
537	 0.068589810210302 
538	 6.84743013286519E-02 
539	 6.83865571274749E-02 
540	 6.82749553610469E-02 
541	 6.81376456668662E-02 
542	 6.80218869672751E-02 
543	 6.79273342243483E-02 
544	 6.77389727838344E-02 
545	 6.76984663721418E-02 
546	 6.77172807416565E-02 
547	 6.76322185361161E-02 
548	 6.75932664522089E-02 
549	 6.76091679123716E-02 
550	 6.76277200040647E-02 
551	 6.75414450967041E-02 
552	 6.75839908738768E-02 
553	 6.76993407967487E-02 
554	 6.77954612500689E-02 
555	 6.79096865106302E-02 
556	 6.80755235460983E-02 
557	 6.82968919559466E-02 
558	 6.85560648087832E-02 
559	 6.88486842823576E-02 
560	 6.92077343909203E-02 
561	 6.96485198515607E-02 
562	 7.01368205739834E-02 
563	 7.06834920867007E-02 
564	 7.12756347319734E-02 
565	 7.19035186296467E-02 
566	 7.26249205010486E-02 
567	 7.34517969714978E-02 
568	 7.43809503173492E-02 
569	 7.53964754307305E-02 
570	 7.64518533127429E-02 
571	 0.077588771050652 
572	 0.078853689970051 
573	 8.02122623257822E-02 
574	 8.16814276640877E-02 
575	 8.32555742164423E-02 
576	 8.49183413612128E-02 
577	 8.67962578974567E-02 
578	 0.088772862233147 
579	 9.07809634518748E-02 
580	 9.29632691891863E-02 
581	 9.52810135984595E-02 
582	 9.77814689355249E-02 
583	 0.100523084895566 
584	 0.103376143040327 
585	 0.106518940286429 
586	 0.10999790098285 
587	 0.11363642482685 
588	 0.117609050000872 
589	 0.121869832432571 
590	 0.126381148597553 
591	 0.131406305822339 
592	 0.136736228636053 
593	 0.142366796093494 
594	 0.148474442985801 
595	 0.154843359392768 
596	 0.161622130397277 
597	 0.16892326215785 
598	 0.176606301358461 
599	 0.184642569501438 
600	 0.193087854091087 
601	 0.20203133268765 
602	 0.21133326486894 
603	 0.221050145094418 
604	 0.231215825964423 
605	 0.241788058184415 
606	 0.252730010743125 
607	 0.264033593927724 
608	 0.275698990687726 
609	 0.287686825250391 
610	 0.299978399158416 
611	 0.312511364546642 
612	 0.325170060659165 
613	 0.338011318796297 
614	 0.350909471666049 
615	 0.363757561037139 
616	 0.376627685784726 
617	 0.389271371420048 
618	 0.401648446110142 
619	 0.413831108904927 
620	 0.425806336880195 
621	 0.437345776789402 
622	 0.448358172316124 
623	 0.459084439240316 
624	 0.469375861936928 
625	 0.47911037955739 
626	 0.488238876782012 
627	 0.497009678359897 
628	 0.5052142269488 
629	 0.512819521669455 
630	 0.519980219602621 
631	 0.526723550585212 
632	 0.533021016332287 
633	 0.53884244698963 
634	 0.544233776241022 
635	 0.549243855396463 
636	 0.553907365265834 
637	 0.558255893259011 
638	 0.562276951918326 
639	 0.566007122591658 
640	 0.569486437266344 
641	 0.572739937545883 
642	 0.575691434358047 
643	 0.578432244413162 
644	 0.581067225083354 
645	 0.583435261113086 
646	 0.585672189016984 
647	 0.587831662909159 
648	 0.589867410994975 
649	 0.59171409328784 
650	 0.593444361551334 
651	 0.595116846344052 
652	 0.596650370374456 
653	 0.598191224891378 
654	 0.599667952841424 
655	 0.600917197749108 
656	 0.602133526230614 
657	 0.603244026945999 
658	 0.604220774558011 
659	 0.605160608382851 
660	 0.605966994700147 
661	 0.606674900192019 
662	 0.607341729506684 
663	 0.607926082268931 
664	 0.608445431527271 
665	 0.608932567691867 
666	 0.609429051577121 
667	 0.60992516988816 
668	 0.61039497745361 
669	 0.610843052412815 
670	 0.611364886865338 
671	 0.611872235021968 
672	 0.612340985760581 
673	 0.612788606772487 
674	 0.613276725580728 
675	 0.613803860591211 
676	 0.614361024575785 
677	 0.614936366597523 
678	 0.615543303493761 
679	 0.616143033416486 
680	 0.616712410110608 
681	 0.617337683997494 
682	 0.617962142331463 
683	 0.618573785892323 
684	 0.619202439571571 
685	 0.619919558161497 
686	 0.620664154985667 
687	 0.621388258464562 
688	 0.622110371983032 
689	 0.622813461722348 
690	 0.623501254898196 
691	 0.624187567907142 
692	 0.624904438293832 
693	 0.625600361071899 
694	 0.62623849531508 
695	 0.626808119334738 
696	 0.627350039416997 
697	 0.627900430001583 
698	 0.628471440169814 
699	 0.629015926086516 
700	 0.629533340773144 
701	 0.630047199588662 
702	 0.630583247334394 
703	 0.631070633094895 
704	 0.631546458488781 
705	 0.632060331703815 
706	 0.632664879350737 
707	 0.633157610645002 
708	 0.633639301823021 
709	 0.634208545341141 
710	 0.634639486740219 
711	 0.635106779093273 
712	 0.635616716897898 
713	 0.636065199378211 
714	 0.636496569458033 
715	 0.636950567716015 
716	 0.637424101445569 
717	 0.637837452870645 
718	 0.638307968212691 
719	 0.638792977131737 
720	 0.63921717426533 
721	 0.639609808470213 
722	 0.6399936032319 
723	 0.640384303594063 
724	 0.640787287274717 
725	 0.641179512719881 
726	 0.641564321139212 
727	 0.641942612720739 
728	 0.64229616888312 
729	 0.642718834571808 
730	 0.643118070290993 
731	 0.64338822638033 
732	 0.643733607101645 
733	 0.644149367553502 
734	 0.644586790986838 
735	 0.644970308999908 
736	 0.645357536501195 
737	 0.645748730281215 
738	 0.646129137071963 
739	 0.646466600308818 
740	 0.646844296913192 
741	 0.647259266777735 
742	 0.647666276513694 
743	 0.648007671680952 
744	 0.648358246181189 
745	 0.648753973499074 
746	 0.649177934413379 
747	 0.649585030865759 
748	 0.649972997633608 
749	 0.650345136634209 
750	 0.650695620478687 
751	 0.650998394202115 
752	 0.651280386034534 
753	 0.651587418335554 
754	 0.651928006731727 
755	 0.652235491599545 
756	 0.65251275982896 
757	 0.65283416141277 
758	 0.653123727076129 
759	 0.653389346350295 
760	 0.653656292927719 
761	 0.653952520911009 
762	 0.654261207502847 
763	 0.654561364710417 
764	 0.654845345440967 
765	 0.655196841952034 
766	 0.655480811186326 
767	 0.655685279389834 
768	 0.655922015603054 
769	 0.656142971146064 
770	 0.656373703748518 
771	 0.656629093378476 
772	 0.65688086355396 
773	 0.657117837665807 
774	 0.657341544933316 
775	 0.657550584786144 
776	 0.657686396229562 
777	 0.657890710577236 
778	 0.658172201124539 
779	 0.658421915588198 
780	 0.658582458675464 
781	 0.658757815120219 
782	 0.659003130417025 
783	 0.65924730704857 
784	 0.659426956858609 
785	 0.659590173540217 
786	 0.659796260249068 
787	 0.659994013967353 
788	 0.66023471861947 
789	 0.660477289979347 
790	 0.660638618965526 
791	 0.660813271965956 
792	 0.660952471678093 
793	 0.661060762090307 
794	 0.66122873368127 
795	 0.661428503863344 
796	 0.661622790961883 
797	 0.661789902516189 
798	 0.661966600956662 
799	 0.66207262426922 
800	 0.662169007522065 
801	 0.662347035346145 
802	 0.662486259524026 
803	 0.662648149855638 
804	 0.662818710944631 
805	 0.662914982520858 
806	 0.662998535987929 
807	 0.663144583753875 
808	 0.663355726585317 
809	 0.663506155475528 
810	 0.663598488083511 
811	 0.663693952178779 
812	 0.663848199708438 
813	 0.664025848666988 
814	 0.664173692976889 
815	 0.664289365071326 
816	 0.664399261909825 
817	 0.664491181419614 
818	 0.664574441146035 
819	 0.664676117483284 
820	 0.664834182705669 
821	 0.664981695445816 
822	 0.66510389814695 
823	 0.665204047221935 
824	 0.665298065006802 
825	 0.665396199548271 
826	 0.665488897920506 
827	 0.665576445088932 
828	 0.665728133779344 
829	 0.665856847960322 
830	 0.665930292714653 
831	 0.665969158263644 
832	 0.666082940945797 
833	 0.666224263368704 
834	 0.666362849297826 
835	 0.666504925787178 
836	 0.666669922179438 
837	 0.666766301243942 
838	 0.666783825983564 
839	 0.666897100522561 
840	 0.667063131547255 
841	 0.667185026837265 
842	 0.667217058649279 
843	 0.667347755984072 
844	 0.667462843093276 
845	 0.667553938842273 
846	 0.667662258439225 
847	 0.667775592520575 
848	 0.667925191206486 
849	 0.668071736406384 
850	 0.668126331522889 
851	 0.668152706489875 
852	 0.668254725256192 
853	 0.668454089336831 
854	 0.668649022302499 
855	 0.668643598420069 
856	 0.668609833706533 
857	 0.668717698823772 
858	 0.668919206668829 
859	 0.669043477101825 
860	 0.669069238311368 
861	 0.669062678809752 
862	 0.669164177819189 
863	 0.66931272369425 
864	 0.669434777190623 
865	 0.669483058834606 
866	 0.669586637444966 
867	 0.669723237084774 
868	 0.669849028657014 
869	 0.669914097012463 
870	 0.669885157238449 
871	 0.66988822006795 
872	 0.670007468612256 
873	 0.670229705517448 
874	 0.670355310438488 
875	 0.670404507121666 
876	 0.670456607438623 
877	 0.670595147306747 
878	 0.670773378332587 
879	 0.670912563481153 
880	 0.670958880627599 
881	 0.670943667536587 
882	 0.671106970904026 
883	 0.671335969336383 
884	 0.671404974125392 
885	 0.671345091826365 
886	 0.671383488037253 
887	 0.671522659971799 
888	 0.671624257327286 
889	 0.671706214921954 
890	 0.671760199929939 
891	 0.67181414965 
892	 0.671922833006497 
893	 0.672080848635846 
894	 0.672250778817954 
895	 0.672324622199916 
896	 0.672150937013439 
897	 0.672169473282537 
898	 0.67231651934709 
899	 0.672442394516626 
900	 0.672438279384435 
901	 0.672467207463841 
902	 0.672508380709946 
903	 0.672529869952978 
904	 0.672581678779507 
905	 0.672639039566978 
906	 0.672686968178863 
907	 0.672714477326773 
908	 0.672701561433921 
909	 0.672808625891362 
910	 0.672957504762482 
911	 0.67300389277758 
912	 0.672944916557677 
913	 0.672972923030107 
914	 0.673114752636129 
915	 0.67328562697216 
916	 0.673374139058669 
917	 0.673316949375036 
918	 0.673256236203098 
919	 0.673410793303374 
920	 0.673674812219165 
921	 0.67380266057343 
922	 0.673754459187772 
923	 0.673688306178068 
924	 0.673828191170968 
925	 0.674042711280336 
926	 0.6742594117015 
927	 0.674479557186691 
928	 0.674480529041492 
929	 0.674444235706167 
930	 0.674529199949307 
931	 0.674773164690758 
932	 0.674944905815205 
933	 0.674938715772673 
934	 0.674837840008029 
935	 0.674906366914877 
936	 0.675090890747392 
937	 0.675259941283744 
938	 0.675338483560363 
939	 0.675362713419846 
940	 0.675412775691911 
941	 0.6755147512098 
942	 0.675663578147025 
943	 0.675824043209465 
944	 0.675769037414094 
945	 0.675664340341712 
946	 0.675696303062418 
947	 0.675915247387109 
948	 0.676052188568317 
949	 0.676047194063433 
950	 0.675976370453354 
951	 0.676039052877492 
952	 0.676024172471816 
953	 0.676114877081538 
954	 0.6763932042569 
955	 0.67660085254784 
956	 0.676687835704299 
957	 0.676682972687949 
958	 0.676657119562952 
959	 0.676695106057372 
960	 0.67679014444429 
961	 0.676912886481025 
962	 0.676974970252567 
963	 0.676814154089334 
964	 0.67671273383445 
965	 0.676762737246545 
966	 0.676879894849831 
967	 0.676785551728766 
968	 0.676807318205518 
969	 0.676718414301951 
970	 0.676483969879852 
971	 0.676577249226292 
972	 0.676828082788398 
973	 0.676994594363875 
974	 0.676964652087872 
975	 0.676865463332429 
976	 0.67660117550301 
977	 0.67648079688191 
978	 0.676683184260418 
979	 0.677052416253839 
980	 0.677098767612952 
981	 0.677024764949391 
982	 0.676950265812173 
983	 0.676747759222964 
984	 0.676973824145244 
985	 0.677106871711305 
986	 0.676980986164195 
987	 0.677001602238242 
988	 0.676998416675624 
989	 0.676992572028183 
990	 0.67708422089898 
991	 0.677361462740025 
992	 0.677447329197014 
993	 0.677362258022615 
994	 0.67733786763835 
995	 0.677586482449901 
996	 0.67737241931482 
997	 0.677431954614517 
998	 0.677739880252458 
999	 0.677789328746257 
1000	 0.677819929252857 
1001	 0.675462863913374 
1002	 0.675527035194938 
1003	 0.675606880939901 
1004	 0.67570051887084 
1005	 0.67576782211474 
1006	 0.675815883496702 
1007	 0.675890935679576 
1008	 0.675985196226052 
1009	 0.676104248349764 
1010	 0.676250360143372 
1011	 0.676371909739457 
1012	 0.676498934351887 
1013	 0.67660566108903 
1014	 0.676682243377789 
1015	 0.676752065364995 
1016	 0.676848104540946 
1017	 0.676941367706619 
1018	 0.677063605381829 
1019	 0.677196740348684 
1020	 0.677354743904026 
1021	 0.677498547874059 
1022	 0.677612772972829 
1023	 0.67774266345404 
1024	 0.677864252455102 
1025	 0.677981826261051 
1026	 0.678112683941521 
1027	 0.67821075498434 
1028	 0.678332371262721 
1029	 0.678479839854445 
1030	 0.678623949318721 
1031	 0.678808818350323 
1032	 0.678957826775279 
1033	 0.679098705296047 
1034	 0.679190790814361 
1035	 0.679309390181736 
1036	 0.679435173193982 
1037	 0.679529050002272 
1038	 0.679639196862888 
1039	 0.679781760250766 
1040	 0.679875998132445 
1041	 0.679984796889798 
1042	 0.68013293677907 
1043	 0.680237268772338 
1044	 0.680313232530525 
1045	 0.680407837022364 
1046	 0.680527787237088 
1047	 0.680624806960431 
1048	 0.680706619864455 
1049	 0.680793573126015 
1050	 0.68089531885216 
1051	 0.680955419986507 
1052	 0.68101605162759 
1053	 0.681097922242279 
1054	 0.681160186251048 
1055	 0.681214870287122 
1056	 0.68127615846293 
1057	 0.681358732849813 
1058	 0.681444676991696 
1059	 0.681527003150732 
1060	 0.681609965624138 
1061	 0.681695301656984 
1062	 0.681769263793041 
1063	 0.681825156262915 
1064	 0.681915169829398 
1065	 0.682009779449818 
1066	 0.682104921803192 
1067	 0.68223502014052 
1068	 0.68236313048031 
1069	 0.682437200022475 
1070	 0.682509044228082 
1071	 0.682608277898108 
1072	 0.682694765583243 
1073	 0.682792170688408 
1074	 0.682929661196654 
1075	 0.683038705376129 
1076	 0.683131517036936 
1077	 0.683218362622196 
1078	 0.683292449714573 
1079	 0.683379738030044 
1080	 0.68345802316999 
1081	 0.683549951416467 
1082	 0.683648930343737 
1083	 0.683763653816108 
1084	 0.683903403954795 
1085	 0.684025475377671 
1086	 0.684153216532342 
1087	 0.684279493005519 
1088	 0.684389285709229 
1089	 0.684464787267557 
1090	 0.684578100552559 
1091	 0.684708722252747 
1092	 0.684830887757531 
1093	 0.684970723198162 
1094	 0.685087457926502 
1095	 0.685185664781577 
1096	 0.685282032929369 
1097	 0.685395155057378 
1098	 0.685516806742928 
1099	 0.685654079927241 
1100	 0.6857825554383 
1101	 0.685878840900562 
1102	 0.685984676192793 
1103	 0.686095115005814 
1104	 0.686203563548607 
1105	 0.68630828974185 
1106	 0.686422131114376 
1107	 0.686522792305505 
1108	 0.686600326720453 
1109	 0.6867012371012 
1110	 0.686824681564653 
1111	 0.686924505841046 
1112	 0.687023400531999 
1113	 0.687118910260845 
1114	 0.687196936215597 
1115	 0.687258989992614 
1116	 0.6873206092204 
1117	 0.687373159414918 
1118	 0.687398607102101 
1119	 0.687406531298476 
1120	 0.68741000268043 
1121	 0.687393758227282 
1122	 0.687387027046406 
1123	 0.687388876333085 
1124	 0.687363939582065 
1125	 0.687334686269669 
1126	 0.68729158920771 
1127	 0.687216471577968 
1128	 0.687153088664059 
1129	 0.687099445073538 
1130	 0.687026740695115 
1131	 0.686936822505031 
1132	 0.686850932466014 
1133	 0.686744659002745 
1134	 0.686613937209482 
1135	 0.68650061724871 
1136	 0.686382644981901 
1137	 0.686279114222564 
1138	 0.686187302479703 
1139	 0.686089903144048 
1140	 0.68599428524304 
1141	 0.685899755359733 
1142	 0.685795665351432 
1143	 0.68571041690292 
1144	 0.685638454717559 
1145	 0.685568564566981 
1146	 0.685507449707409 
1147	 0.685450138343462 
1148	 0.68540066454382 
1149	 0.685335573144451 
1150	 0.685264137653555 
1151	 0.68519800284755 
1152	 0.68513450088084 
1153	 0.68507626809935 
1154	 0.684997671501829 
1155	 0.684927531079944 
1156	 0.68482567208282 
1157	 0.684694197680679 
1158	 0.684562286037089 
1159	 0.684406229437296 
1160	 0.684267060633568 
1161	 0.684122167129618 
1162	 0.683984483057003 
1163	 0.683874281418344 
1164	 0.683738230322396 
1165	 0.68359645020375 
1166	 0.68344124424284 
1167	 0.683272079455389 
1168	 0.683073183948289 
1169	 0.68290443246552 
1170	 0.682740807365669 
1171	 0.682569273410059 
1172	 0.682414618911133 
1173	 0.682233124609025 
1174	 0.682032101642634 
1175	 0.681830633849046 
1176	 0.681621411870748 
1177	 0.681406940550223 
1178	 0.681185217962354 
1179	 0.680958225246551 
1180	 0.680725257742065 
1181	 0.680487927867055 
1182	 0.68024276452347 
1183	 0.679996415095575 
1184	 0.679746997029007 
1185	 0.679499156513918 
1186	 0.679230854454465 
1187	 0.678937226102387 
1188	 0.678685134298896 
1189	 0.678429719866916 
1190	 0.678195247921272 
1191	 0.677996096618945 
1192	 0.677790051041063 
1193	 0.677569292792542 
1194	 0.6773861727186 
1195	 0.677223791537007 
1196	 0.677078782421966 
1197	 0.676961566950544 
1198	 0.67685029360196 
1199	 0.676762924835358 
1200	 0.676671200396555 
1201	 0.676569887935229 
1202	 0.67649589321643 
1203	 0.676436175298446 
1204	 0.676381282456778 
1205	 0.676350661360031 
1206	 0.676349840653565 
1207	 0.676348711063567 
1208	 0.676358918172857 
1209	 0.676374258162968 
1210	 0.676397943540459 
1211	 0.676432887265413 
1212	 0.676464711181918 
1213	 0.676526819606721 
1214	 0.676613161179188 
1215	 0.676706057046107 
1216	 0.676834790278839 
1217	 0.676943580044988 
1218	 0.677039267453925 
1219	 0.677152338760999 
1220	 0.677263916025171 
1221	 0.677385224362642 
1222	 0.67751528398386 
1223	 0.677663787692735 
1224	 0.677809142197661 
1225	 0.67794978909611 
1226	 0.678112392563039 
1227	 0.678289222641656 
1228	 0.678470805656994 
1229	 0.678667370391218 
1230	 0.678864509035072 
1231	 0.679067069487307 
1232	 0.679272265642285 
1233	 0.679481998846468 
1234	 0.679695691475091 
1235	 0.679905781885192 
1236	 0.680134561795731 
1237	 0.680380737270061 
1238	 0.680624780811552 
1239	 0.680895297126744 
1240	 0.68114144855249 
1241	 0.681378279180501 
1242	 0.681605756536639 
1243	 0.681828848024137 
1244	 0.682034761440723 
1245	 0.682253049179092 
1246	 0.682477576783364 
1247	 0.682690759787722 
1248	 0.682903151715632 
1249	 0.683108401672082 
1250	 0.683310429490747 
1251	 0.683499053851491 
1252	 0.683668819575178 
1253	 0.683853804372412 
1254	 0.684037642543445 
1255	 0.684217818290944 
1256	 0.684414458298928 
1257	 0.684594728457683 
1258	 0.684766264506853 
1259	 0.684924050907117 
1260	 0.685068477143848 
1261	 0.685208856699532 
1262	 0.685341550841208 
1263	 0.685458052570347 
1264	 0.685580066768804 
1265	 0.685702093628376 
1266	 0.685817677619493 
1267	 0.68592814357858 
1268	 0.686033901347635 
1269	 0.686129963632606 
1270	 0.686234458269911 
1271	 0.686339864562232 
1272	 0.686442510815518 
1273	 0.686535434621997 
1274	 0.686649366320032 
1275	 0.686766042702814 
1276	 0.686893123419884 
1277	 0.687049323089677 
1278	 0.687193469685014 
1279	 0.68733746964485 
1280	 0.687471129188996 
1281	 0.687610246135625 
1282	 0.687758638550595 
1283	 0.687944189339079 
1284	 0.688147023450629 
1285	 0.688336377806536 
1286	 0.688549403854644 
1287	 0.688731725502704 
1288	 0.688880337210307 
1289	 0.689063933730381 
1290	 0.689259485257202 
1291	 0.689447924354284 
1292	 0.689653046910503 
1293	 0.689839225666466 
1294	 0.690025612427489 
1295	 0.690182983211282 
1296	 0.690326890238444 
1297	 0.690454509231177 
1298	 0.690542821760431 
1299	 0.690647433658448 
1300	 0.690761207493004 
1301	 0.690857491060813 
1302	 0.690952769510472 
1303	 0.691026198402717 
1304	 0.691104607576142 
1305	 0.691169053774416 
1306	 0.691241333707913 
1307	 0.691318362364326 
1308	 0.691370835961291 
1309	 0.69140582963078 
1310	 0.691441441627049 
1311	 0.691462023441271 
1312	 0.691489959414671 
1313	 0.691531409107994 
1314	 0.691540269193638 
1315	 0.69153610151495 
1316	 0.691525134842386 
1317	 0.691488886440873 
1318	 0.691457749199363 
1319	 0.691436978547612 
1320	 0.691389870102246 
1321	 0.691318038046631 
1322	 0.691255578572849 
1323	 0.69119909613644 
1324	 0.691116724512045 
1325	 0.691034521049717 
1326	 0.690929933462626 
1327	 0.690791451846296 
1328	 0.690626487380102 
1329	 0.690455274167327 
1330	 0.69029025075466 
1331	 0.690108825430027 
1332	 0.689924908176571 
1333	 0.689710703730929 
1334	 0.689479712146295 
1335	 0.689233693680353 
1336	 0.68897424720492 
1337	 0.68868353255351 
1338	 0.688379788737768 
1339	 0.688039258745869 
1340	 0.687660236368335 
1341	 0.68726905988574 
1342	 0.686858084786039 
1343	 0.686422602429929 
1344	 0.685962470523577 
1345	 0.68548591118189 
1346	 0.684993863626623 
1347	 0.684469280614249 
1348	 0.683925409972029 
1349	 0.683347412590546 
1350	 0.68273910188273 
1351	 0.682122670796948 
1352	 0.681493238606219 
1353	 0.680846393230329 
1354	 0.68018148118289 
1355	 0.679510918652767 
1356	 0.678839056988894 
1357	 0.678171097573013 
1358	 0.677502697630785 
1359	 0.67682618586802 
1360	 0.676179782620866 
1361	 0.675536235235803 
1362	 0.674920230092866 
1363	 0.674334327655477 
1364	 0.67375492995632 
1365	 0.673180506407164 
1366	 0.672639129564405 
1367	 0.672119553093058 
1368	 0.671625614091999 
1369	 0.671161792753435 
1370	 0.670707500973228 
1371	 0.67028069621353 
1372	 0.669852831783752 
1373	 0.669461058753362 
1374	 0.669034786228556 
1375	 0.668606306285737 
1376	 0.668150481529324 
1377	 0.667693071663335 
1378	 0.667158292469484 
1379	 0.666592782290783 
1380	 0.665903637543977 
1381	 0.664982759482979 
1382	 0.663936769024901 
1383	 0.662662820438572 
1384	 0.661255487984493 
1385	 0.659866694306324 
1386	 0.65838099569251 
1387	 0.65690288390991 
1388	 0.655356841629108 
1389	 0.653940257708642 
1390	 0.652384900736737 
1391	 0.651248483452788 
1392	 0.650291396573129 
1393	 0.649552415238396 
1394	 0.649224096826125 
1395	 0.648749472524826 
1396	 0.648436963130093 
1397	 0.648011863377174 
1398	 0.647595466781744 
1399	 0.647045971928175 
1400	 0.646555375632124 
1401	 0.645760737577984 
1402	 0.644828883806802 
1403	 0.643651130458905 
1404	 0.642220478902506 
1405	 0.640590554442364 
1406	 0.638818336043224 
1407	 0.636910757428708 
1408	 0.634907056352101 
1409	 0.632847084560043 
1410	 0.630767226961697 
1411	 0.628642326222333 
1412	 0.626514602998874 
1413	 0.624437304490919 
1414	 0.6224108764054 
1415	 0.620470188901254 
1416	 0.618655921237734 
1417	 0.616965935225219 
1418	 0.615344711044025 
1419	 0.613837219691609 
1420	 0.612353611725839 
1421	 0.610957600350711 
1422	 0.609575414077742 
1423	 0.608249789573536 
1424	 0.606919538294082 
1425	 0.605621214604301 
1426	 0.604324567049687 
1427	 0.603021710121334 
1428	 0.60175411158328 
1429	 0.600486733389106 
1430	 0.599283545982489 
1431	 0.598110105107537 
1432	 0.596993091671017 
1433	 0.595925864407785 
1434	 0.594915076390419 
1435	 0.593957313511931 
1436	 0.593041958440409 
1437	 0.592178432406663 
1438	 0.591367021131188 
1439	 0.590596956420701 
1440	 0.589864634918911 
1441	 0.589169408377052 
1442	 0.588509360471824 
1443	 0.587875205029189 
1444	 0.587278030986162 
1445	 0.586722407258563 
1446	 0.586189108806474 
1447	 0.585689008753761 
1448	 0.585214125811907 
1449	 0.584755442370231 
1450	 0.584353805597286 
1451	 0.583970368075034 
1452	 0.583624877568776 
1453	 0.583273056130949 
1454	 0.582956245897488 
1455	 0.582607554982994 
1456	 0.582249145134636 
1457	 0.581895015245436 
1458	 0.58152574871005 
1459	 0.58117918025572 
1460	 0.580837907185677 
1461	 0.580508268606118 
1462	 0.580193020663913 
1463	 0.579884881134962 
1464	 0.579587610953962 
1465	 0.579294306315088 
1466	 0.579003475322173 
1467	 0.578728464803262 
1468	 0.578463101207611 
1469	 0.578206767061986 
1470	 0.57796252456512 
1471	 0.577729870075948 
1472	 0.577500208999232 
1473	 0.577289607140242 
1474	 0.577090876124888 
1475	 0.576918520190874 
1476	 0.5767666201737 
1477	 0.576629545110656 
1478	 0.576521404261347 
1479	 0.576434544426677 
1480	 0.576374607863619 
1481	 0.576343223645392 
1482	 0.576333203556555 
1483	 0.576363427448863 
1484	 0.576416725833457 
1485	 0.576495235076374 
1486	 0.576597460354103 
1487	 0.576711958479423 
1488	 0.576856245097625 
1489	 0.577014405993899 
1490	 0.577196556566825 
1491	 0.577397410611913 
1492	 0.577611076966533 
1493	 0.577856187003702 
1494	 0.578104838106688 
1495	 0.578370657877889 
1496	 0.578651257901007 
1497	 0.578935780457147 
1498	 0.579250306718899 
1499	 0.579595601970313 
1500	 0.579945297103087 
1501	 0.580312417195887 
1502	 0.580688233549625 
1503	 0.581077364467416 
1504	 0.58147221893381 
1505	 0.58188466184012 
1506	 0.582291561813274 
1507	 0.582698032212319 
1508	 0.58311384023257 
1509	 0.583542422483635 
1510	 0.583959029517861 
1511	 0.584377615318322 
1512	 0.584789359374094 
1513	 0.585193955068435 
1514	 0.585588394871102 
1515	 0.585988635870706 
1516	 0.586368189449917 
1517	 0.586731028560575 
1518	 0.587084735368912 
1519	 0.58741535863532 
1520	 0.587748537259522 
1521	 0.588087173418641 
1522	 0.588396185171438 
1523	 0.588694460945278 
1524	 0.588980309660896 
1525	 0.589236383579503 
1526	 0.58949044906467 
1527	 0.589735545298507 
1528	 0.589978650440099 
1529	 0.59021364774264 
1530	 0.59044184557071 
1531	 0.590661490351658 
1532	 0.590871008529226 
1533	 0.591071744204623 
1534	 0.591253635563872 
1535	 0.591446134999765 
1536	 0.591634967367885 
1537	 0.59180056703642 
1538	 0.591972762969599 
1539	 0.592149409015253 
1540	 0.592314860917225 
1541	 0.592480587216978 
1542	 0.592652485137605 
1543	 0.592801972484695 
1544	 0.592956793565584 
1545	 0.593142663687971 
1546	 0.59333011159779 
1547	 0.59354024199868 
1548	 0.593763027573084 
1549	 0.593977193006268 
1550	 0.594187419276285 
1551	 0.594416852090947 
1552	 0.594652007415496 
1553	 0.594888972900325 
1554	 0.595139029878629 
1555	 0.595390485109723 
1556	 0.595639565982213 
1557	 0.59589706950115 
1558	 0.596168647139658 
1559	 0.596429077272896 
1560	 0.596691338629175 
1561	 0.596946891678737 
1562	 0.597199693864877 
1563	 0.597448049406834 
1564	 0.597682188332877 
1565	 0.597931436004429 
1566	 0.598192753698638 
1567	 0.59843480565344 
1568	 0.598681527219107 
1569	 0.59891171719541 
1570	 0.599115143348546 
1571	 0.599333654439915 
1572	 0.599552258978895 
1573	 0.599767361745064 
1574	 0.599983105221603 
1575	 0.600200556090975 
1576	 0.600411586324674 
1577	 0.600636771478211 
1578	 0.600870207636809 
1579	 0.601103869527751 
1580	 0.601335026922182 
1581	 0.601587343257577 
1582	 0.601838906071596 
1583	 0.602121882550076 
1584	 0.602428926159995 
1585	 0.602757186919923 
1586	 0.603103532385314 
1587	 0.603477054915852 
1588	 0.603860060673423 
1589	 0.604297356010777 
1590	 0.604781618342802 
1591	 0.605287391319182 
1592	 0.605830069033331 
1593	 0.606405251229179 
1594	 0.606994730401317 
1595	 0.607634850409546 
1596	 0.608347607827487 
1597	 0.60905037981427 
1598	 0.609778682252556 
1599	 0.610521120270342 
1600	 0.611273089796852 
1601	 0.612038463406131 
1602	 0.612832546766874 
1603	 0.613621649608398 
1604	 0.614426406728685 
1605	 0.615211754316942 
1606	 0.61599336460499 
1607	 0.616772621030736 
1608	 0.617545963193118 
1609	 0.618302397184037 
1610	 0.619047269731139 
1611	 0.619794764806006 
1612	 0.620530222616873 
1613	 0.621261332528739 
1614	 0.622009701214101 
1615	 0.6227248621472 
1616	 0.623418754961845 
1617	 0.624096005076802 
1618	 0.624753917673582 
1619	 0.625392836973502 
1620	 0.626016140059204 
1621	 0.626613521963181 
1622	 0.627182839763976 
1623	 0.627742575488046 
1624	 0.62827991146397 
1625	 0.628805871924961 
1626	 0.629302691815634 
1627	 0.629816683103987 
1628	 0.630334227534504 
1629	 0.630840380292103 
1630	 0.631340432267062 
1631	 0.631852998217923 
1632	 0.632362133944766 
1633	 0.632869199886616 
1634	 0.633405762080225 
1635	 0.633913090910809 
1636	 0.634390823796198 
1637	 0.634872856666855 
1638	 0.635345700190764 
1639	 0.63581668998163 
1640	 0.636320714641956 
1641	 0.636758188742312 
1642	 0.63719134842171 
1643	 0.637546163121843 
1644	 0.637833756803755 
1645	 0.638070943107093 
1646	 0.638255611575715 
1647	 0.638374126996645 
1648	 0.638455417950617 
1649	 0.638429676900235 
1650	 0.638302856947884 
1651	 0.63812468719247 
1652	 0.637834536305401 
1653	 0.637529795428668 
1654	 0.637188155191327 
1655	 0.636794153506124 
1656	 0.636336666425567 
1657	 0.635865060057783 
1658	 0.635321749596538 
1659	 0.634806491178691 
1660	 0.634287379042537 
1661	 0.633767946907117 
1662	 0.633258495916244 
1663	 0.632737851868821 
1664	 0.632187630457635 
1665	 0.631675114234827 
1666	 0.631184930590683 
1667	 0.63068794282171 
1668	 0.630199336850316 
1669	 0.629733753821647 
1670	 0.629275922278003 
1671	 0.628822471110002 
1672	 0.628373317806114 
1673	 0.627971643313608 
1674	 0.627573468105939 
1675	 0.627222685448823 
1676	 0.62692295743232 
1677	 0.626664592994325 
1678	 0.626430518654905 
1679	 0.626251960842243 
1680	 0.626151756595033 
1681	 0.626054182041825 
1682	 0.625992058094964 
1683	 0.625944751482839 
1684	 0.625935559341455 
1685	 0.62590783326222 
1686	 0.625904001966341 
1687	 0.625870395048862 
1688	 0.625822557762839 
1689	 0.625754639348715 
1690	 0.625688805541993 
1691	 0.625566234391372 
1692	 0.625408926914078 
1693	 0.625217893209304 
1694	 0.624990198884462 
1695	 0.624713449190177 
1696	 0.624375728903608 
1697	 0.624047508401626 
1698	 0.623659296256208 
1699	 0.623316388295162 
1700	 0.622996011678889 
1701	 0.62267464926727 
1702	 0.622344148417713 
1703	 0.622056355034378 
1704	 0.621778282683913 
1705	 0.621546421017649 
1706	 0.621345266555987 
1707	 0.621201894195743 
1708	 0.621099828709986 
1709	 0.621044194484076 
1710	 0.621048091216552 
1711	 0.621082337439098 
1712	 0.621146228894204 
1713	 0.621274984939973 
1714	 0.621469684432808 
1715	 0.621678116308183 
1716	 0.621930029621881 
1717	 0.622221094486744 
1718	 0.622511837076073 
1719	 0.62292514783291 
1720	 0.623434192511805 
1721	 0.623960688683494 
1722	 0.62456835598521 
1723	 0.625186262821639 
1724	 0.625843900112894 
1725	 0.626480275726274 
1726	 0.627177706493192 
1727	 0.627763599208559 
1728	 0.628322949216831 
1729	 0.628771689276622 
1730	 0.629119495713744 
1731	 0.629357026098179 
1732	 0.62950145244197 
1733	 0.629551891293833 
1734	 0.629503345168655 
1735	 0.629343771623238 
1736	 0.629106816442117 
1737	 0.628780434151657 
1738	 0.628395703324172 
1739	 0.627961774849752 
1740	 0.627480012181722 
1741	 0.627002693543808 
1742	 0.626536289285215 
1743	 0.626075233659848 
1744	 0.625622544951775 
1745	 0.625143492777559 
1746	 0.624717256816455 
1747	 0.624315203556303 
1748	 0.623947700018216 
1749	 0.623631220741004 
1750	 0.623329684867889 
1751	 0.623039556349894 
1752	 0.622804652757498 
1753	 0.622602490087333 
1754	 0.622445458660883 
1755	 0.62234060239207 
1756	 0.62226958695947 
1757	 0.622253955604954 
1758	 0.622238444404942 
1759	 0.622254371303735 
1760	 0.622288386957866 
1761	 0.622346689718744 
1762	 0.622404876304392 
1763	 0.622495306591281 
1764	 0.622552538114875 
1765	 0.622598793882329 
1766	 0.622633232069217 
1767	 0.622674286080894 
1768	 0.622653745791786 
1769	 0.622586234703448 
1770	 0.622534082039998 
1771	 0.622441495756658 
1772	 0.622373711055949 
1773	 0.622319938642824 
1774	 0.622267575058244 
1775	 0.62220094882509 
1776	 0.622147021092792 
1777	 0.622146890072112 
1778	 0.622187813479639 
1779	 0.622240924154197 
1780	 0.622345634858477 
1781	 0.622460881844997 
1782	 0.622539000269416 
1783	 0.622639885802299 
1784	 0.622720611617091 
1785	 0.622786940324817 
1786	 0.62288913721778 
1787	 0.62300095780625 
1788	 0.623121649232635 
1789	 0.623275617748911 
1790	 0.623438450109444 
1791	 0.623569439179578 
1792	 0.623735269025902 
1793	 0.623890643365492 
1794	 0.624042355608773 
1795	 0.624192509831927 
1796	 0.624338287852453 
1797	 0.624477684639677 
1798	 0.624586585775347 
1799	 0.624740724566452 
1800	 0.62492504563809 
1801	 0.617922862275973 
1802	 0.61819338729425 
1803	 0.618477318253861 
1804	 0.618749716185925 
1805	 0.619073682337826 
1806	 0.619422003404982 
1807	 0.619724621387176 
1808	 0.620004456833636 
1809	 0.620297753796677 
1810	 0.620577345486336 
1811	 0.620843300241757 
1812	 0.621138617299729 
1813	 0.621421640337512 
1814	 0.621642310312393 
1815	 0.62186637788751 
1816	 0.622094180196765 
1817	 0.622314125366458 
1818	 0.622519077208341 
1819	 0.622774790457539 
1820	 0.623002267886053 
1821	 0.623211416451239 
1822	 0.623454536592861 
1823	 0.623688960627519 
1824	 0.623953385397697 
1825	 0.624238636025844 
1826	 0.624505466245211 
1827	 0.624793782763199 
1828	 0.625089418671655 
1829	 0.625407211699715 
1830	 0.625761306892817 
1831	 0.626157586442219 
1832	 0.626582344450204 
1833	 0.627016738673855 
1834	 0.627448856553252 
1835	 0.627895430493241 
1836	 0.628345823264881 
1837	 0.628792324727352 
1838	 0.62924722308829 
1839	 0.629690341477871 
1840	 0.630113872980859 
1841	 0.630537660103954 
1842	 0.630930739663851 
1843	 0.631318058000927 
1844	 0.631704500186859 
1845	 0.632079931778889 
1846	 0.632430100030275 
1847	 0.632766685687604 
1848	 0.633086276565538 
1849	 0.63339091983496 
1850	 0.633662956426561 
1851	 0.633933209087336 
1852	 0.634176004539129 
1853	 0.634360853249255 
1854	 0.634502066597525 
1855	 0.634599763013755 
1856	 0.634681246626291 
1857	 0.634725244964085 
1858	 0.634755401617086 
1859	 0.634722355037077 
1860	 0.634653145357739 
1861	 0.634523210865992 
1862	 0.634337380957478 
1863	 0.634118708421079 
1864	 0.633871244736786 
1865	 0.633581015902687 
1866	 0.633228196653292 
1867	 0.632847126961102 
1868	 0.632370904618965 
1869	 0.631816032251754 
1870	 0.631204562576297 
1871	 0.63051731970474 
1872	 0.62979673150706 
1873	 0.629016684135517 
1874	 0.628139437521886 
1875	 0.627153201966056 
1876	 0.626066828912419 
1877	 0.624904970841545 
1878	 0.62366630763828 
1879	 0.622310957671525 
1880	 0.620906647069841 
1881	 0.619338007277751 
1882	 0.617644632917411 
1883	 0.615806136273864 
1884	 0.613840410006637 
1885	 0.61169509500968 
1886	 0.609364177265659 
1887	 0.606841513374555 
1888	 0.60417388499774 
1889	 0.60129998426444 
1890	 0.598316083417953 
1891	 0.595128327831253 
1892	 0.591893642563612 
1893	 0.588516045358318 
1894	 0.585045644748473 
1895	 0.581562814594477 
1896	 0.578064444595515 
1897	 0.574596650114076 
1898	 0.571081991249795 
1899	 0.567679421360662 
1900	 0.564271235969249 
1901	 0.561005636084619 
1902	 0.557818727460208 
1903	 0.554743234837039 
1904	 0.551775597001943 
1905	 0.548895897235418 
1906	 0.546152636923154 
1907	 0.543565573349424 
1908	 0.541078659821752 
1909	 0.538735138621153 
1910	 0.536486715218257 
1911	 0.534327908910046 
1912	 0.532309156561914 
1913	 0.530432054013501 
1914	 0.528642824735134 
1915	 0.526954346599615 
1916	 0.525407576230417 
1917	 0.523969183707292 
1918	 0.522634971047801 
1919	 0.521421685489978 
1920	 0.520350152710015 
1921	 0.51936062665669 
1922	 0.518471809921998 
1923	 0.517689245288028 
1924	 0.517013490762346 
1925	 0.516444032473329 
1926	 0.515995062587731 
1927	 0.515630414180384 
1928	 0.515348447784773 
1929	 0.515178687332631 
1930	 0.515067622259762 
1931	 0.515026545331277 
1932	 0.515073229802303 
1933	 0.51521352956899 
1934	 0.515414711880442 
1935	 0.515699760009188 
1936	 0.516044089861761 
1937	 0.516462154225126 
1938	 0.516937688159418 
1939	 0.517489931842642 
1940	 0.518095275103279 
1941	 0.518724495819357 
1942	 0.519407370764909 
1943	 0.52011648986087 
1944	 0.520873047519398 
1945	 0.521629777735583 
1946	 0.522426030195373 
1947	 0.523225625658841 
1948	 0.524052045681461 
1949	 0.524855616833408 
1950	 0.525678486977718 
1951	 0.526473540877219 
1952	 0.52726787662724 
1953	 0.528053403428892 
1954	 0.528807019953443 
1955	 0.529567063715283 
1956	 0.530275362679995 
1957	 0.53091821946744 
1958	 0.531579637947975 
1959	 0.532215162835684 
1960	 0.532860387478659 
1961	 0.533507590811905 
1962	 0.534152979537543 
1963	 0.534797189649238 
1964	 0.535427278980775 
1965	 0.536095013826467 
1966	 0.536760386067626 
1967	 0.5374695869195 
1968	 0.538197175084194 
1969	 0.538975106052771 
1970	 0.539796596822076 
1971	 0.540637332731172 
1972	 0.541531407901485 
1973	 0.542429922097969 
1974	 0.543351382266777 
1975	 0.544278392720097 
1976	 0.545220584664374 
1977	 0.546179600969185 
1978	 0.547152462680831 
1979	 0.548153842300573 
1980	 0.549131728624922 
1981	 0.55013874899243 
1982	 0.551099007543058 
1983	 0.552037252004658 
1984	 0.55295148391525 
1985	 0.553843481867664 
1986	 0.554711324654118 
1987	 0.555554925612149 
1988	 0.556373034725381 
1989	 0.557171467575781 
1990	 0.557952247953722 
1991	 0.558695503774061 
1992	 0.559413193390727 
1993	 0.560101384571296 
1994	 0.560762980294099 
1995	 0.56138476824384 
1996	 0.561981372897046 
1997	 0.562534478463643 
1998	 0.56303840012813 
1999	 0.563515228319215 
2000	 0.563979746175665 
2001	 0.56438217829439 
2002	 0.564722834258505 
2003	 0.565036364540293 
2004	 0.565243686758029 
2005	 0.565373886286483 
2006	 0.565428884843971 
2007	 0.565386456541469 
2008	 0.565302549149172 
2009	 0.565142025850952 
2010	 0.564934200581899 
2011	 0.564686679724431 
2012	 0.564362820332936 
2013	 0.563970128276101 
2014	 0.563516255654712 
2015	 0.56300056948706 
2016	 0.562402272760221 
2017	 0.561775721655358 
2018	 0.561094273423092 
2019	 0.560369960539574 
2020	 0.559585178770416 
2021	 0.558782810797003 
2022	 0.557939367627464 
2023	 0.557061115736912 
2024	 0.55616485021543 
2025	 0.555215769828945 
2026	 0.554218246158036 
2027	 0.553183634916231 
2028	 0.552099925756138 
2029	 0.550963982274924 
2030	 0.549797133135015 
2031	 0.548580069413354 
2032	 0.547341073971805 
2033	 0.546073297394332 
2034	 0.544765396239389 
2035	 0.543438726584573 
2036	 0.542046291568503 
2037	 0.540597438492269 
2038	 0.539112419786341 
2039	 0.537565234934495 
2040	 0.535985282541757 
2041	 0.534381646916059 
2042	 0.532774135693707 
2043	 0.53116713990314 
2044	 0.529555692668654 
2045	 0.527928690893705 
2046	 0.526297255475962 
2047	 0.524649431810748 
2048	 0.522960597009101 
2049	 0.521307549969563 
2050	 0.519642445176437 
2051	 0.518016999447634 
2052	 0.516411389659725 
2053	 0.514833756098656 
2054	 0.51329412728807 
2055	 0.511769236765067 
2056	 0.510243834566937 
2057	 0.508721967685062 
2058	 0.507251776164907 
2059	 0.505796494196791 
2060	 0.504368723515775 
2061	 0.503022660729765 
2062	 0.501621002577343 
2063	 0.500188935225452 
2064	 0.498796374465188 
2065	 0.497369712251901 
2066	 0.496018904428305 
2067	 0.494732455918659 
2068	 0.493448017745919 
2069	 0.492195059128746 
2070	 0.490992356569816 
2071	 0.489832559209189 
2072	 0.488694557802234 
2073	 0.487629561310326 
2074	 0.486620704798793 
2075	 0.485671376648706 
2076	 0.484765734551947 
2077	 0.48393632839805 
2078	 0.483192732095918 
2079	 0.482485757695321 
2080	 0.48185450586592 
2081	 0.481242481009965 
2082	 0.48066014332662 
2083	 0.480140566456123 
2084	 0.479650802765673 
2085	 0.479198569172343 
2086	 0.47880873138993 
2087	 0.478433317951179 
2088	 0.478071931292159 
2089	 0.477746094746785 
2090	 0.477414198547689 
2091	 0.4770892871433 
2092	 0.47677236505107 
2093	 0.476464790919695 
2094	 0.476171646643793 
2095	 0.475895510887148 
2096	 0.475621209408828 
2097	 0.475348337188572 
2098	 0.47508808272031 
2099	 0.474823012040794 
2100	 0.474587769889984 
2101	 0.474370145199191 
2102	 0.47416984526739 
2103	 0.474038421564889 
2104	 0.473967807674778 
2105	 0.473890325732084 
2106	 0.473832788300095 
2107	 0.473845064078854 
2108	 0.473864159385931 
2109	 0.473956508094995 
2110	 0.474177045320489 
2111	 0.474358416267794 
2112	 0.474538324237563 
2113	 0.474762038906164 
2114	 0.47500450775378 
2115	 0.475271849722628 
2116	 0.47558940064053 
2117	 0.475954982254662 
2118	 0.476345514948047 
2119	 0.476713286266841 
2120	 0.477078326632445 
2121	 0.477442160569209 
2122	 0.477818266482117 
2123	 0.478215384859192 
2124	 0.478561808430962 
2125	 0.478917176957535 
2126	 0.479219655884501 
2127	 0.479477675407571 
2128	 0.479689786420221 
2129	 0.479897709894903 
2130	 0.48002011384985 
2131	 0.480037829621983 
2132	 0.480065173785628 
2133	 0.480062136315649 
2134	 0.479996313321786 
2135	 0.479898474067123 
2136	 0.47983387873209 
2137	 0.479741348388229 
2138	 0.479657981915541 
2139	 0.479675192811551 
2140	 0.479718551064887 
2141	 0.479907979929287 
2142	 0.480188202821684 
2143	 0.480563727049992 
2144	 0.481110015924299 
2145	 0.481628509067607 
2146	 0.482228126057987 
2147	 0.482828533676103 
2148	 0.483506486939578 
2149	 0.48410035589661 
2150	 0.484705364159412 
2151	 0.485254228539707 
2152	 0.485689298306751 
2153	 0.486086575218826 
2154	 0.486337571137077 
2155	 0.486540935546173 
2156	 0.48671083057069 
2157	 0.486766942347076 
2158	 0.486886248471848 
2159	 0.486978069134286 
2160	 0.487131912551228 
2161	 0.487263861297576 
2162	 0.487507125445663 
2163	 0.487806902398407 
2164	 0.488182887458953 
2165	 0.488616139348342 
2166	 0.489158700820243 
2167	 0.489810899991512 
2168	 0.490515337672748 
2169	 0.491358504801762 
2170	 0.492189945042971 
2171	 0.493083968471014 
2172	 0.493966050511983 
2173	 0.494873223247359 
2174	 0.495748149969432 
2175	 0.496514219334285 
2176	 0.497296763201021 
2177	 0.498021951405316 
2178	 0.49869578407924 
2179	 0.499314377970295 
2180	 0.49991011305179 
2181	 0.50042111505749 
2182	 0.500813008632607 
2183	 0.501233578400633 
2184	 0.501588874346443 
2185	 0.501996314254052 
2186	 0.502380337353227 
2187	 0.502838294827126 
2188	 0.50334898593523 
2189	 0.503862569848003 
2190	 0.504411119568416 
2191	 0.504983197513374 
2192	 0.505570360013267 
2193	 0.506222141868131 
2194	 0.506843678101823 
2195	 0.507426185698699 
2196	 0.507897993700727 
2197	 0.508273821116218 
2198	 0.508602829436975 
2199	 0.508856821227278 
2200	 0.50907144559418 
2201	 0.509178115846024 
2202	 0.509356200312718 
2203	 0.509480771389196 
2204	 0.509672192491782 
2205	 0.509878292182589 
2206	 0.510169039243432 
2207	 0.510467154351765 
2208	 0.510892973136329 
2209	 0.511437634903144 
2210	 0.512035537689658 
2211	 0.512734840539104 
2212	 0.513480105793409 
2213	 0.514326854948515 
2214	 0.515155343349003 
2215	 0.516057932969073 
2216	 0.516939104260573 
2217	 0.517719118844113 
2218	 0.518524498740444 
2219	 0.519258418105057 
2220	 0.519879835911393 
2221	 0.520320249522719 
2222	 0.520647032755067 
2223	 0.520840247247011 
2224	 0.520811817429018 
2225	 0.520772075771646 
2226	 0.520693622165725 
2227	 0.520429195420598 
2228	 0.520078229130051 
2229	 0.519510036911502 
2230	 0.518720134940061 
2231	 0.517857833692138 
2232	 0.516843245769239 
2233	 0.515683483427111 
2234	 0.514420518637645 
2235	 0.512989155044295 
2236	 0.511330757753115 
2237	 0.50960982966995 
2238	 0.507803330012869 
2239	 0.505817687284212 
2240	 0.50359265055549 
2241	 0.50139762900399 
2242	 0.499101132992612 
2243	 0.496705244324746 
2244	 0.494346798968519 
2245	 0.491991120244113 
2246	 0.489572166649031 
2247	 0.487207927993394 
2248	 0.484947097717276 
2249	 0.482761693707548 
2250	 0.4806286529596 
2251	 0.478603988126325 
2252	 0.476542176965084 
2253	 0.474525723618471 
2254	 0.472507433502302 
2255	 0.470477435746957 
2256	 0.468496084088579 
2257	 0.466571164079414 
2258	 0.464619938491228 
2259	 0.462686142769438 
2260	 0.46074787972543 
2261	 0.458735896519933 
2262	 0.456858166279135 
2263	 0.455007422532358 
2264	 0.453268423703258 
2265	 0.451621483951275 
2266	 0.45007939322482 
2267	 0.448643906859231 
2268	 0.447279232795236 
2269	 0.445935853411628 
2270	 0.444824383483299 
2271	 0.443904809992588 
2272	 0.443046880693019 
2273	 0.442375774587841 
2274	 0.441820148006822 
2275	 0.441292946783178 
2276	 0.440837542749553 
2277	 0.440541589559037 
2278	 0.44032205261564 
2279	 0.440048216472695 
2280	 0.439859581678426 
2281	 0.439501626895589 
2282	 0.439096352771345 
2283	 0.438577517351611 
2284	 0.437930701235881 
2285	 0.43726098849784 
2286	 0.436487723283324 
2287	 0.435741316757943 
2288	 0.434926753229326 
2289	 0.434175575457189 
2290	 0.433399629362423 
2291	 0.432708848601436 
2292	 0.432095577395404 
2293	 0.431456030672847 
2294	 0.430842283465956 
2295	 0.430263595447652 
2296	 0.429630383426407 
2297	 0.429141505658164 
2298	 0.428769817637453 
2299	 0.428418794694286 
2300	 0.428186887024573 
2301	 0.427924604215333 
2302	 0.427706238744589 
2303	 0.42745385003615 
2304	 0.42720748152474 
2305	 0.426932519918424 
2306	 0.426646555403829 
2307	 0.426319908008148 
2308	 0.426028922633123 
2309	 0.425603833173982 
2310	 0.425096474607375 
2311	 0.424516157842898 
2312	 0.423872619601647 
2313	 0.423083597152137 
2314	 0.422150619061066 
2315	 0.421166803969801 
2316	 0.420173030417414 
2317	 0.419007958653059 
2318	 0.418061054949707 
2319	 0.417215051146614 
2320	 0.416337906888275 
2321	 0.415483742878475 
2322	 0.414714227816678 
2323	 0.413966593094762 
2324	 0.413279957628887 
2325	 0.412685763873343 
2326	 0.412113299355313 
2327	 0.411605939650255 
2328	 0.411024893300995 
2329	 0.410435854069244 
2330	 0.409921800004089 
2331	 0.40936829427192 
2332	 0.408892408375565 
2333	 0.408578726046217 
2334	 0.408142512225386 
2335	 0.407601240344447 
2336	 0.407201512034496 
2337	 0.406777408025961 
2338	 0.406528466836711 
2339	 0.406467026191538 
2340	 0.40636519081329 
2341	 0.406322350792683 
2342	 0.406356279479011 
2343	 0.406392280928136 
2344	 0.406559833370386 
2345	 0.40692677796124 
2346	 0.407229373327751 
2347	 0.407537413479035 
2348	 0.407942334782439 
2349	 0.408477826013259 
2350	 0.408868210088373 
2351	 0.409310243773605 
2352	 0.409648768438895 
2353	 0.409771717198836 
2354	 0.409993989961629 
2355	 0.410179873225948 
2356	 0.410472681825847 
2357	 0.410814938793846 
2358	 0.411208555596487 
2359	 0.411653703982288 
2360	 0.412222318707516 
2361	 0.412950385504114 
2362	 0.413610624451817 
2363	 0.414387927173694 
2364	 0.415089526426945 
2365	 0.415652601582518 
2366	 0.416309991527397 
2367	 0.417086525806563 
2368	 0.417748943362483 
2369	 0.41835500407572 
2370	 0.418975601573388 
2371	 0.41953191295835 
2372	 0.420092753507976 
2373	 0.420687423085751 
2374	 0.421276004713824 
2375	 0.42181753544123 
2376	 0.422363324724572 
2377	 0.422784690223264 
2378	 0.423425427946045 
2379	 0.424250485498993 
2380	 0.425082998598158 
2381	 0.425707452063641 
2382	 0.426487203692971 
2383	 0.426817198132507 
2384	 0.426803984841521 
2385	 0.427116263501584 
2386	 0.42731142261726 
2387	 0.427417911057864 
2388	 0.427744353045824 
2389	 0.427810502644676 
2390	 0.427914725639409 
2391	 0.428191408693494 
2392	 0.428408237033093 
2393	 0.428759398373421 
2394	 0.429125923229189 
2395	 0.429523920280664 
2396	 0.429737751758558 
2397	 0.429735630014792 
2398	 0.429699540330489 
2399	 0.429386143426347 
2400	 0.429158325005596 
2401	 0.42911662077717 
2402	 0.428906898631368 
2403	 0.428840568401122 
2404	 0.428832554186749 
2405	 0.428859232457134 
2406	 0.428999305820463 
2407	 0.428615207871651 
2408	 0.428071564681368 
2409	 0.427601873825942 
2410	 0.426752691183495 
2411	 0.42627608527095 
2412	 0.426150744086462 
2413	 0.425454305298069 
2414	 0.424776805997044 
2415	 0.424417857996466 
2416	 0.423722242166813 
2417	 0.423225125838804 
2418	 0.422780318279389 
2419	 0.421792705840738 
2420	 0.420927817278243 
2421	 0.420446247354603 
2422	 0.420019462845416 
2423	 0.419416060314934 
2424	 0.418681453074356 
2425	 0.417493381718561 
2426	 0.416045137654326 
2427	 0.414946187665111 
2428	 0.41393606694297 
2429	 0.412879787497117 
2430	 0.411652500823515 
2431	 0.410260760549583 
2432	 0.408820382877926 
2433	 0.40715018876105 
2434	 0.405857141032676 
2435	 0.404779597096875 
2436	 0.403366658147235 
2437	 0.402077706911733 
2438	 0.400484256502594 
2439	 0.398945300353439 
2440	 0.397562176681746 
2441	 0.395843539169941 
2442	 0.394638222962671 
2443	 0.393056635098842 
2444	 0.391307824665451 
2445	 0.389794061701334 
2446	 0.387522032334274 
2447	 0.385968193173076 
2448	 0.384509829813439 
2449	 0.382723501792238 
2450	 0.381433193054519 
2451	 0.379107915678792 
2452	 0.376371035044963 
2453	 0.374329505220571 
2454	 0.372661431447852 
2455	 0.371321232125548 
2456	 0.370262335559352 
2457	 0.369617874715652 
2458	 0.368285135545084 
2459	 0.366563361086814 
2460	 0.36483475580582 
2461	 0.362230615885501 
2462	 0.360455389775997 
2463	 0.359527809604326 
2464	 0.358193665062605 
2465	 0.357308630675267 
2466	 0.355674272305535 
2467	 0.352745870544402 
2468	 0.351147040853671 
2469	 0.349887566357272 
2470	 0.348721642053113 
2471	 0.348819506095006 
2472	 0.348311520166047 
2473	 0.347547349463081 
2474	 0.346692652487313 
2475	 0.345389703430582 
2476	 0.344194665128097 
2477	 0.343294163097163 
2478	 0.341880649596501 
2479	 0.339808887054246 
2480	 0.339254555428887 
2481	 0.338103939130079 
2482	 0.338785722184632 
2483	 0.343031385210467 
2484	 0.344090429043251 
2485	 0.344870723241072 
2486	 0.345021919361334 
2487	 0.34317537480795 
2488	 0.342439987075711 
2489	 0.341509384752934 
2490	 0.343247552643994 
2491	 0.341959839351299 
2492	 0.341327085735258 
2493	 0.343523942956837 
2494	 0.344464496079432 
2495	 0.346293521431273 
2496	 0.349044421586389 
2497	 0.350103318186119 
2498	 0.351766553959963 
2499	 0.353214615705168 
2500	 0.353213843388097 
