Wavelength	C:\Documents and Settings\All Users\Application Data\ASD\Indico Pro\Projects\McBeth_080818\#2.txt
350	 0.149625720712468 
351	 0.141973333828416 
352	 0.140044237355126 
353	 0.140489570855792 
354	 0.138652144242982 
355	 0.1302383417077 
356	 0.123135843535071 
357	 0.120919619257166 
358	 0.123153533586378 
359	 0.123386551408916 
360	 0.120402078112032 
361	 0.118848160847941 
362	 0.122914682459769 
363	 0.118272112528831 
364	 0.11684154427362 
365	 0.120342160054353 
366	 0.119378518837207 
367	 0.122977733640846 
368	 0.123590244888136 
369	 0.118530411271227 
370	 0.123093550718727 
371	 0.121905161774874 
372	 0.119417037088309 
373	 0.124051300520238 
374	 0.122994319829577 
375	 0.124818129244825 
376	 0.129676017260526 
377	 0.129726351744824 
378	 0.130899201708386 
379	 0.132187576123185 
380	 0.133041992981635 
381	 0.136400582735791 
382	 0.140139251986248 
383	 0.143185656653995 
384	 0.145236475608941 
385	 0.148007060742265 
386	 0.150721336228727 
387	 0.153230908340787 
388	 0.156070356369558 
389	 0.159486831239691 
390	 0.162539788642915 
391	 0.165191337591062 
392	 0.169873671139075 
393	 0.17229540717473 
394	 0.174344291955411 
395	 0.178549887922642 
396	 0.180166665902891 
397	 0.182069748730717 
398	 0.184460228220894 
399	 0.185296372965869 
400	 0.187731337237244 
401	 0.189655979310082 
402	 0.190107336459421 
403	 0.19210427126151 
404	 0.193641335732098 
405	 0.194231917618265 
406	 0.194085449644825 
407	 0.194169479304184 
408	 0.194372418984232 
409	 0.194579627214959 
410	 0.194744114200537 
411	 0.194992854529591 
412	 0.19529791656475 
413	 0.195461279156087 
414	 0.194901448431657 
415	 0.194530538990232 
416	 0.194490955847141 
417	 0.194537435761974 
418	 0.19410281151985 
419	 0.193924577096404 
420	 0.194208157313637 
421	 0.194531768620058 
422	 0.194663702689641 
423	 0.194435315542281 
424	 0.193997732739062 
425	 0.194240720161414 
426	 0.194490720814312 
427	 0.194656148618129 
428	 0.194885774733599 
429	 0.194887244474227 
430	 0.195028343808665 
431	 0.195419460542635 
432	 0.195771934024376 
433	 0.196257376121911 
434	 0.196624746503497 
435	 0.19675362024217 
436	 0.197314409104514 
437	 0.19766663634298 
438	 0.198081484621115 
439	 0.199263160911592 
440	 0.199683246243533 
441	 0.200152150913659 
442	 0.201159589617857 
443	 0.202099837020164 
444	 0.202836658719063 
445	 0.203498028896742 
446	 0.204301866351591 
447	 0.205295522853124 
448	 0.206451385078014 
449	 0.207670171955587 
450	 0.208803536292716 
451	 0.210128360891411 
452	 0.211581016046865 
453	 0.213057334387441 
454	 0.214518323208772 
455	 0.216158867156461 
456	 0.217834025524875 
457	 0.2193543819706 
458	 0.221414054805478 
459	 0.223610266935715 
460	 0.22571938182508 
461	 0.227884656425996 
462	 0.229980026470861 
463	 0.23233271351629 
464	 0.235119040596639 
465	 0.237559739380196 
466	 0.240223530001545 
467	 0.24319200654332 
468	 0.246182421293026 
469	 0.249060108832926 
470	 0.252106007989792 
471	 0.255418772547014 
472	 0.258584437934872 
473	 0.261731639443611 
474	 0.264944559620348 
475	 0.268281133912592 
476	 0.271631401235061 
477	 0.274963974429147 
478	 0.278272365307824 
479	 0.28156641065557 
480	 0.284691914344985 
481	 0.287645033094788 
482	 0.290497410767079 
483	 0.293433816479862 
484	 0.296112914974017 
485	 0.2985505172591 
486	 0.300968561785666 
487	 0.303316533187681 
488	 0.30551461038365 
489	 0.30756686975891 
490	 0.309661162787717 
491	 0.311470735424016 
492	 0.313133916705935 
493	 0.314850459839646 
494	 0.316265199939806 
495	 0.317637867590855 
496	 0.319051059245606 
497	 0.320374200046893 
498	 0.321491872083184 
499	 0.322475396180295 
500	 0.323383249973971 
501	 0.324123629011694 
502	 0.324699901767675 
503	 0.325112898893045 
504	 0.325370397013015 
505	 0.32555595454024 
506	 0.325420331160916 
507	 0.324910634268668 
508	 0.32436256210462 
509	 0.323395821822111 
510	 0.322079601079253 
511	 0.320554405367425 
512	 0.318581097508782 
513	 0.316233976443816 
514	 0.31356225517061 
515	 0.310573568773837 
516	 0.307342879370821 
517	 0.303842764889296 
518	 0.300072158748352 
519	 0.296169938522561 
520	 0.292034696245767 
521	 0.287757732436442 
522	 0.283525789255386 
523	 0.279333585057923 
524	 0.275168621281113 
525	 0.271069899773663 
526	 0.267158601136628 
527	 0.263312306752503 
528	 0.259650285910902 
529	 0.256328782324257 
530	 0.253264530633988 
531	 0.250462219771277 
532	 0.247970916064633 
533	 0.245884986858061 
534	 0.244079296643969 
535	 0.24260359359498 
536	 0.241521699905325 
537	 0.240836948305613 
538	 0.240391919245906 
539	 0.240209425334133 
540	 0.240404430981655 
541	 0.240864575808196 
542	 0.241525413710132 
543	 0.242348061609321 
544	 0.243320840566013 
545	 0.244487653959419 
546	 0.245690825320583 
547	 0.246755283740028 
548	 0.247880899328768 
549	 0.248935587160098 
550	 0.249792613868889 
551	 0.250361230008817 
552	 0.250827978563392 
553	 0.251121162741393 
554	 0.251150820591019 
555	 0.250969094533989 
556	 0.25065568281454 
557	 0.250274918219796 
558	 0.249870445190424 
559	 0.24937198723462 
560	 0.24894880912556 
561	 0.248702181271129 
562	 0.248506917834887 
563	 0.24853405883712 
564	 0.248816127203995 
565	 0.249329489751191 
566	 0.250072194305611 
567	 0.251139718381513 
568	 0.25260126771628 
569	 0.254481421482804 
570	 0.256749827614146 
571	 0.259490301426217 
572	 0.262769265821045 
573	 0.266483504742834 
574	 0.270693919529713 
575	 0.275410670267926 
576	 0.28059921024419 
577	 0.286251282198543 
578	 0.292303939820288 
579	 0.298687951963516 
580	 0.305331033261751 
581	 0.312245305684187 
582	 0.319428717625158 
583	 0.326853121746522 
584	 0.334453372353441 
585	 0.342203935510816 
586	 0.350040016417295 
587	 0.357870155149143 
588	 0.365724805938147 
589	 0.373504887517798 
590	 0.381129272929077 
591	 0.38872223923455 
592	 0.395974404851191 
593	 0.402909241499896 
594	 0.409830241349586 
595	 0.416349828867267 
596	 0.422528288891767 
597	 0.428462372425976 
598	 0.434123139568992 
599	 0.439517915154486 
600	 0.444600153103978 
601	 0.449317473567764 
602	 0.453786825975505 
603	 0.458005214713184 
604	 0.461987915797652 
605	 0.46580345311388 
606	 0.46939954438754 
607	 0.472777638200227 
608	 0.475958492606127 
609	 0.47895618626877 
610	 0.4817788085349 
611	 0.484454243982651 
612	 0.487025027303398 
613	 0.489470407230426 
614	 0.4918255002852 
615	 0.49410474871876 
616	 0.496225490288433 
617	 0.498278178156732 
618	 0.5002773934238 
619	 0.502198145357856 
620	 0.504108175865333 
621	 0.50596608421264 
622	 0.507742859097415 
623	 0.509457465131412 
624	 0.511192042308657 
625	 0.512899813154852 
626	 0.514523543122977 
627	 0.51620130335503 
628	 0.517866449097963 
629	 0.519508061460345 
630	 0.521178829977661 
631	 0.522853632907927 
632	 0.524523839918852 
633	 0.52617589107568 
634	 0.527774627065269 
635	 0.529399521526832 
636	 0.531081189512851 
637	 0.532817266941885 
638	 0.534573230620983 
639	 0.536314055489715 
640	 0.538041457652045 
641	 0.539810180205636 
642	 0.541622071896074 
643	 0.543451389754869 
644	 0.545275310593166 
645	 0.547139071620933 
646	 0.549017541342526 
647	 0.55093463150488 
648	 0.552962285769908 
649	 0.554994791754473 
650	 0.557011558815155 
651	 0.55903668172806 
652	 0.561165768024014 
653	 0.563340364178381 
654	 0.565533328422978 
655	 0.567736072967601 
656	 0.569933488473252 
657	 0.57213870995072 
658	 0.574362158549737 
659	 0.576604761154993 
660	 0.57882364136611 
661	 0.581031452267935 
662	 0.583250079093184 
663	 0.585452008505096 
664	 0.587693273306674 
665	 0.589998341258888 
666	 0.592355197608499 
667	 0.5947433739323 
668	 0.597094844947619 
669	 0.599413438167427 
670	 0.601907521268713 
671	 0.604430843420974 
672	 0.606926859488304 
673	 0.609402488903816 
674	 0.611949297592858 
675	 0.614553622494054 
676	 0.617202011686526 
677	 0.619884827113357 
678	 0.62253011018972 
679	 0.625165623947921 
680	 0.627840738612699 
681	 0.630568377123214 
682	 0.633294322051051 
683	 0.63603197433386 
684	 0.638848076599355 
685	 0.641706441805064 
686	 0.644560364176382 
687	 0.647398471877541 
688	 0.650275418356742 
689	 0.653093854028176 
690	 0.655881310941831 
691	 0.658694299996022 
692	 0.661507074338853 
693	 0.664283522534247 
694	 0.666995469429211 
695	 0.669636269814279 
696	 0.67221520769197 
697	 0.674761469020369 
698	 0.677302127623954 
699	 0.679835549242571 
700	 0.682278668869512 
701	 0.68468326405057 
702	 0.687142305148227 
703	 0.689475248098244 
704	 0.691710180939198 
705	 0.693918976483624 
706	 0.696201471956255 
707	 0.698320406649442 
708	 0.700375651814522 
709	 0.702484284252793 
710	 0.704487993973628 
711	 0.706435209290825 
712	 0.708342658967229 
713	 0.710199444182306 
714	 0.711929561892573 
715	 0.713649318030127 
716	 0.715390658963114 
717	 0.716995960668311 
718	 0.71859092019427 
719	 0.720168267278095 
720	 0.721683072710505 
721	 0.723127194443479 
722	 0.724507933902114 
723	 0.725849856924014 
724	 0.727177831715043 
725	 0.728395147393608 
726	 0.729550715128611 
727	 0.730683883713787 
728	 0.731759662307502 
729	 0.732915299370356 
730	 0.734016894033278 
731	 0.734906624989898 
732	 0.735854238254843 
733	 0.736805412378767 
734	 0.73773223285746 
735	 0.738644023715046 
736	 0.739509991409272 
737	 0.740354919846509 
738	 0.741181440202741 
739	 0.74191006417821 
740	 0.74262329835981 
741	 0.74334100431534 
742	 0.744051168495279 
743	 0.744712741324449 
744	 0.745367713475899 
745	 0.746028038149111 
746	 0.746668031718118 
747	 0.747271090309412 
748	 0.747873262592916 
749	 0.748470644719823 
750	 0.748929545356285 
751	 0.749369368762203 
752	 0.749816210931701 
753	 0.75025685320421 
754	 0.750690770815055 
755	 0.751112204383272 
756	 0.751512312108386 
757	 0.751881607418126 
758	 0.752271162035614 
759	 0.752632712472633 
760	 0.75294287838117 
761	 0.75328479009387 
762	 0.753640306137897 
763	 0.753982119345482 
764	 0.754286861368121 
765	 0.754592306875672 
766	 0.754846455550775 
767	 0.755053988241686 
768	 0.75527389234324 
769	 0.755463916285644 
770	 0.755680804794432 
771	 0.755937528409679 
772	 0.756118049765985 
773	 0.756320109257581 
774	 0.756525472916874 
775	 0.756686506498973 
776	 0.75681071454058 
777	 0.756972023937144 
778	 0.75718629800795 
779	 0.757407018827449 
780	 0.757483047176486 
781	 0.757559888000929 
782	 0.757728674755842 
783	 0.757908695477532 
784	 0.758041211432963 
785	 0.758129432207481 
786	 0.758204084064305 
787	 0.758292281417862 
788	 0.758463983108726 
789	 0.758650111052994 
790	 0.75871879188081 
791	 0.758804702164826 
792	 0.758886040776566 
793	 0.758948400139345 
794	 0.759009138123992 
795	 0.75913407818967 
796	 0.759256603529156 
797	 0.759317842333569 
798	 0.759370224182837 
799	 0.759397774704482 
800	 0.759450767021076 
801	 0.759574075535716 
802	 0.75962294121861 
803	 0.759687561907768 
804	 0.759787865095784 
805	 0.759867947987842 
806	 0.759931664976652 
807	 0.759997919652564 
808	 0.760073394976511 
809	 0.760139492717417 
810	 0.760129993671846 
811	 0.760132547043305 
812	 0.760230259846674 
813	 0.760321773255604 
814	 0.760380787145488 
815	 0.760414207846872 
816	 0.760452374747522 
817	 0.760526151845745 
818	 0.760593613163103 
819	 0.760645250723946 
820	 0.760712668619497 
821	 0.760779170182929 
822	 0.760817131227719 
823	 0.760838241236927 
824	 0.760940949917305 
825	 0.760999437711964 
826	 0.761025434622886 
827	 0.761070075061984 
828	 0.761148484232423 
829	 0.761231640586974 
830	 0.761292317245138 
831	 0.7613125711935 
832	 0.76131126547924 
833	 0.76135148337914 
834	 0.761438015345248 
835	 0.761510514270106 
836	 0.761576788093975 
837	 0.761610957455525 
838	 0.761626600720592 
839	 0.761717501879767 
840	 0.761836583146096 
841	 0.761942408677733 
842	 0.762006896987785 
843	 0.762033626422515 
844	 0.762132247869394 
845	 0.762277650651546 
846	 0.762375267789273 
847	 0.762377427831828 
848	 0.762406972806704 
849	 0.762498256278355 
850	 0.762589757226385 
851	 0.762592724896603 
852	 0.76261172733875 
853	 0.762701588924951 
854	 0.762802817674594 
855	 0.762795551032779 
856	 0.762755843156287 
857	 0.762790301626379 
858	 0.762970808509232 
859	 0.763032337129118 
860	 0.763012533745242 
861	 0.763044235059689 
862	 0.763160793828058 
863	 0.763299499698578 
864	 0.763376028015589 
865	 0.763342629352096 
866	 0.763406995245534 
867	 0.763503177531744 
868	 0.76358217198008 
869	 0.763631103928966 
870	 0.763639595149507 
871	 0.763647730047246 
872	 0.763697244640916 
873	 0.763816306690063 
874	 0.763939153939186 
875	 0.763968232879266 
876	 0.763920050592693 
877	 0.764046058558675 
878	 0.764195015937631 
879	 0.764296941683718 
880	 0.7643254676014 
881	 0.764289938006016 
882	 0.764461432158256 
883	 0.764695523344101 
884	 0.764730416832596 
885	 0.764668074339847 
886	 0.764706572918282 
887	 0.764861158220501 
888	 0.765020489828052 
889	 0.765144264283066 
890	 0.765165755324958 
891	 0.765153452889797 
892	 0.765271080549977 
893	 0.76539844704254 
894	 0.76552353781421 
895	 0.765586310191636 
896	 0.765474478723483 
897	 0.765426635659077 
898	 0.765552316030121 
899	 0.765777653012194 
900	 0.765791251353669 
901	 0.765781431966635 
902	 0.765738954390149 
903	 0.765688878259577 
904	 0.76583459765884 
905	 0.765977402349094 
906	 0.766039741110953 
907	 0.766009556882359 
908	 0.765926563398753 
909	 0.765979948919218 
910	 0.766142313215422 
911	 0.766272396157174 
912	 0.766183537505251 
913	 0.766140415520147 
914	 0.766217667678097 
915	 0.766363049061559 
916	 0.766499462849029 
917	 0.766474985904252 
918	 0.766400479662089 
919	 0.766510815961707 
920	 0.766704439062179 
921	 0.766900045339963 
922	 0.766987370289611 
923	 0.766903455531073 
924	 0.767025020560665 
925	 0.767175722104431 
926	 0.767333810672696 
927	 0.767621119965712 
928	 0.767613647242819 
929	 0.767536265613865 
930	 0.767587221885851 
931	 0.767817626678839 
932	 0.768184017225372 
933	 0.768359544289511 
934	 0.768250418540417 
935	 0.768114405840407 
936	 0.768215548765863 
937	 0.768428528546022 
938	 0.76859383190289 
939	 0.76863458459183 
940	 0.768658381056571 
941	 0.768623682970285 
942	 0.768590079947934 
943	 0.768788900092877 
944	 0.76894112678437 
945	 0.768920291667194 
946	 0.768799507741623 
947	 0.768894458245669 
948	 0.768914600343649 
949	 0.768934967361964 
950	 0.76903301777535 
951	 0.76914512372936 
952	 0.769106326267469 
953	 0.76910106123767 
954	 0.769249228098442 
955	 0.76939470148041 
956	 0.769426042126851 
957	 0.769365301991537 
958	 0.76929679764207 
959	 0.769330977615127 
960	 0.769409229380395 
961	 0.769502667663379 
962	 0.769560380733645 
963	 0.769491662014477 
964	 0.769370448942434 
965	 0.769324703305872 
966	 0.769426933231236 
967	 0.769623889333484 
968	 0.769647072680101 
969	 0.769506238215022 
970	 0.769317104139461 
971	 0.769231497668364 
972	 0.76937917542342 
973	 0.769583606713652 
974	 0.769659530827404 
975	 0.769549843413119 
976	 0.769332813324478 
977	 0.769158393180477 
978	 0.769173413292014 
979	 0.769457618899506 
980	 0.769610797440906 
981	 0.769563028942825 
982	 0.769437646654325 
983	 0.769468279515781 
984	 0.769281152326886 
985	 0.769344589580928 
986	 0.769679908112037 
987	 0.769714318731087 
988	 0.769659534075759 
989	 0.769543903949444 
990	 0.769441896165176 
991	 0.7694682858583 
992	 0.769633183181588 
993	 0.769672591477513 
994	 0.769662304770865 
995	 0.769852908868119 
996	 0.769581139296425 
997	 0.769671913270781 
998	 0.770066455596889 
999	 0.770157086883714 
1000	 0.770205288021001 
1001	 0.768770468268965 
1002	 0.768788821869895 
1003	 0.768851678451197 
1004	 0.768932959832276 
1005	 0.768994372814573 
1006	 0.769059116597774 
1007	 0.769142294085843 
1008	 0.769242720323308 
1009	 0.769343824455041 
1010	 0.769458854376337 
1011	 0.769524711444313 
1012	 0.769576339111384 
1013	 0.769682778840028 
1014	 0.769766380806538 
1015	 0.769846250411041 
1016	 0.769946231836159 
1017	 0.770058163157438 
1018	 0.770133886496624 
1019	 0.770246779140384 
1020	 0.770412499355012 
1021	 0.770525727369442 
1022	 0.770608806028649 
1023	 0.770731768432971 
1024	 0.770852048138994 
1025	 0.770983868883539 
1026	 0.771145673882026 
1027	 0.771259048139107 
1028	 0.771343763781911 
1029	 0.771441483825727 
1030	 0.771560262246226 
1031	 0.77171715398638 
1032	 0.77185547253672 
1033	 0.772009110627887 
1034	 0.772112532677222 
1035	 0.772232687695222 
1036	 0.772346137943627 
1037	 0.772410117218228 
1038	 0.772529345590213 
1039	 0.772652415762733 
1040	 0.772752421328459 
1041	 0.772936432752721 
1042	 0.773078340291233 
1043	 0.773152623699889 
1044	 0.773238103774174 
1045	 0.773316197583357 
1046	 0.77335302556646 
1047	 0.77342291369646 
1048	 0.773524665751822 
1049	 0.773601108667812 
1050	 0.773624663237069 
1051	 0.77364909063131 
1052	 0.773706062808154 
1053	 0.773737635552883 
1054	 0.773797507311156 
1055	 0.773854897907754 
1056	 0.773873317626182 
1057	 0.773919153796132 
1058	 0.773973010328499 
1059	 0.774046935316265 
1060	 0.77409987701318 
1061	 0.774130414791126 
1062	 0.77417983987461 
1063	 0.774233321616792 
1064	 0.77428072731975 
1065	 0.774330599282611 
1066	 0.774419848232404 
1067	 0.77449760558508 
1068	 0.774573468215113 
1069	 0.774662080642652 
1070	 0.774724492385933 
1071	 0.774800580280992 
1072	 0.774888720812558 
1073	 0.774981791328049 
1074	 0.775099238255859 
1075	 0.775203409838895 
1076	 0.775314496673564 
1077	 0.775401794532602 
1078	 0.775466608954834 
1079	 0.775546275775232 
1080	 0.775619469510287 
1081	 0.775695014050997 
1082	 0.775770393677243 
1083	 0.775858548584365 
1084	 0.775984017349957 
1085	 0.776082129516672 
1086	 0.776176742734435 
1087	 0.77628834358177 
1088	 0.776374747090598 
1089	 0.776417119610144 
1090	 0.776501497873802 
1091	 0.776610507631266 
1092	 0.776696792745695 
1093	 0.776787983056336 
1094	 0.776865641719652 
1095	 0.776920341274922 
1096	 0.776989446588445 
1097	 0.77705619714334 
1098	 0.777136431917074 
1099	 0.777257166360028 
1100	 0.777335526332252 
1101	 0.77737853222602 
1102	 0.777449678445814 
1103	 0.777513394823707 
1104	 0.77755140539608 
1105	 0.777605094757921 
1106	 0.777682874116527 
1107	 0.777736917716174 
1108	 0.777763442254359 
1109	 0.777817625214981 
1110	 0.777885539403612 
1111	 0.777949058173603 
1112	 0.778026998332432 
1113	 0.778089376691571 
1114	 0.778141461944493 
1115	 0.778202264584211 
1116	 0.778232341010144 
1117	 0.77825428457337 
1118	 0.77824517419647 
1119	 0.778186396839806 
1120	 0.778132138656858 
1121	 0.778049019468931 
1122	 0.777972988133967 
1123	 0.777905609301318 
1124	 0.777811859395338 
1125	 0.777729240015805 
1126	 0.777590231361372 
1127	 0.777405602701734 
1128	 0.777214298629442 
1129	 0.776995482162764 
1130	 0.776756957443602 
1131	 0.776491852690349 
1132	 0.77623057657875 
1133	 0.775943584371634 
1134	 0.775624341853891 
1135	 0.77532463395348 
1136	 0.775025848219615 
1137	 0.774728342236424 
1138	 0.774411678788983 
1139	 0.774140703854883 
1140	 0.773876894882545 
1141	 0.773644419567978 
1142	 0.773452883469378 
1143	 0.773261446376218 
1144	 0.773068484070626 
1145	 0.772918071784844 
1146	 0.772792883350831 
1147	 0.772687283849915 
1148	 0.772616382368338 
1149	 0.7725344701873 
1150	 0.772452143094347 
1151	 0.772382180559145 
1152	 0.772309630275143 
1153	 0.772243323802283 
1154	 0.772174962692791 
1155	 0.772122541825109 
1156	 0.772033051123089 
1157	 0.771934284803795 
1158	 0.771818311801385 
1159	 0.771671931391467 
1160	 0.771524465081763 
1161	 0.771381836580908 
1162	 0.771210277507408 
1163	 0.771018463113373 
1164	 0.770813842986655 
1165	 0.770582189946431 
1166	 0.770345456327638 
1167	 0.770107199001028 
1168	 0.769859523919321 
1169	 0.769611199767515 
1170	 0.769363793534541 
1171	 0.769102081556646 
1172	 0.768831962194546 
1173	 0.768557289979889 
1174	 0.76827655842649 
1175	 0.767983309082835 
1176	 0.76768546855926 
1177	 0.767374013206834 
1178	 0.767049068564987 
1179	 0.766714294306233 
1180	 0.766359519990806 
1181	 0.766012073686234 
1182	 0.765655417196362 
1183	 0.76530136505457 
1184	 0.764949159915589 
1185	 0.764608022549421 
1186	 0.764246066552075 
1187	 0.763861947964038 
1188	 0.763514531971043 
1189	 0.763159790881819 
1190	 0.76284194438147 
1191	 0.76255926270146 
1192	 0.762279461606133 
1193	 0.762012414953325 
1194	 0.76176043670167 
1195	 0.761519067089953 
1196	 0.761298686850823 
1197	 0.761092131752589 
1198	 0.760907140478406 
1199	 0.760738791541698 
1200	 0.760594945358824 
1201	 0.760484407306893 
1202	 0.760376019400134 
1203	 0.760280357182077 
1204	 0.760200812282224 
1205	 0.760137237113393 
1206	 0.760080894240606 
1207	 0.760043890604916 
1208	 0.760035245593448 
1209	 0.760022634335976 
1210	 0.760005835477364 
1211	 0.760021232178072 
1212	 0.760056587781139 
1213	 0.760099499214202 
1214	 0.760173048796655 
1215	 0.760238203302629 
1216	 0.760301561862941 
1217	 0.760374303597051 
1218	 0.760450648643259 
1219	 0.760536275102766 
1220	 0.76062693660071 
1221	 0.760731798881487 
1222	 0.760838010416721 
1223	 0.760952446011219 
1224	 0.761068184624439 
1225	 0.761187357163383 
1226	 0.761313314996016 
1227	 0.761440831876629 
1228	 0.761581655368574 
1229	 0.761728362077684 
1230	 0.76188897495766 
1231	 0.76206100215215 
1232	 0.762243644794839 
1233	 0.762443890676619 
1234	 0.762642721485342 
1235	 0.762843452160054 
1236	 0.763059386643366 
1237	 0.763291291611164 
1238	 0.763518122651816 
1239	 0.76376103439504 
1240	 0.763994968034127 
1241	 0.764220528910013 
1242	 0.764436355173414 
1243	 0.764652684202748 
1244	 0.764870516339102 
1245	 0.765070802896373 
1246	 0.7652644348328 
1247	 0.765446866982847 
1248	 0.765605273633635 
1249	 0.765780510167436 
1250	 0.765964608681037 
1251	 0.766131511490714 
1252	 0.766301694415932 
1253	 0.766457203731276 
1254	 0.766585875763132 
1255	 0.766725267032157 
1256	 0.766870032113434 
1257	 0.767003401425829 
1258	 0.767133213188751 
1259	 0.767260245756443 
1260	 0.767388133807486 
1261	 0.767499887914689 
1262	 0.767592402543812 
1263	 0.767677442824832 
1264	 0.767743955099241 
1265	 0.767775639146556 
1266	 0.767828954265059 
1267	 0.767880117574089 
1268	 0.767934689977723 
1269	 0.767993299102111 
1270	 0.76804745879107 
1271	 0.768098052169874 
1272	 0.768154039629154 
1273	 0.768205340821788 
1274	 0.76826865034208 
1275	 0.76832726143739 
1276	 0.768412028069557 
1277	 0.768522330363645 
1278	 0.76862676676849 
1279	 0.768743240619702 
1280	 0.768867384018659 
1281	 0.768975516792515 
1282	 0.769086021093135 
1283	 0.769230333180245 
1284	 0.769372874011872 
1285	 0.76951989080941 
1286	 0.769686664445511 
1287	 0.769839108644628 
1288	 0.769982880577075 
1289	 0.77013040333213 
1290	 0.770292344914909 
1291	 0.770420237719191 
1292	 0.770528957945183 
1293	 0.770643129430789 
1294	 0.770744075486204 
1295	 0.77083869531735 
1296	 0.770942780205255 
1297	 0.77102257185976 
1298	 0.771082223252572 
1299	 0.771133414025612 
1300	 0.771162892092755 
1301	 0.771201724111772 
1302	 0.771239720572264 
1303	 0.771267135034829 
1304	 0.771298532231056 
1305	 0.771327414983955 
1306	 0.771354154439597 
1307	 0.771373396651521 
1308	 0.771372854300281 
1309	 0.771362040380063 
1310	 0.771344424619764 
1311	 0.771301228280582 
1312	 0.771271465818413 
1313	 0.771258430809769 
1314	 0.771213661868123 
1315	 0.77116398591726 
1316	 0.771092433403857 
1317	 0.770993040040118 
1318	 0.770888934783452 
1319	 0.770767443212666 
1320	 0.770644005144442 
1321	 0.770513523328087 
1322	 0.770378883708436 
1323	 0.7702541144873 
1324	 0.770099561978156 
1325	 0.769931052713803 
1326	 0.769740586785165 
1327	 0.769539084617958 
1328	 0.769313604708306 
1329	 0.769079341270328 
1330	 0.768828322388549 
1331	 0.768542972944402 
1332	 0.768225504259111 
1333	 0.767899824116103 
1334	 0.767554363193653 
1335	 0.767183918590944 
1336	 0.76680501081826 
1337	 0.76638718068453 
1338	 0.765937354394726 
1339	 0.765464801910073 
1340	 0.764967346081909 
1341	 0.764436417858314 
1342	 0.763886128535001 
1343	 0.763291993633947 
1344	 0.762657612798164 
1345	 0.762000300028817 
1346	 0.761302955634534 
1347	 0.760583533006212 
1348	 0.759836049542828 
1349	 0.75907049336914 
1350	 0.758272701934174 
1351	 0.757466904134087 
1352	 0.756650127708792 
1353	 0.755805526912611 
1354	 0.754942880933292 
1355	 0.754074659144351 
1356	 0.753199188616916 
1357	 0.752322195207974 
1358	 0.75146261043123 
1359	 0.750600462164851 
1360	 0.74977841822671 
1361	 0.748971703973881 
1362	 0.748201531034297 
1363	 0.747463933475047 
1364	 0.746751077100599 
1365	 0.746067057645805 
1366	 0.745405257720205 
1367	 0.744774000349635 
1368	 0.744162053329061 
1369	 0.743574721907901 
1370	 0.74300165205807 
1371	 0.742467991662506 
1372	 0.741915687287679 
1373	 0.741387973565245 
1374	 0.740825836981962 
1375	 0.740247970100899 
1376	 0.739645062408008 
1377	 0.73903314819527 
1378	 0.738385383624217 
1379	 0.737719036186066 
1380	 0.737004973022965 
1381	 0.736196636954408 
1382	 0.735333526231852 
1383	 0.7343828580626 
1384	 0.733367776978512 
1385	 0.732348335846115 
1386	 0.731295789543777 
1387	 0.73020110240801 
1388	 0.729072934741392 
1389	 0.727929590094979 
1390	 0.726713186019631 
1391	 0.725564684288555 
1392	 0.724425929344334 
1393	 0.72330089923177 
1394	 0.722234620531229 
1395	 0.721100046604351 
1396	 0.719964360766396 
1397	 0.718779054229567 
1398	 0.717574543888977 
1399	 0.716290525627565 
1400	 0.715001536601904 
1401	 0.713571961581264 
1402	 0.712080864673899 
1403	 0.710438462132981 
1404	 0.708669316976772 
1405	 0.706781101202523 
1406	 0.704761536312499 
1407	 0.702657785241121 
1408	 0.70045256961587 
1409	 0.698185383444155 
1410	 0.695893548043711 
1411	 0.693565152135135 
1412	 0.691273197568505 
1413	 0.689066558640545 
1414	 0.686968218015079 
1415	 0.684983400847942 
1416	 0.683118020058466 
1417	 0.681397918038428 
1418	 0.679733572053966 
1419	 0.678180358452494 
1420	 0.67665636339415 
1421	 0.675218985352662 
1422	 0.67380132263122 
1423	 0.672453034200973 
1424	 0.67108550011086 
1425	 0.669751347133001 
1426	 0.668404906726222 
1427	 0.667037334817117 
1428	 0.665704225132059 
1429	 0.664363229838269 
1430	 0.663084773762912 
1431	 0.661828213683904 
1432	 0.66063810073818 
1433	 0.65948782663801 
1434	 0.658418031430187 
1435	 0.657409600906157 
1436	 0.656458621597854 
1437	 0.655579035946963 
1438	 0.654767847849386 
1439	 0.653977636033389 
1440	 0.653236219598132 
1441	 0.65252957967208 
1442	 0.65183872851153 
1443	 0.651186802670025 
1444	 0.650563815872895 
1445	 0.649952163299061 
1446	 0.649372039140091 
1447	 0.648820206380996 
1448	 0.648286406287899 
1449	 0.647789194088014 
1450	 0.64733103116927 
1451	 0.646901477690792 
1452	 0.646514079623116 
1453	 0.64612281861405 
1454	 0.645768165616244 
1455	 0.64538921584149 
1456	 0.645008567072148 
1457	 0.644626809215938 
1458	 0.644238426149033 
1459	 0.64385219596698 
1460	 0.643453481538213 
1461	 0.643081045430202 
1462	 0.642714212401803 
1463	 0.642368314832175 
1464	 0.642035595269086 
1465	 0.641733502401402 
1466	 0.641457675252671 
1467	 0.641186572749785 
1468	 0.640955730789359 
1469	 0.640701388318281 
1470	 0.640432894514923 
1471	 0.640181703505225 
1472	 0.639930560202844 
1473	 0.639689070123132 
1474	 0.639444828246571 
1475	 0.639234227617684 
1476	 0.639036539647535 
1477	 0.638859817380509 
1478	 0.638733042342987 
1479	 0.638628743358033 
1480	 0.638548518187752 
1481	 0.638502328354253 
1482	 0.638475791066833 
1483	 0.638474136296743 
1484	 0.638492030283593 
1485	 0.638526613707218 
1486	 0.638583602041802 
1487	 0.638652668998722 
1488	 0.638743687051116 
1489	 0.638863976963651 
1490	 0.638991609300922 
1491	 0.639146258330774 
1492	 0.63933146516771 
1493	 0.639531525172127 
1494	 0.639745112258982 
1495	 0.63998643929843 
1496	 0.640224125087836 
1497	 0.640460669807821 
1498	 0.640725335290531 
1499	 0.641013228496442 
1500	 0.641299061284062 
1501	 0.641601331019767 
1502	 0.641903934979473 
1503	 0.642201165902093 
1504	 0.642519685604665 
1505	 0.642853672860663 
1506	 0.643194636520374 
1507	 0.64355222498707 
1508	 0.643904054523558 
1509	 0.644266096527463 
1510	 0.64462279451166 
1511	 0.644973436233799 
1512	 0.645331461020177 
1513	 0.645696464301792 
1514	 0.646049177798035 
1515	 0.646417930076452 
1516	 0.64675236804181 
1517	 0.647057379387557 
1518	 0.647368479291122 
1519	 0.647660097094743 
1520	 0.647949612400261 
1521	 0.648245856561196 
1522	 0.648524896379625 
1523	 0.648798021645612 
1524	 0.649052632284189 
1525	 0.649286002779371 
1526	 0.649519891795106 
1527	 0.649748223107679 
1528	 0.649956564621195 
1529	 0.65014700303822 
1530	 0.650337817608326 
1531	 0.650510328389003 
1532	 0.650664307877114 
1533	 0.650825623789723 
1534	 0.650970771235928 
1535	 0.651087405814075 
1536	 0.651206178792046 
1537	 0.651324120481365 
1538	 0.65142111894258 
1539	 0.651522152805144 
1540	 0.651634518470736 
1541	 0.651750995234106 
1542	 0.651887109957866 
1543	 0.652026340087719 
1544	 0.65216316540277 
1545	 0.652303157481442 
1546	 0.652441902308719 
1547	 0.65260144511563 
1548	 0.652763277359409 
1549	 0.652915147517719 
1550	 0.653063949870125 
1551	 0.653222479666364 
1552	 0.653369020774856 
1553	 0.653542017163903 
1554	 0.653738528829549 
1555	 0.653926492475276 
1556	 0.65412193143679 
1557	 0.654318666441098 
1558	 0.654515131653518 
1559	 0.654709373828751 
1560	 0.654908493342399 
1561	 0.655106730889762 
1562	 0.655303889404714 
1563	 0.655504103638251 
1564	 0.65570903239401 
1565	 0.65590098699064 
1566	 0.656097506249926 
1567	 0.656266963756092 
1568	 0.656416942183223 
1569	 0.656573616634276 
1570	 0.65670468249102 
1571	 0.656859661924782 
1572	 0.657018836819958 
1573	 0.657195253111029 
1574	 0.657385626501436 
1575	 0.657586348603537 
1576	 0.657820060928503 
1577	 0.658024300504719 
1578	 0.658216882679525 
1579	 0.658418424621648 
1580	 0.658606777347605 
1581	 0.658804625961308 
1582	 0.659010418625915 
1583	 0.659228183799474 
1584	 0.659433826891963 
1585	 0.659683628304252 
1586	 0.65995286940802 
1587	 0.660255722717733 
1588	 0.660579107703479 
1589	 0.660950737684344 
1590	 0.66136404684613 
1591	 0.66181167718158 
1592	 0.662311883887143 
1593	 0.662828432110338 
1594	 0.663366613199786 
1595	 0.66394134139987 
1596	 0.664556749363317 
1597	 0.66518309168201 
1598	 0.665846059154414 
1599	 0.666514587994937 
1600	 0.667188755880999 
1601	 0.667889734722596 
1602	 0.66861276654501 
1603	 0.669350168154239 
1604	 0.670125394754475 
1605	 0.670883852899424 
1606	 0.671650957515712 
1607	 0.672411303357378 
1608	 0.673170266955059 
1609	 0.673915154462799 
1610	 0.674673848241587 
1611	 0.675388706148377 
1612	 0.676075393945842 
1613	 0.676740550170702 
1614	 0.677382407214422 
1615	 0.677987873280835 
1616	 0.678571931447376 
1617	 0.679117890781871 
1618	 0.679610150593074 
1619	 0.680092544769173 
1620	 0.680539159805352 
1621	 0.680983361098177 
1622	 0.681413077951113 
1623	 0.681833073167899 
1624	 0.682243695207213 
1625	 0.682644666320306 
1626	 0.68302375223774 
1627	 0.683409176902708 
1628	 0.683793385451133 
1629	 0.684170939774851 
1630	 0.684543568870141 
1631	 0.684919874642596 
1632	 0.685284871407844 
1633	 0.685662104382931 
1634	 0.686052162357789 
1635	 0.686440336125929 
1636	 0.686823199744036 
1637	 0.687221808358828 
1638	 0.6876244953062 
1639	 0.688040481413465 
1640	 0.688487595881689 
1641	 0.68891678073577 
1642	 0.689380972997302 
1643	 0.689775760777067 
1644	 0.690164834954517 
1645	 0.690470890449658 
1646	 0.690734687413959 
1647	 0.690893870415882 
1648	 0.690993184617831 
1649	 0.690965440503902 
1650	 0.690835569897275 
1651	 0.69058295958682 
1652	 0.690200237007085 
1653	 0.689717977486111 
1654	 0.689114468404151 
1655	 0.688408332703777 
1656	 0.687567536848351 
1657	 0.68666920443146 
1658	 0.685633279845017 
1659	 0.684591972634795 
1660	 0.683498263687772 
1661	 0.682366216810087 
1662	 0.681192797358915 
1663	 0.679984592661219 
1664	 0.678700222166935 
1665	 0.677439782466465 
1666	 0.676157516391858 
1667	 0.674886583389457 
1668	 0.673599813184933 
1669	 0.672366398301466 
1670	 0.671128654669892 
1671	 0.669968084358524 
1672	 0.668817787637224 
1673	 0.667821656691335 
1674	 0.666900807910324 
1675	 0.666120008943602 
1676	 0.665497975927451 
1677	 0.6649654470511 
1678	 0.66455764727878 
1679	 0.664226700029916 
1680	 0.664013779355546 
1681	 0.66386408734233 
1682	 0.663810810201562 
1683	 0.663802592609817 
1684	 0.663916245002593 
1685	 0.663987215316617 
1686	 0.664118480422869 
1687	 0.664182099682924 
1688	 0.664203600034148 
1689	 0.664226418559052 
1690	 0.664223032820156 
1691	 0.664213767425126 
1692	 0.664193592556814 
1693	 0.664175337001853 
1694	 0.664148905206031 
1695	 0.664110376972298 
1696	 0.664068867479432 
1697	 0.664023219572406 
1698	 0.663958954068682 
1699	 0.663900670287723 
1700	 0.66384151382642 
1701	 0.663794641821599 
1702	 0.663747518021394 
1703	 0.663705621814044 
1704	 0.663693808145803 
1705	 0.663639362944268 
1706	 0.66354658602708 
1707	 0.663497360700844 
1708	 0.66342101801443 
1709	 0.663421900315912 
1710	 0.663466908386404 
1711	 0.663559939214986 
1712	 0.663668152207838 
1713	 0.663903972673473 
1714	 0.664237545022314 
1715	 0.664597785018102 
1716	 0.665048577750641 
1717	 0.665535255705804 
1718	 0.666037621075576 
1719	 0.666642875334589 
1720	 0.667360270737019 
1721	 0.668064538312289 
1722	 0.668843360756517 
1723	 0.669566391292388 
1724	 0.670296987182194 
1725	 0.670990856831119 
1726	 0.671678218372108 
1727	 0.672284480853656 
1728	 0.672878818869365 
1729	 0.673306897315083 
1730	 0.673646033306882 
1731	 0.673899917338819 
1732	 0.674068142136499 
1733	 0.67416420647912 
1734	 0.674163224904092 
1735	 0.674064102113704 
1736	 0.673888777588586 
1737	 0.673603442776203 
1738	 0.673273205988942 
1739	 0.672898490029917 
1740	 0.672442615617847 
1741	 0.6720035224645 
1742	 0.671529154837733 
1743	 0.671007630338856 
1744	 0.670471925369081 
1745	 0.669888438232874 
1746	 0.669320540946489 
1747	 0.668702924888819 
1748	 0.668152543846329 
1749	 0.667605838458271 
1750	 0.667149643601534 
1751	 0.666768254216899 
1752	 0.666439151133076 
1753	 0.666168186530486 
1754	 0.665970657643916 
1755	 0.665824921688984 
1756	 0.665763266336753 
1757	 0.665824380577388 
1758	 0.665878920478197 
1759	 0.666005517070716 
1760	 0.666124324190613 
1761	 0.666287190781268 
1762	 0.666389234156003 
1763	 0.666497091556138 
1764	 0.666529096799393 
1765	 0.66648606226556 
1766	 0.666443230877434 
1767	 0.666378441510009 
1768	 0.666268924352127 
1769	 0.666107498037844 
1770	 0.665975682444785 
1771	 0.665807844713808 
1772	 0.66567202782764 
1773	 0.665558585567802 
1774	 0.665465444626532 
1775	 0.665368556181694 
1776	 0.665317452780517 
1777	 0.665296950835356 
1778	 0.665307552559831 
1779	 0.665340213742158 
1780	 0.66541879303998 
1781	 0.665513352561252 
1782	 0.665596280221375 
1783	 0.665698725991587 
1784	 0.66574477887309 
1785	 0.665761042600951 
1786	 0.665758056177968 
1787	 0.665719841305804 
1788	 0.665748847340456 
1789	 0.665827408696952 
1790	 0.66586238514627 
1791	 0.665915855811159 
1792	 0.665971018012377 
1793	 0.666077478937198 
1794	 0.666281473346854 
1795	 0.666471342173624 
1796	 0.666655549278353 
1797	 0.666881403050892 
1798	 0.667153825763223 
1799	 0.667407001585484 
1800	 0.66771581410841 
1801	 0.663621013941559 
1802	 0.663821805149566 
1803	 0.664012824375173 
1804	 0.664157117153997 
1805	 0.664324809072829 
1806	 0.664484413118587 
1807	 0.664627957108103 
1808	 0.664746798049611 
1809	 0.664893306833599 
1810	 0.665035193990251 
1811	 0.665163732258122 
1812	 0.665281479350965 
1813	 0.66540795316379 
1814	 0.665516856174926 
1815	 0.665615658422407 
1816	 0.665728836621488 
1817	 0.665846096959685 
1818	 0.665963645773424 
1819	 0.66610204677091 
1820	 0.66622027775172 
1821	 0.666352970236423 
1822	 0.666523059532754 
1823	 0.666690504454726 
1824	 0.666904141280865 
1825	 0.667142563000438 
1826	 0.667367200554874 
1827	 0.667625225391687 
1828	 0.667902646904829 
1829	 0.668210232949601 
1830	 0.668532241499514 
1831	 0.668881484085282 
1832	 0.669257223966041 
1833	 0.669631608390992 
1834	 0.670004902842645 
1835	 0.670383002726018 
1836	 0.670755791524236 
1837	 0.671132420337491 
1838	 0.671510217040298 
1839	 0.671883749910073 
1840	 0.672257720632455 
1841	 0.672630600580569 
1842	 0.672969701884432 
1843	 0.673307240320961 
1844	 0.67365782964578 
1845	 0.673996741896652 
1846	 0.674324851581787 
1847	 0.674664151703963 
1848	 0.674973115015929 
1849	 0.675270226398978 
1850	 0.675540013928056 
1851	 0.675772774084318 
1852	 0.67598643306669 
1853	 0.676140447043277 
1854	 0.676227529858958 
1855	 0.676302845801606 
1856	 0.676320956007902 
1857	 0.676290594680638 
1858	 0.676233293387169 
1859	 0.676109527389938 
1860	 0.675926124029443 
1861	 0.675680820910894 
1862	 0.675394152679623 
1863	 0.675067726685414 
1864	 0.674723384652488 
1865	 0.674329876838705 
1866	 0.673875581091872 
1867	 0.673370139607593 
1868	 0.672828897959053 
1869	 0.672232902691698 
1870	 0.671589251590217 
1871	 0.670926828630416 
1872	 0.670203786276085 
1873	 0.669380679049749 
1874	 0.668487063820862 
1875	 0.667499977607667 
1876	 0.666420884235857 
1877	 0.665219035184839 
1878	 0.663953530848418 
1879	 0.662503303484615 
1880	 0.660958251441461 
1881	 0.659199888848832 
1882	 0.657264801519715 
1883	 0.655164455563176 
1884	 0.652900902000043 
1885	 0.650403106167592 
1886	 0.647726543940779 
1887	 0.644849492453619 
1888	 0.641797978664475 
1889	 0.638505094318219 
1890	 0.635112710242616 
1891	 0.631464455806482 
1892	 0.627825664153659 
1893	 0.624053885290188 
1894	 0.620222597226142 
1895	 0.616402769896609 
1896	 0.612592523432786 
1897	 0.608855997075763 
1898	 0.605096645896808 
1899	 0.601493732243451 
1900	 0.597939534675883 
1901	 0.594546979414198 
1902	 0.591236771032609 
1903	 0.588110061264068 
1904	 0.585139773273471 
1905	 0.582304891387425 
1906	 0.579657987561909 
1907	 0.577208359771167 
1908	 0.574863997175328 
1909	 0.572685121970082 
1910	 0.570615742350091 
1911	 0.568665745887183 
1912	 0.566857808863901 
1913	 0.565202610945663 
1914	 0.563649076449886 
1915	 0.562233955874287 
1916	 0.560929179349753 
1917	 0.559717933390403 
1918	 0.558612655805835 
1919	 0.557610462212539 
1920	 0.556717123371333 
1921	 0.555918796837805 
1922	 0.555237745930456 
1923	 0.554628882408107 
1924	 0.554140062913234 
1925	 0.553692624613342 
1926	 0.553310245308967 
1927	 0.553008657942914 
1928	 0.552772519139882 
1929	 0.552608986823983 
1930	 0.552494483714545 
1931	 0.552448837857255 
1932	 0.552460122765746 
1933	 0.552527466047676 
1934	 0.552646590501838 
1935	 0.552830250281776 
1936	 0.553070551761087 
1937	 0.553363209243753 
1938	 0.553707410064637 
1939	 0.554110903265426 
1940	 0.554586077619361 
1941	 0.55507896758226 
1942	 0.555614586647129 
1943	 0.556184896855872 
1944	 0.556806670285463 
1945	 0.557437116325692 
1946	 0.558114658518788 
1947	 0.558787489619427 
1948	 0.559493509852667 
1949	 0.560174537134305 
1950	 0.560859524364332 
1951	 0.561533292878342 
1952	 0.562193699660923 
1953	 0.562844335686998 
1954	 0.563470278802123 
1955	 0.564085420878306 
1956	 0.564679739481316 
1957	 0.565211757605313 
1958	 0.565802250418771 
1959	 0.566410208677689 
1960	 0.567014362026901 
1961	 0.567631757071417 
1962	 0.568267507471975 
1963	 0.568912052152095 
1964	 0.569539373048867 
1965	 0.570221039726446 
1966	 0.570942267413997 
1967	 0.571672164501633 
1968	 0.572416639689174 
1969	 0.573193747061015 
1970	 0.574002133090729 
1971	 0.574822716166488 
1972	 0.575678268428439 
1973	 0.576536641841138 
1974	 0.577433802762648 
1975	 0.578298318346165 
1976	 0.579162651985087 
1977	 0.580036137050238 
1978	 0.580887328069086 
1979	 0.581719433831221 
1980	 0.582547820994949 
1981	 0.58336614683169 
1982	 0.584182684063489 
1983	 0.584991921587112 
1984	 0.58579260911605 
1985	 0.586592961724626 
1986	 0.587381856911318 
1987	 0.588160529862013 
1988	 0.58893123423938 
1989	 0.589680538722049 
1990	 0.590416427363764 
1991	 0.591140188838267 
1992	 0.591856168815403 
1993	 0.592536984991999 
1994	 0.593221958594206 
1995	 0.593845197238685 
1996	 0.594434249231483 
1997	 0.594970166578675 
1998	 0.595464173509433 
1999	 0.595904476359406 
2000	 0.596300167729685 
2001	 0.596639547687102 
2002	 0.596907123287066 
2003	 0.597125588701756 
2004	 0.597254904881082 
2005	 0.597293112975975 
2006	 0.597291811518561 
2007	 0.597222181757787 
2008	 0.597096431106707 
2009	 0.596918607890992 
2010	 0.596676094000791 
2011	 0.59635661948536 
2012	 0.595991349832155 
2013	 0.595556458921275 
2014	 0.595099077254767 
2015	 0.594571328435016 
2016	 0.593990025733844 
2017	 0.593350749151393 
2018	 0.592637472717181 
2019	 0.591898403765711 
2020	 0.591114007714819 
2021	 0.590280408303821 
2022	 0.589403001798117 
2023	 0.588484517728604 
2024	 0.587493818545419 
2025	 0.586490914711206 
2026	 0.585452020908493 
2027	 0.58439999590109 
2028	 0.583307374842746 
2029	 0.582195290865829 
2030	 0.581023728242082 
2031	 0.579810049261457 
2032	 0.578552951001072 
2033	 0.577240259902717 
2034	 0.575902588487331 
2035	 0.574524587315696 
2036	 0.573118433197839 
2037	 0.571678984038193 
2038	 0.570204123132551 
2039	 0.568689995310421 
2040	 0.567153455323127 
2041	 0.565562104828858 
2042	 0.563964127055529 
2043	 0.562368976318495 
2044	 0.560760397602287 
2045	 0.559141148755049 
2046	 0.557530312512297 
2047	 0.555883779976225 
2048	 0.554183988459937 
2049	 0.552522286942283 
2050	 0.550837905843087 
2051	 0.549198195985923 
2052	 0.547607996190918 
2053	 0.546001614021115 
2054	 0.544403918727024 
2055	 0.542813414363193 
2056	 0.541233219603262 
2057	 0.539645474472184 
2058	 0.53808999238327 
2059	 0.536557769266069 
2060	 0.535035698683336 
2061	 0.533527013446182 
2062	 0.532033439675756 
2063	 0.530541084738205 
2064	 0.529094415144213 
2065	 0.527650748421748 
2066	 0.526272628590325 
2067	 0.524957122367088 
2068	 0.523665715117415 
2069	 0.522384066379809 
2070	 0.521162393757733 
2071	 0.519972940212784 
2072	 0.518780580668002 
2073	 0.517703936873617 
2074	 0.516690950017413 
2075	 0.515759378925348 
2076	 0.514926863862618 
2077	 0.514127715423332 
2078	 0.513414116373017 
2079	 0.512717243425053 
2080	 0.512060358571678 
2081	 0.511442801511563 
2082	 0.510868253906018 
2083	 0.510330399639828 
2084	 0.509824311609948 
2085	 0.509353946765394 
2086	 0.508928440154899 
2087	 0.508528529044662 
2088	 0.508124310186304 
2089	 0.507755062344522 
2090	 0.50737119062558 
2091	 0.506966016777595 
2092	 0.506597805957663 
2093	 0.506262515162109 
2094	 0.505908849081224 
2095	 0.505549966115506 
2096	 0.505221745424545 
2097	 0.504863291141986 
2098	 0.504573959368281 
2099	 0.504342569345961 
2100	 0.50412467521577 
2101	 0.503943397965578 
2102	 0.503823254961165 
2103	 0.503712735984957 
2104	 0.503625137888469 
2105	 0.503574862722903 
2106	 0.503555823557563 
2107	 0.503569822211673 
2108	 0.503642506168757 
2109	 0.503698465162872 
2110	 0.503774873139224 
2111	 0.503858175334207 
2112	 0.503924606904303 
2113	 0.504036239121688 
2114	 0.504183753578613 
2115	 0.504342647278426 
2116	 0.504519283725221 
2117	 0.504711827042903 
2118	 0.504908648005089 
2119	 0.505075916682646 
2120	 0.505248980286183 
2121	 0.505406524509701 
2122	 0.505603853131237 
2123	 0.505845408318491 
2124	 0.506015509003875 
2125	 0.506228629005233 
2126	 0.506317336424955 
2127	 0.506337491853283 
2128	 0.506269068261207 
2129	 0.506148826324898 
2130	 0.505913024181048 
2131	 0.505558068936074 
2132	 0.505141523130425 
2133	 0.504617130795858 
2134	 0.5040278027627 
2135	 0.503332439093333 
2136	 0.502668492389849 
2137	 0.502000117891536 
2138	 0.50134675139288 
2139	 0.500842227968968 
2140	 0.500370639366008 
2141	 0.500119009586271 
2142	 0.499994820532276 
2143	 0.500046683405173 
2144	 0.500336558888774 
2145	 0.500658724022252 
2146	 0.501161997290061 
2147	 0.501664571553177 
2148	 0.502336697343359 
2149	 0.502872464440563 
2150	 0.503413249171708 
2151	 0.503912083443853 
2152	 0.504239381018657 
2153	 0.504519847961974 
2154	 0.504673634291667 
2155	 0.504714657405773 
2156	 0.504691800244134 
2157	 0.504528487373293 
2158	 0.504405721752836 
2159	 0.504182650475449 
2160	 0.504077918026389 
2161	 0.503946547082613 
2162	 0.503954111755135 
2163	 0.504000856900561 
2164	 0.504212184115114 
2165	 0.504549886462766 
2166	 0.504997404593959 
2167	 0.505584036498401 
2168	 0.506275353341018 
2169	 0.507120831399666 
2170	 0.507999739341901 
2171	 0.508994824065945 
2172	 0.510067608292639 
2173	 0.511149323361335 
2174	 0.512189280704848 
2175	 0.513163452504152 
2176	 0.514119261833247 
2177	 0.514946742245194 
2178	 0.515698448837745 
2179	 0.516325974944332 
2180	 0.516821897452497 
2181	 0.517285747651111 
2182	 0.517598462298569 
2183	 0.5179751385546 
2184	 0.518277577100314 
2185	 0.51867417524816 
2186	 0.519066388240273 
2187	 0.519548709028136 
2188	 0.520123943270986 
2189	 0.520716389682808 
2190	 0.521361629868241 
2191	 0.522058288740999 
2192	 0.522823202135633 
2193	 0.523626730819037 
2194	 0.524375052797519 
2195	 0.525096178113788 
2196	 0.525708642259426 
2197	 0.526165122869905 
2198	 0.526566284516779 
2199	 0.526888099464104 
2200	 0.527144191515961 
2201	 0.527279846686338 
2202	 0.527415129766726 
2203	 0.527447996039186 
2204	 0.527554907311499 
2205	 0.527596139570044 
2206	 0.527763900315619 
2207	 0.527959498928317 
2208	 0.528288406297097 
2209	 0.528715103719408 
2210	 0.529227125705739 
2211	 0.529913593180576 
2212	 0.530584546727573 
2213	 0.531337209503662 
2214	 0.53207717789879 
2215	 0.532868963212701 
2216	 0.533608193524964 
2217	 0.534341902563573 
2218	 0.535036026296355 
2219	 0.535627011077569 
2220	 0.536159864671383 
2221	 0.536495829650355 
2222	 0.536707204757841 
2223	 0.536759708437957 
2224	 0.536592739884609 
2225	 0.536418864294796 
2226	 0.536210328289833 
2227	 0.535757077499046 
2228	 0.535196658779657 
2229	 0.534422413599037 
2230	 0.533389157131217 
2231	 0.53223604834039 
2232	 0.530957650155736 
2233	 0.52945342528928 
2234	 0.527724869792122 
2235	 0.525861770681141 
2236	 0.523781020897331 
2237	 0.521594432490627 
2238	 0.519244774824378 
2239	 0.516782276050008 
2240	 0.514079650735459 
2241	 0.51141630209116 
2242	 0.508723031653442 
2243	 0.50589747696842 
2244	 0.502991082935195 
2245	 0.500154818709228 
2246	 0.497326122007771 
2247	 0.494516117648186 
2248	 0.491905917783501 
2249	 0.489475371080848 
2250	 0.487094393104428 
2251	 0.484820089084369 
2252	 0.482620242368605 
2253	 0.480505467686304 
2254	 0.478526353161051 
2255	 0.476693404440029 
2256	 0.474852761468472 
2257	 0.47318256627886 
2258	 0.471410144224891 
2259	 0.469533382545747 
2260	 0.467825439192798 
2261	 0.466207367765099 
2262	 0.464582065062358 
2263	 0.463027412820691 
2264	 0.461521537957931 
2265	 0.459953726546726 
2266	 0.458545151243829 
2267	 0.457294028695019 
2268	 0.456074773441138 
2269	 0.454857342885105 
2270	 0.453843292391309 
2271	 0.452972405203397 
2272	 0.452182112857906 
2273	 0.451570847186729 
2274	 0.451089272422649 
2275	 0.450544365122624 
2276	 0.450019480300391 
2277	 0.449535497697175 
2278	 0.449052309042556 
2279	 0.448658011776856 
2280	 0.448366477616636 
2281	 0.447985893238641 
2282	 0.447667823540136 
2283	 0.447215771078366 
2284	 0.446699402927478 
2285	 0.446094466516609 
2286	 0.44538395190746 
2287	 0.444680341622587 
2288	 0.443895151791688 
2289	 0.44311165901501 
2290	 0.442305338147576 
2291	 0.441501008015233 
2292	 0.440590741747107 
2293	 0.439832373051115 
2294	 0.439111468369571 
2295	 0.43849666895527 
2296	 0.438002382073409 
2297	 0.437547035301676 
2298	 0.437148956557834 
2299	 0.436846253117205 
2300	 0.436533505825646 
2301	 0.436474471430636 
2302	 0.436688423332731 
2303	 0.436868972133952 
2304	 0.437343758464672 
2305	 0.437622687531313 
2306	 0.437828830535251 
2307	 0.437972051139519 
2308	 0.438143939288946 
2309	 0.438066817562496 
2310	 0.437852269590638 
2311	 0.437473048099352 
2312	 0.436899373600584 
2313	 0.436117843980832 
2314	 0.435093425336786 
2315	 0.433982061073334 
2316	 0.43280146553992 
2317	 0.431375115445665 
2318	 0.430109445879894 
2319	 0.428867088120617 
2320	 0.427631887969262 
2321	 0.426333213558166 
2322	 0.425234253522875 
2323	 0.424232135430072 
2324	 0.423248659822718 
2325	 0.422374119457759 
2326	 0.42151488843178 
2327	 0.420684604211086 
2328	 0.419857218413801 
2329	 0.419086448491015 
2330	 0.418330131419974 
2331	 0.417548187133402 
2332	 0.416835054545738 
2333	 0.416228681986886 
2334	 0.415550272534944 
2335	 0.414821537174242 
2336	 0.414186813574201 
2337	 0.413523682619787 
2338	 0.413013281415292 
2339	 0.412664352057858 
2340	 0.412271084174796 
2341	 0.411905552783821 
2342	 0.411641469076442 
2343	 0.411363033341013 
2344	 0.411262675640454 
2345	 0.41139601106977 
2346	 0.411463941806974 
2347	 0.411595476075948 
2348	 0.411769200467389 
2349	 0.411994286705421 
2350	 0.412191227474209 
2351	 0.412461705107364 
2352	 0.412670071055251 
2353	 0.412742580014545 
2354	 0.412962938533058 
2355	 0.413189412774058 
2356	 0.413549285661422 
2357	 0.414077392718933 
2358	 0.414600055764552 
2359	 0.415125258406971 
2360	 0.415817445324478 
2361	 0.416656275448425 
2362	 0.417499061881108 
2363	 0.418554954917138 
2364	 0.419505295489331 
2365	 0.420450919572485 
2366	 0.421292845111793 
2367	 0.422049931162215 
2368	 0.422804775501269 
2369	 0.423448587409128 
2370	 0.424104140397885 
2371	 0.424772347979234 
2372	 0.425413785449642 
2373	 0.426022696809624 
2374	 0.426640620459808 
2375	 0.42720952404025 
2376	 0.427860990245978 
2377	 0.428540267445581 
2378	 0.429237582184956 
2379	 0.430144754532367 
2380	 0.430811530089128 
2381	 0.431325448707795 
2382	 0.431806607944352 
2383	 0.432068436587574 
2384	 0.432475036379236 
2385	 0.43307561219358 
2386	 0.433603612045728 
2387	 0.433968514801478 
2388	 0.434246771684566 
2389	 0.434329129103164 
2390	 0.434441797906178 
2391	 0.434753477396563 
2392	 0.435022625946712 
2393	 0.435506039392854 
2394	 0.435938726581067 
2395	 0.436000472299021 
2396	 0.436249531159501 
2397	 0.436429045116899 
2398	 0.436353317882203 
2399	 0.436351204145662 
2400	 0.436250931807161 
2401	 0.436047098560537 
2402	 0.43596498747289 
2403	 0.435958639065134 
2404	 0.435796985059549 
2405	 0.435667290552801 
2406	 0.435398552602855 
2407	 0.434932177773092 
2408	 0.434712376902572 
2409	 0.434388557657348 
2410	 0.433761881296686 
2411	 0.433238607299803 
2412	 0.432704024652517 
2413	 0.432227432075963 
2414	 0.431963266448725 
2415	 0.431796648110403 
2416	 0.431537876646257 
2417	 0.430801811982898 
2418	 0.429637238996869 
2419	 0.428427830677615 
2420	 0.427582716973888 
2421	 0.426782153946165 
2422	 0.425906833720162 
2423	 0.425120062803248 
2424	 0.42401139097011 
2425	 0.422905716499007 
2426	 0.421857932051422 
2427	 0.420234109373472 
2428	 0.418870762499462 
2429	 0.417732718772702 
2430	 0.41608795170587 
2431	 0.414978478952658 
2432	 0.413554863195953 
2433	 0.411427994709304 
2434	 0.40999660877272 
2435	 0.408798522710414 
2436	 0.407506433339239 
2437	 0.406224221597597 
2438	 0.404968166909032 
2439	 0.403458416046302 
2440	 0.401480328617455 
2441	 0.39975106769383 
2442	 0.398110548889482 
2443	 0.396621446616526 
2444	 0.395396700032824 
2445	 0.393725683272432 
2446	 0.392085494128838 
2447	 0.390275131004382 
2448	 0.387730512968316 
2449	 0.385817293627373 
2450	 0.383771238703422 
2451	 0.380664835163947 
2452	 0.378572435683634 
2453	 0.376932199061044 
2454	 0.374614136273245 
2455	 0.372455868374392 
2456	 0.370082508224956 
2457	 0.367252869496159 
2458	 0.364876746618855 
2459	 0.362997612363894 
2460	 0.361301872756583 
2461	 0.3597934681235 
2462	 0.358312729539288 
2463	 0.357501714911857 
2464	 0.356443775936568 
2465	 0.355080441866349 
2466	 0.353820657681089 
2467	 0.352556014961855 
2468	 0.351269349300789 
2469	 0.349860855107809 
2470	 0.34891079028452 
2471	 0.348375662531201 
2472	 0.347481301149467 
2473	 0.346836826721866 
2474	 0.345639913354649 
2475	 0.343421454526024 
2476	 0.342607928133153 
2477	 0.342458212206887 
2478	 0.342292375325336 
2479	 0.342995694259615 
2480	 0.343320116405645 
2481	 0.343293422992292 
2482	 0.344168954650039 
2483	 0.345957116309241 
2484	 0.347235749671028 
2485	 0.349127028587417 
2486	 0.349732585354847 
2487	 0.349032877015536 
2488	 0.349948361941629 
2489	 0.350583402200345 
2490	 0.352590833063571 
2491	 0.354288175414917 
2492	 0.353683492139547 
2493	 0.353975615127825 
2494	 0.355748585954334 
2495	 0.356198242163903 
2496	 0.356409677195701 
2497	 0.358593440230271 
2498	 0.358885668659386 
2499	 0.359936833745013 
2500	 0.362650092690638 
