Wavelength	C:\Documents and Settings\All Users\Application Data\ASD\Indico Pro\Projects\McBeth_080818\#20.txt
350	 0.173631937944396 
351	 0.166556684661675 
352	 0.166124495288086 
353	 0.165892216388161 
354	 0.162255318968848 
355	 0.1561919512403 
356	 0.153811922663934 
357	 0.153915895969963 
358	 0.153535003240963 
359	 0.149028549607518 
360	 0.148010340041117 
361	 0.149859515125969 
362	 0.150648223056147 
363	 0.148603102832019 
364	 0.149692770102327 
365	 0.152785926746029 
366	 0.150113801001008 
367	 0.153773027552096 
368	 0.155827943004832 
369	 0.152576037347339 
370	 0.158383439448731 
371	 0.160626518849313 
372	 0.1603306847083 
373	 0.162561212705591 
374	 0.164620401782409 
375	 0.169244573321183 
376	 0.175294232016231 
377	 0.178403990974343 
378	 0.180988418012419 
379	 0.184606306313135 
380	 0.189834724033929 
381	 0.195492013493879 
382	 0.202034461269118 
383	 0.208722837714839 
384	 0.214943282798355 
385	 0.223162546741493 
386	 0.230573392595904 
387	 0.237200661141854 
388	 0.2456670135463 
389	 0.254960377004734 
390	 0.264684873863995 
391	 0.275116787706023 
392	 0.28795433098013 
393	 0.300970017219841 
394	 0.313748165178115 
395	 0.326625958174834 
396	 0.340521693195293 
397	 0.355712071756456 
398	 0.371242237539684 
399	 0.385632520877599 
400	 0.402361747951867 
401	 0.418387009617189 
402	 0.432603188262248 
403	 0.449605816788857 
404	 0.465291666829506 
405	 0.47968895127943 
406	 0.493679536245249 
407	 0.505861383835784 
408	 0.518127663718656 
409	 0.530335116243356 
410	 0.540624331201099 
411	 0.549641040689737 
412	 0.557050837609617 
413	 0.563005233219287 
414	 0.5689548209357 
415	 0.573822371468954 
416	 0.577573370561698 
417	 0.580546338140462 
418	 0.582627140974139 
419	 0.584765834229807 
420	 0.586919257595841 
421	 0.588030362716207 
422	 0.588951490154634 
423	 0.589417631011035 
424	 0.589401105853808 
425	 0.590041974070818 
426	 0.590818992710262 
427	 0.591333354141669 
428	 0.591352151067538 
429	 0.591417021597021 
430	 0.591417604359478 
431	 0.591421631243855 
432	 0.591817414466187 
433	 0.591722941726727 
434	 0.591459113624347 
435	 0.591475349564953 
436	 0.591560538320426 
437	 0.591651640992132 
438	 0.591709744467109 
439	 0.591722844791296 
440	 0.591767381729304 
441	 0.591765872078427 
442	 0.591716849772154 
443	 0.591804645680296 
444	 0.591724447826775 
445	 0.591604027606927 
446	 0.591617523609278 
447	 0.591413488995406 
448	 0.591289028808186 
449	 0.591190759319995 
450	 0.590741459307754 
451	 0.590287364947181 
452	 0.589979382228423 
453	 0.589779506400563 
454	 0.589279968974828 
455	 0.58870525948755 
456	 0.5882345506139 
457	 0.587967016447922 
458	 0.58756698480489 
459	 0.587212109278201 
460	 0.586892999086934 
461	 0.586286640712448 
462	 0.585889449720031 
463	 0.585620479479472 
464	 0.585270995915544 
465	 0.584780357315675 
466	 0.584208034669192 
467	 0.58379046093066 
468	 0.583793434911969 
469	 0.583273836747735 
470	 0.582743512931429 
471	 0.582562340993141 
472	 0.582379510940964 
473	 0.581826096684467 
474	 0.581235747662344 
475	 0.581062489244409 
476	 0.580721462789768 
477	 0.58032201197666 
478	 0.580038528918132 
479	 0.580052472622375 
480	 0.579792214325315 
481	 0.579371976672237 
482	 0.579032319228394 
483	 0.578903365503716 
484	 0.578583952979008 
485	 0.57822300842626 
486	 0.578228517196416 
487	 0.578090497791893 
488	 0.577808095939537 
489	 0.577560377265027 
490	 0.577747699206541 
491	 0.577753886898502 
492	 0.577574694690376 
493	 0.577408954547622 
494	 0.577349207170096 
495	 0.577239893505825 
496	 0.577099214536847 
497	 0.577118411957314 
498	 0.57708590001733 
499	 0.577041693450223 
500	 0.577031607360055 
501	 0.576938205654558 
502	 0.577091305749076 
503	 0.577321198068826 
504	 0.57725073057879 
505	 0.57731385043888 
506	 0.577401193791582 
507	 0.577432855866502 
508	 0.577482852948968 
509	 0.577441918784947 
510	 0.57746081848128 
511	 0.577670594597897 
512	 0.577710580004191 
513	 0.577743489145985 
514	 0.577813707382923 
515	 0.577831400257517 
516	 0.577821790463543 
517	 0.577823143488669 
518	 0.577889142011942 
519	 0.578143896001316 
520	 0.578203352883565 
521	 0.578130515893204 
522	 0.578214508892868 
523	 0.578335259308073 
524	 0.578368861547623 
525	 0.578311006039615 
526	 0.578354319949642 
527	 0.578467512008856 
528	 0.578504471030085 
529	 0.578371509932675 
530	 0.578428233242907 
531	 0.578553145103867 
532	 0.578635875231082 
533	 0.578609420648855 
534	 0.57862464746159 
535	 0.578693477079734 
536	 0.578766470020168 
537	 0.57871735077338 
538	 0.578599503189509 
539	 0.578502300787985 
540	 0.578522187009975 
541	 0.578600352595719 
542	 0.578682288509117 
543	 0.578704904272941 
544	 0.578559000588148 
545	 0.57859972189109 
546	 0.578701405915484 
547	 0.578634862810708 
548	 0.578681901788136 
549	 0.578683716977966 
550	 0.578622493751463 
551	 0.57866713621128 
552	 0.578602681526559 
553	 0.578550111504971 
554	 0.578626285739854 
555	 0.578662639549091 
556	 0.578694470888613 
557	 0.578704684509071 
558	 0.57864871215025 
559	 0.578596085228388 
560	 0.578619597221382 
561	 0.578733152674096 
562	 0.578836236256118 
563	 0.578916611550927 
564	 0.579003462377767 
565	 0.579134399582009 
566	 0.579240657183525 
567	 0.579381273827413 
568	 0.579553547409245 
569	 0.579661513287323 
570	 0.579742250503549 
571	 0.579824419665983 
572	 0.57992558556678 
573	 0.580033152545841 
574	 0.580073913891829 
575	 0.580041287057494 
576	 0.579991388644149 
577	 0.580059427455806 
578	 0.580041572346767 
579	 0.579853639781285 
580	 0.579831931520211 
581	 0.579827752720315 
582	 0.579802615917789 
583	 0.579764521550366 
584	 0.579714247935467 
585	 0.579723215647487 
586	 0.579779779189818 
587	 0.579741458895076 
588	 0.579713711071077 
589	 0.57966860863881 
590	 0.579568521941479 
591	 0.579514344126059 
592	 0.579386329833783 
593	 0.579193080094757 
594	 0.579056494418738 
595	 0.578815138347837 
596	 0.578579809986438 
597	 0.578433642499331 
598	 0.578238880909232 
599	 0.578114092578709 
600	 0.578012897637362 
601	 0.577814542035719 
602	 0.577574400241338 
603	 0.57735416016608 
604	 0.577176357870441 
605	 0.576998977572008 
606	 0.576820479079049 
607	 0.576653750076146 
608	 0.57649353581446 
609	 0.57621910060205 
610	 0.575929338293266 
611	 0.575665077454339 
612	 0.575398733580499 
613	 0.57513786428293 
614	 0.574915492736257 
615	 0.574748569497257 
616	 0.574607036338539 
617	 0.574398234267336 
618	 0.574111682133557 
619	 0.573805376873738 
620	 0.573649091501377 
621	 0.573490454866997 
622	 0.573238562540852 
623	 0.572975397618528 
624	 0.572789866865337 
625	 0.572613541377405 
626	 0.572348390653356 
627	 0.572068466507793 
628	 0.571817141982186 
629	 0.571581568448311 
630	 0.571296333415938 
631	 0.571061562455597 
632	 0.570882231687235 
633	 0.570708614143041 
634	 0.570391932199091 
635	 0.570070164986375 
636	 0.569823656127651 
637	 0.569677107368422 
638	 0.569499481095563 
639	 0.569280996505187 
640	 0.569044678135816 
641	 0.56884551661616 
642	 0.568565741597609 
643	 0.568317338153048 
644	 0.568211315525909 
645	 0.567934033275357 
646	 0.567673145922505 
647	 0.567487020983369 
648	 0.567277250355104 
649	 0.567013448879753 
650	 0.566808201849194 
651	 0.566717101878943 
652	 0.566547249718576 
653	 0.566358818345853 
654	 0.566188307040899 
655	 0.566047053175211 
656	 0.565826309189062 
657	 0.565587813995509 
658	 0.565369039393976 
659	 0.565136167818768 
660	 0.564867352258354 
661	 0.564588014574237 
662	 0.564327771205409 
663	 0.564055537971297 
664	 0.563753934832156 
665	 0.563484690130698 
666	 0.563365241991333 
667	 0.56316320215226 
668	 0.562897454138752 
669	 0.562636421396539 
670	 0.562446876314702 
671	 0.562233475423873 
672	 0.56197186224008 
673	 0.561681722311614 
674	 0.561430875969168 
675	 0.561179212031442 
676	 0.56092472801584 
677	 0.56073482245686 
678	 0.560483537903183 
679	 0.560205904954153 
680	 0.55996568094184 
681	 0.559756812715389 
682	 0.559547141532607 
683	 0.559307523661556 
684	 0.559025107747447 
685	 0.558843401405431 
686	 0.558712833106397 
687	 0.55857053468512 
688	 0.558394496263062 
689	 0.558163392025459 
690	 0.557912696890378 
691	 0.55769721256034 
692	 0.557542794042539 
693	 0.557350582983245 
694	 0.557091182793493 
695	 0.556814584815714 
696	 0.556522486269075 
697	 0.556255761870029 
698	 0.556028731982564 
699	 0.555773248820963 
700	 0.555494242887548 
701	 0.555230933739185 
702	 0.555024252919733 
703	 0.554782150149456 
704	 0.554503023807175 
705	 0.554229854040073 
706	 0.554052809154468 
707	 0.553842643562517 
708	 0.553628726647349 
709	 0.553452094992831 
710	 0.553235244296273 
711	 0.553018918881299 
712	 0.552794283996599 
713	 0.552528154427179 
714	 0.55231165694756 
715	 0.552106985770181 
716	 0.551877683144361 
717	 0.551618521089896 
718	 0.551377929966344 
719	 0.551157809113013 
720	 0.550946864604508 
721	 0.550754775388113 
722	 0.550558115078145 
723	 0.550381743898946 
724	 0.550275257105708 
725	 0.550013197664739 
726	 0.549708278659337 
727	 0.549454168615741 
728	 0.549166892569237 
729	 0.549001841135514 
730	 0.548811755067855 
731	 0.548425513971456 
732	 0.548174906171144 
733	 0.548007316283204 
734	 0.547829888054246 
735	 0.547545356550439 
736	 0.547323257622453 
737	 0.54712071112287 
738	 0.546878559814657 
739	 0.546584920370329 
740	 0.546376812227477 
741	 0.546223660847604 
742	 0.546029693278511 
743	 0.54578073926057 
744	 0.545561646200644 
745	 0.545365958645223 
746	 0.545094602249686 
747	 0.544912983342301 
748	 0.544732442542274 
749	 0.544469849931378 
750	 0.544176007768825 
751	 0.543904658257147 
752	 0.543631313162148 
753	 0.543326898195833 
754	 0.543164571205868 
755	 0.54297270319359 
756	 0.54269640684377 
757	 0.542426976375983 
758	 0.54222639645213 
759	 0.541979819170348 
760	 0.541634425572659 
761	 0.541362866292169 
762	 0.541162648895119 
763	 0.540951418198613 
764	 0.5406536552047 
765	 0.540453555055373 
766	 0.540254567414689 
767	 0.54000648413305 
768	 0.539724764544773 
769	 0.539476786451374 
770	 0.539238745596713 
771	 0.538982637053955 
772	 0.538699509025334 
773	 0.538520191336211 
774	 0.538359857433991 
775	 0.538089827333623 
776	 0.537768876466605 
777	 0.537553226748079 
778	 0.537403415916591 
779	 0.537135371109447 
780	 0.536874869732583 
781	 0.536644024930817 
782	 0.536425008972279 
783	 0.53615667290133 
784	 0.535892910646299 
785	 0.535659616087852 
786	 0.535444296629074 
787	 0.53512100502079 
788	 0.534866325811539 
789	 0.534676539043099 
790	 0.534441130960573 
791	 0.534209376531943 
792	 0.533989965839332 
793	 0.533782789632674 
794	 0.533580233492395 
795	 0.533306814282751 
796	 0.533066156699909 
797	 0.532912185982112 
798	 0.53265025248114 
799	 0.532322655703819 
800	 0.532039591566422 
801	 0.531896810013863 
802	 0.531726183511639 
803	 0.53150928330883 
804	 0.531263811244171 
805	 0.531031475944442 
806	 0.530818353810872 
807	 0.530621165268748 
808	 0.530428456219264 
809	 0.53022197237294 
810	 0.529988834230746 
811	 0.529757103507529 
812	 0.529546076953844 
813	 0.52929032985335 
814	 0.529072839904949 
815	 0.528868696113342 
816	 0.528602688388628 
817	 0.528315415690266 
818	 0.528054083700316 
819	 0.527845460374528 
820	 0.527686226189008 
821	 0.527451234128495 
822	 0.527191866328222 
823	 0.526968835103833 
824	 0.526787242961236 
825	 0.526592089288505 
826	 0.526381872330767 
827	 0.526192326839324 
828	 0.526132905162974 
829	 0.526002839343922 
830	 0.525759122563276 
831	 0.525478352887977 
832	 0.525288841650645 
833	 0.525144085604529 
834	 0.524975786834839 
835	 0.524726219880853 
836	 0.524560502786707 
837	 0.524412130637084 
838	 0.52421842294588 
839	 0.524007273043552 
840	 0.523807589452609 
841	 0.523628801594466 
842	 0.52346745533868 
843	 0.523311608667755 
844	 0.523110649080498 
845	 0.522898569130321 
846	 0.522735487738207 
847	 0.52256203233374 
848	 0.522369523098236 
849	 0.522163214478708 
850	 0.521959132784604 
851	 0.521780324058326 
852	 0.521557958144953 
853	 0.521312161276409 
854	 0.521198609811206 
855	 0.520999458083739 
856	 0.520784014316198 
857	 0.520633595516017 
858	 0.520501112487408 
859	 0.520302544538543 
860	 0.520072467787305 
861	 0.519874435878106 
862	 0.519692680530667 
863	 0.519518597322855 
864	 0.51934189616602 
865	 0.51915635091143 
866	 0.518985527129095 
867	 0.518800939877241 
868	 0.51859392026163 
869	 0.518381787613374 
870	 0.518207420356418 
871	 0.518096379228535 
872	 0.518009087719036 
873	 0.517833314065184 
874	 0.517700289834282 
875	 0.517574028920324 
876	 0.517414444237639 
877	 0.517246496171645 
878	 0.517107525505984 
879	 0.516994699195173 
880	 0.516879755389833 
881	 0.516693421515982 
882	 0.51660759804766 
883	 0.516520492648028 
884	 0.516285110857328 
885	 0.516115731580259 
886	 0.516038172201031 
887	 0.51595005303345 
888	 0.515722472877768 
889	 0.515586450821953 
890	 0.515407897232288 
891	 0.515214297568091 
892	 0.515166692268552 
893	 0.51501246304154 
894	 0.514873562672586 
895	 0.514801198527302 
896	 0.514698407328834 
897	 0.514518279085461 
898	 0.514378050337669 
899	 0.51432343813239 
900	 0.514228511922817 
901	 0.514140957652037 
902	 0.514035737235713 
903	 0.513884096371605 
904	 0.513678975409762 
905	 0.513549510869592 
906	 0.513499586308823 
907	 0.513460328856539 
908	 0.513273699514839 
909	 0.51320389811904 
910	 0.513172689488574 
911	 0.513034101643504 
912	 0.5129496610395 
913	 0.512863576396569 
914	 0.512712533440968 
915	 0.512493515062644 
916	 0.512495525465188 
917	 0.512418287447223 
918	 0.512246831972515 
919	 0.512141403018999 
920	 0.512019906262602 
921	 0.51193299047072 
922	 0.511838320982065 
923	 0.511657432759339 
924	 0.51164396501405 
925	 0.511557788516618 
926	 0.511417878057664 
927	 0.511471264376365 
928	 0.511338727327324 
929	 0.511162294434225 
930	 0.511024632303759 
931	 0.510881047668347 
932	 0.510882646376373 
933	 0.510830076425838 
934	 0.510669101809068 
935	 0.510580804942399 
936	 0.510487710282241 
937	 0.510363380891717 
938	 0.510214463179365 
939	 0.510083324030526 
940	 0.510008345766164 
941	 0.509920661156973 
942	 0.509818619941409 
943	 0.509823327226893 
944	 0.509669690390229 
945	 0.509532741264568 
946	 0.50949372642253 
947	 0.509330476935303 
948	 0.509225562800854 
949	 0.509101926446636 
950	 0.508948430306541 
951	 0.508957318455182 
952	 0.508978663049907 
953	 0.50889123702059 
954	 0.508726385477223 
955	 0.508758588392137 
956	 0.508700174473262 
957	 0.50858472708015 
958	 0.508489067109539 
959	 0.508417752345797 
960	 0.508331717039825 
961	 0.50833426099575 
962	 0.508408994555474 
963	 0.508278193629775 
964	 0.508030159026136 
965	 0.507871931401242 
966	 0.50784428373569 
967	 0.507655172590191 
968	 0.50770173003967 
969	 0.507603938706491 
970	 0.507249583067674 
971	 0.507246387785241 
972	 0.507221889413692 
973	 0.507201943983155 
974	 0.507230524037765 
975	 0.5072445179583 
976	 0.506978952021301 
977	 0.506812664179643 
978	 0.506898417420303 
979	 0.506883864546843 
980	 0.506896590854193 
981	 0.50680500732591 
982	 0.50657297954744 
983	 0.506343766974368 
984	 0.506239491562728 
985	 0.506271953032623 
986	 0.506392545294706 
987	 0.506505525740749 
988	 0.506455611994534 
989	 0.50629999185398 
990	 0.506154472299197 
991	 0.506127718379009 
992	 0.506140324557911 
993	 0.506103585065651 
994	 0.506038604416877 
995	 0.506015159260717 
996	 0.505786254713045 
997	 0.505699840190719 
998	 0.505873092622884 
999	 0.506141272083106 
1000	 0.506016949207198 
1001	 0.502221501988181 
1002	 0.502143826654894 
1003	 0.50209716502546 
1004	 0.502074145509155 
1005	 0.502000847098115 
1006	 0.501930470579743 
1007	 0.501891804478204 
1008	 0.50183910484037 
1009	 0.501799081165035 
1010	 0.501772998899263 
1011	 0.50167738568463 
1012	 0.501578664008869 
1013	 0.501515190965265 
1014	 0.501424104666392 
1015	 0.501352829427044 
1016	 0.501297956830794 
1017	 0.501256286324844 
1018	 0.501193625819464 
1019	 0.501160546106828 
1020	 0.501123540696325 
1021	 0.501050776839722 
1022	 0.50097250737227 
1023	 0.500900860579025 
1024	 0.50086826653511 
1025	 0.500848374246589 
1026	 0.50081737777625 
1027	 0.500799454222587 
1028	 0.500749870183422 
1029	 0.500658871424719 
1030	 0.500611679628013 
1031	 0.50061277873191 
1032	 0.500575489780019 
1033	 0.500527811085655 
1034	 0.500492269761306 
1035	 0.500471238307775 
1036	 0.500405517233792 
1037	 0.500339692483858 
1038	 0.500300284298993 
1039	 0.500241842469097 
1040	 0.500167997362137 
1041	 0.500095215838927 
1042	 0.500027169514985 
1043	 0.499930321268085 
1044	 0.499835412492573 
1045	 0.499752913421283 
1046	 0.499683732262871 
1047	 0.499605909703145 
1048	 0.499542686262962 
1049	 0.499454222757892 
1050	 0.499343859303409 
1051	 0.499228893161363 
1052	 0.499113332430308 
1053	 0.498996042840636 
1054	 0.498869816836061 
1055	 0.498753469647842 
1056	 0.498642534828802 
1057	 0.498557706066883 
1058	 0.498475148599122 
1059	 0.498376297803765 
1060	 0.498274453192166 
1061	 0.498138284263018 
1062	 0.498035519269105 
1063	 0.49793800135953 
1064	 0.497871694701033 
1065	 0.497808735343351 
1066	 0.497729058691832 
1067	 0.497647232021484 
1068	 0.49757387110055 
1069	 0.497472010465995 
1070	 0.497387586864615 
1071	 0.497328725109386 
1072	 0.497242534006547 
1073	 0.497167860363632 
1074	 0.497115840667569 
1075	 0.497051545090572 
1076	 0.496974862587847 
1077	 0.496904524382131 
1078	 0.496839458694737 
1079	 0.496774372528239 
1080	 0.496715222993419 
1081	 0.496636669799994 
1082	 0.496545360385481 
1083	 0.496477082374309 
1084	 0.496412946081982 
1085	 0.496362957175556 
1086	 0.496338950594785 
1087	 0.496290071583387 
1088	 0.496227688198867 
1089	 0.496134560458869 
1090	 0.496067053226078 
1091	 0.49600716547553 
1092	 0.495942164684944 
1093	 0.495892658878595 
1094	 0.495826412351302 
1095	 0.495747729444938 
1096	 0.495655496657228 
1097	 0.495587716724731 
1098	 0.495514761726982 
1099	 0.49547367557779 
1100	 0.495430691885414 
1101	 0.495340384494448 
1102	 0.495259960363593 
1103	 0.495191018357829 
1104	 0.495099810010308 
1105	 0.495043645626798 
1106	 0.495025985880365 
1107	 0.494984785298227 
1108	 0.494938461754833 
1109	 0.49490132702546 
1110	 0.494867397028281 
1111	 0.494835469525687 
1112	 0.494817368851297 
1113	 0.494775977712916 
1114	 0.494743809437756 
1115	 0.494722794894934 
1116	 0.494698930117613 
1117	 0.494681588873408 
1118	 0.494639192456133 
1119	 0.494578835822065 
1120	 0.494536672551845 
1121	 0.494486815927766 
1122	 0.494449371367476 
1123	 0.494441065532233 
1124	 0.494399886720335 
1125	 0.494341959052852 
1126	 0.494290203811536 
1127	 0.49421915136045 
1128	 0.494165255651005 
1129	 0.494119122875223 
1130	 0.494085855647388 
1131	 0.494034518337519 
1132	 0.493986116388811 
1133	 0.493945132477017 
1134	 0.49387737815977 
1135	 0.493830517853818 
1136	 0.493793169047546 
1137	 0.493754583864651 
1138	 0.493725252006841 
1139	 0.49368235682135 
1140	 0.493625912041894 
1141	 0.493587846167562 
1142	 0.493559682624014 
1143	 0.493518521189717 
1144	 0.493474369109328 
1145	 0.493442569288295 
1146	 0.493403611193051 
1147	 0.493366185760693 
1148	 0.493369011272599 
1149	 0.493367611277884 
1150	 0.493350276867276 
1151	 0.493334845727835 
1152	 0.493318121500679 
1153	 0.493286787590216 
1154	 0.49327670348524 
1155	 0.49327671566963 
1156	 0.493279920109122 
1157	 0.493296039555713 
1158	 0.493304029411061 
1159	 0.493316967617482 
1160	 0.49332140752325 
1161	 0.493318213863181 
1162	 0.493316619380392 
1163	 0.493318827751767 
1164	 0.493310732023358 
1165	 0.493303084358205 
1166	 0.493280756531471 
1167	 0.49325590295693 
1168	 0.493217380362029 
1169	 0.493189022532361 
1170	 0.493159549033047 
1171	 0.493133799311 
1172	 0.493108711586775 
1173	 0.493087948740737 
1174	 0.493074030651583 
1175	 0.493053423704631 
1176	 0.493027906594425 
1177	 0.493012892956416 
1178	 0.493004746989471 
1179	 0.492987543021523 
1180	 0.492970613915636 
1181	 0.492958830304963 
1182	 0.492938477138778 
1183	 0.492923273075163 
1184	 0.49291314683236 
1185	 0.49292119229275 
1186	 0.49290288431384 
1187	 0.492872106094987 
1188	 0.492849808996434 
1189	 0.492812412936418 
1190	 0.492798200204343 
1191	 0.492806600584409 
1192	 0.492795057251262 
1193	 0.492784971599036 
1194	 0.492770717151389 
1195	 0.492734270009473 
1196	 0.492720551753679 
1197	 0.492727716027985 
1198	 0.492720493058995 
1199	 0.492711559214394 
1200	 0.492707469390284 
1201	 0.492703051628781 
1202	 0.492692008726599 
1203	 0.492680068626169 
1204	 0.492677929145507 
1205	 0.492657809706347 
1206	 0.492616385089163 
1207	 0.492595916521764 
1208	 0.49259023874039 
1209	 0.492557786541842 
1210	 0.492529783300847 
1211	 0.49247842026057 
1212	 0.492395206809127 
1213	 0.492319891817282 
1214	 0.49224715196885 
1215	 0.492156067808518 
1216	 0.492067898860353 
1217	 0.491948359275998 
1218	 0.491791217394497 
1219	 0.491642011456761 
1220	 0.491472438433047 
1221	 0.491306969600127 
1222	 0.491141477016132 
1223	 0.490985113529478 
1224	 0.490812325231212 
1225	 0.490627548261487 
1226	 0.490448479269545 
1227	 0.490258540412939 
1228	 0.490086211399318 
1229	 0.489914526333963 
1230	 0.489761411165851 
1231	 0.489619340291935 
1232	 0.489490103965815 
1233	 0.489382464285986 
1234	 0.489270259396858 
1235	 0.489162933049017 
1236	 0.489064277634926 
1237	 0.488963481739891 
1238	 0.488877973128258 
1239	 0.488809998477351 
1240	 0.488745324645605 
1241	 0.488682032727366 
1242	 0.488629748023474 
1243	 0.488568491471626 
1244	 0.48850459334213 
1245	 0.488442536516035 
1246	 0.488378694731414 
1247	 0.488316814545231 
1248	 0.488252115795284 
1249	 0.488198223845411 
1250	 0.488153319283088 
1251	 0.488101497239093 
1252	 0.488055366963957 
1253	 0.488004300950666 
1254	 0.487946900856915 
1255	 0.48789016533314 
1256	 0.487835519459033 
1257	 0.487776566251761 
1258	 0.487715947538205 
1259	 0.487649435296272 
1260	 0.487582231736003 
1261	 0.487509528040742 
1262	 0.487421746600025 
1263	 0.487318523582644 
1264	 0.487224612111896 
1265	 0.487123549942916 
1266	 0.487024992975043 
1267	 0.486932584553702 
1268	 0.486833354749888 
1269	 0.486724407472198 
1270	 0.486624231525603 
1271	 0.486532314655238 
1272	 0.486431312797118 
1273	 0.48633771347947 
1274	 0.486224531350813 
1275	 0.486092950965894 
1276	 0.485966908549954 
1277	 0.485834056181165 
1278	 0.485699877292132 
1279	 0.485559698966214 
1280	 0.485431809865531 
1281	 0.485302437237292 
1282	 0.485166539229541 
1283	 0.485040322011337 
1284	 0.484921588050645 
1285	 0.484807537100438 
1286	 0.484697533070424 
1287	 0.484590012829732 
1288	 0.484484068002923 
1289	 0.484391110242619 
1290	 0.484307283557153 
1291	 0.48422168190953 
1292	 0.484151365391373 
1293	 0.484070263585511 
1294	 0.483978921755732 
1295	 0.483893710869014 
1296	 0.483810851868829 
1297	 0.483726863787267 
1298	 0.483640282288138 
1299	 0.483560746102575 
1300	 0.48348148608131 
1301	 0.483408256113494 
1302	 0.483340801861371 
1303	 0.483274495211967 
1304	 0.483225935609445 
1305	 0.483184176584227 
1306	 0.483157625336757 
1307	 0.48313648836569 
1308	 0.483089432842477 
1309	 0.483027648619587 
1310	 0.482975023871144 
1311	 0.482899089831559 
1312	 0.482855928718352 
1313	 0.482839381232348 
1314	 0.482804074931347 
1315	 0.482777112177463 
1316	 0.482741603945969 
1317	 0.48268848643776 
1318	 0.482649313595041 
1319	 0.482618051683987 
1320	 0.482581956301094 
1321	 0.482549086809414 
1322	 0.48251561161902 
1323	 0.482471757702141 
1324	 0.482440210955442 
1325	 0.482416919479784 
1326	 0.48239692529502 
1327	 0.482371050126237 
1328	 0.482344254563433 
1329	 0.482318603855574 
1330	 0.482274341028361 
1331	 0.482228791212409 
1332	 0.482182281337049 
1333	 0.482133161765446 
1334	 0.48206927675185 
1335	 0.482019733743303 
1336	 0.481977240802997 
1337	 0.481932560502284 
1338	 0.481894702406617 
1339	 0.481847501591646 
1340	 0.481792252875771 
1341	 0.481744565299667 
1342	 0.481692136380712 
1343	 0.481649169814892 
1344	 0.48161039926396 
1345	 0.481583697939338 
1346	 0.481563246731822 
1347	 0.48154659135169 
1348	 0.481545596946673 
1349	 0.481541260010985 
1350	 0.481524112121454 
1351	 0.481517848347867 
1352	 0.481495937823582 
1353	 0.481469984917191 
1354	 0.48146327539346 
1355	 0.481453788708671 
1356	 0.481433265632145 
1357	 0.481422332365499 
1358	 0.481404204571113 
1359	 0.481367283114934 
1360	 0.481349787984703 
1361	 0.481353765795819 
1362	 0.481331001025434 
1363	 0.481298022445281 
1364	 0.481272002666052 
1365	 0.48123122203408 
1366	 0.481203124124768 
1367	 0.481197310052975 
1368	 0.481169126243717 
1369	 0.481128256634107 
1370	 0.481091452333221 
1371	 0.481037934764031 
1372	 0.481002700089416 
1373	 0.480984529238287 
1374	 0.480958999380919 
1375	 0.480935149832333 
1376	 0.480915289245875 
1377	 0.480889574778079 
1378	 0.480866147780058 
1379	 0.480847440845119 
1380	 0.480815088464172 
1381	 0.480770996717504 
1382	 0.48069656615053 
1383	 0.480593400792305 
1384	 0.480486579507425 
1385	 0.480388208178666 
1386	 0.480286602277377 
1387	 0.480177475999846 
1388	 0.480070615300979 
1389	 0.479959820398008 
1390	 0.479824959081993 
1391	 0.479721363796382 
1392	 0.479634063051603 
1393	 0.479551209067983 
1394	 0.479489781647652 
1395	 0.479409308262735 
1396	 0.479323077446604 
1397	 0.479243943501476 
1398	 0.47916741380044 
1399	 0.479078228660171 
1400	 0.479000415051324 
1401	 0.478895772740414 
1402	 0.478769314584863 
1403	 0.478636453025846 
1404	 0.478484035798329 
1405	 0.47833225190545 
1406	 0.478190209082878 
1407	 0.478039881391932 
1408	 0.477886516160084 
1409	 0.477739372006301 
1410	 0.477588124477348 
1411	 0.477425142609 
1412	 0.477277228042424 
1413	 0.477135466152591 
1414	 0.476990862335345 
1415	 0.476843358135346 
1416	 0.476696851578376 
1417	 0.47655100841929 
1418	 0.47640574654374 
1419	 0.476253669548801 
1420	 0.476119571901463 
1421	 0.475991019142843 
1422	 0.475868172199824 
1423	 0.475766323049605 
1424	 0.475644515434142 
1425	 0.475508145606117 
1426	 0.475393120576941 
1427	 0.475281777142325 
1428	 0.475172275647532 
1429	 0.47508261325478 
1430	 0.474975142684001 
1431	 0.474851657696075 
1432	 0.474739906873718 
1433	 0.474637286917034 
1434	 0.474525244984649 
1435	 0.474409656176069 
1436	 0.47429266185189 
1437	 0.474170098007524 
1438	 0.474043562882358 
1439	 0.473916419279674 
1440	 0.47380168303528 
1441	 0.473687956767519 
1442	 0.473572902685997 
1443	 0.473465692655995 
1444	 0.473369570446546 
1445	 0.473269368438677 
1446	 0.473170068449419 
1447	 0.473086614919654 
1448	 0.472991333102328 
1449	 0.472898487306481 
1450	 0.472824128859092 
1451	 0.472749651917698 
1452	 0.472680183728706 
1453	 0.47260917324974 
1454	 0.472551587777326 
1455	 0.47246919733185 
1456	 0.472374564669315 
1457	 0.472282387208312 
1458	 0.472164475788132 
1459	 0.472080776042859 
1460	 0.472019931321839 
1461	 0.4719433278615 
1462	 0.471881685636869 
1463	 0.471806595451939 
1464	 0.471707160086031 
1465	 0.471627590162681 
1466	 0.471554679129113 
1467	 0.471485207368599 
1468	 0.47142632443267 
1469	 0.471365126870021 
1470	 0.471302061828857 
1471	 0.47124486674215 
1472	 0.47119282018393 
1473	 0.471138042020413 
1474	 0.471086258702996 
1475	 0.471038442474 
1476	 0.470988923593424 
1477	 0.47094313492404 
1478	 0.470904979794413 
1479	 0.470869720901019 
1480	 0.470855035005882 
1481	 0.470826489737767 
1482	 0.470784966076279 
1483	 0.470745637281414 
1484	 0.470685455119115 
1485	 0.470639465237458 
1486	 0.470613804807065 
1487	 0.470579364419838 
1488	 0.470547318216864 
1489	 0.470518296335023 
1490	 0.47049190369235 
1491	 0.470476195044369 
1492	 0.470473526254672 
1493	 0.470468855930877 
1494	 0.470464239698201 
1495	 0.470464842201546 
1496	 0.470459556661428 
1497	 0.470449251521538 
1498	 0.470444824017959 
1499	 0.470443775523637 
1500	 0.470432912958327 
1501	 0.470419699584533 
1502	 0.470405234247725 
1503	 0.470375571158033 
1504	 0.470367871865727 
1505	 0.470379431180569 
1506	 0.47037683060607 
1507	 0.470375060295841 
1508	 0.470373116504535 
1509	 0.470361676320548 
1510	 0.470355202744471 
1511	 0.470355734760128 
1512	 0.47035855112635 
1513	 0.47035983257497 
1514	 0.470357921628909 
1515	 0.470371802727684 
1516	 0.470362151397887 
1517	 0.470334612656671 
1518	 0.470315995952285 
1519	 0.470280775373479 
1520	 0.470255224748385 
1521	 0.470247045804377 
1522	 0.470220083166255 
1523	 0.470182704607915 
1524	 0.470153009551144 
1525	 0.47010935499582 
1526	 0.470079312568413 
1527	 0.470060598723051 
1528	 0.470051435190659 
1529	 0.470027784674362 
1530	 0.47000679660544 
1531	 0.469984619878587 
1532	 0.469954093479236 
1533	 0.469934346884235 
1534	 0.469911756031597 
1535	 0.469880471421793 
1536	 0.469844341022909 
1537	 0.469792012579288 
1538	 0.469743066741964 
1539	 0.469709310220079 
1540	 0.469677743159781 
1541	 0.469651360701994 
1542	 0.469624583514141 
1543	 0.469575984754952 
1544	 0.469525026288657 
1545	 0.469483099932458 
1546	 0.469429969667663 
1547	 0.469385228711402 
1548	 0.469339781350345 
1549	 0.469280729139509 
1550	 0.469205600239679 
1551	 0.469152260221346 
1552	 0.46909240982687 
1553	 0.469053513905749 
1554	 0.469043455298327 
1555	 0.469007186484453 
1556	 0.468969841992141 
1557	 0.468929836129565 
1558	 0.468868949251072 
1559	 0.468837571008374 
1560	 0.46882414934536 
1561	 0.468799670472141 
1562	 0.468780275933286 
1563	 0.468765966853213 
1564	 0.468740841502296 
1565	 0.468737793549327 
1566	 0.468761898304479 
1567	 0.468767616239565 
1568	 0.468776063017301 
1569	 0.468779649769047 
1570	 0.468772603534858 
1571	 0.468770899922938 
1572	 0.468766744955055 
1573	 0.468772387942511 
1574	 0.468781917969382 
1575	 0.468792940695193 
1576	 0.468821746812688 
1577	 0.468828015398191 
1578	 0.468827538179007 
1579	 0.468820056410011 
1580	 0.468785632392856 
1581	 0.468776804753889 
1582	 0.468766887661766 
1583	 0.468775818840548 
1584	 0.468816220636363 
1585	 0.468837627517113 
1586	 0.468861265689812 
1587	 0.468881860747657 
1588	 0.468889279354131 
1589	 0.468906633227564 
1590	 0.468934141459531 
1591	 0.468955198389726 
1592	 0.468977116027469 
1593	 0.468993894637072 
1594	 0.468993191967581 
1595	 0.469017186162659 
1596	 0.469059109930134 
1597	 0.469089183916251 
1598	 0.469129311279739 
1599	 0.469163818241355 
1600	 0.469172076130392 
1601	 0.469208527559738 
1602	 0.469271019145205 
1603	 0.46932153390452 
1604	 0.469382015975029 
1605	 0.469434677033141 
1606	 0.469487203522362 
1607	 0.469522449756192 
1608	 0.469545860865143 
1609	 0.469568762550758 
1610	 0.469576008695707 
1611	 0.46958405191646 
1612	 0.469599281977741 
1613	 0.469603233498395 
1614	 0.469602499183533 
1615	 0.469587438620139 
1616	 0.469550848780291 
1617	 0.469525760420203 
1618	 0.46949107004439 
1619	 0.46946347043492 
1620	 0.469447297137219 
1621	 0.469431200052891 
1622	 0.469425413148867 
1623	 0.469401612299551 
1624	 0.469363285621805 
1625	 0.469339394010315 
1626	 0.469304766757842 
1627	 0.469281943731396 
1628	 0.469283033710222 
1629	 0.469274633533182 
1630	 0.469245058762003 
1631	 0.469246760324063 
1632	 0.469279404531461 
1633	 0.469292088150749 
1634	 0.469315787330452 
1635	 0.469333818990043 
1636	 0.469324778079567 
1637	 0.469334113084006 
1638	 0.46936267434306 
1639	 0.469382863633891 
1640	 0.46941030018755 
1641	 0.46942576864279 
1642	 0.469439712656154 
1643	 0.469439094594051 
1644	 0.469436768588131 
1645	 0.469406555589295 
1646	 0.469361615409877 
1647	 0.469289158238309 
1648	 0.469180501841599 
1649	 0.46906711832119 
1650	 0.468940150313974 
1651	 0.468790554321939 
1652	 0.468634800298845 
1653	 0.468444628264048 
1654	 0.468201278467995 
1655	 0.467976751611754 
1656	 0.467739156171665 
1657	 0.467499116794067 
1658	 0.467264511371613 
1659	 0.467024555922126 
1660	 0.466781481459886 
1661	 0.466522551126185 
1662	 0.466247462887517 
1663	 0.465984652213736 
1664	 0.465697430106561 
1665	 0.46544134273717 
1666	 0.465219241316419 
1667	 0.464988521521143 
1668	 0.464753194824562 
1669	 0.464546136143253 
1670	 0.464348004129393 
1671	 0.464168342249598 
1672	 0.463994088961544 
1673	 0.463875931068659 
1674	 0.463785193608621 
1675	 0.46373117882417 
1676	 0.463722748767168 
1677	 0.4637602219264 
1678	 0.463835488290346 
1679	 0.463943348087595 
1680	 0.464113730639768 
1681	 0.464295767308573 
1682	 0.464498936633646 
1683	 0.464727901272925 
1684	 0.464997939347439 
1685	 0.465269921024715 
1686	 0.465567330710216 
1687	 0.465859138739121 
1688	 0.466174279632456 
1689	 0.466458381686584 
1690	 0.466736061190093 
1691	 0.466993472737375 
1692	 0.467214664618292 
1693	 0.467452948445486 
1694	 0.467691144705599 
1695	 0.467920221017165 
1696	 0.468157202528132 
1697	 0.468371394327685 
1698	 0.468563596514866 
1699	 0.468757173162399 
1700	 0.468933276459771 
1701	 0.469124878626432 
1702	 0.469337125700134 
1703	 0.469507986461277 
1704	 0.469662496017464 
1705	 0.469818228333039 
1706	 0.469933870174341 
1707	 0.470087951298248 
1708	 0.470271429189643 
1709	 0.470438296992421 
1710	 0.470595438486081 
1711	 0.470780369929505 
1712	 0.470950645447449 
1713	 0.471193314451382 
1714	 0.471489661018341 
1715	 0.471788019997197 
1716	 0.472129504971227 
1717	 0.472465068360069 
1718	 0.47280743851813 
1719	 0.473158642617403 
1720	 0.473534619049389 
1721	 0.473890385132232 
1722	 0.474234265418673 
1723	 0.474598896573775 
1724	 0.474988881781264 
1725	 0.475310076874345 
1726	 0.475630592757498 
1727	 0.47588097753631 
1728	 0.47608630630985 
1729	 0.476192105213659 
1730	 0.476249126295822 
1731	 0.47620249443371 
1732	 0.476057338929103 
1733	 0.475888266236652 
1734	 0.475667769934656 
1735	 0.475392766166201 
1736	 0.475064464441274 
1737	 0.474675082515976 
1738	 0.474275516380388 
1739	 0.473861366471626 
1740	 0.473459437608372 
1741	 0.473092795001838 
1742	 0.472759434321588 
1743	 0.472448700073238 
1744	 0.472179796596772 
1745	 0.471939575622436 
1746	 0.471752113480828 
1747	 0.471621437606908 
1748	 0.471510673165851 
1749	 0.47142748096275 
1750	 0.471404659358493 
1751	 0.471438746105505 
1752	 0.471485642968374 
1753	 0.471582880162681 
1754	 0.471702482348476 
1755	 0.471854628089761 
1756	 0.471991585277196 
1757	 0.472166833843108 
1758	 0.472311334392701 
1759	 0.472436396346212 
1760	 0.472547283820203 
1761	 0.472664890280551 
1762	 0.47274122707889 
1763	 0.472787317853173 
1764	 0.472795643114366 
1765	 0.472771718510258 
1766	 0.472720624731041 
1767	 0.472625696323723 
1768	 0.472517761133611 
1769	 0.472374242583209 
1770	 0.472245161402323 
1771	 0.472102088257994 
1772	 0.471965590096808 
1773	 0.471835554731906 
1774	 0.471703327257358 
1775	 0.471554449008303 
1776	 0.471447838977302 
1777	 0.471343490465816 
1778	 0.471246227854381 
1779	 0.471158187438799 
1780	 0.47109065371175 
1781	 0.471037791509455 
1782	 0.470997058324679 
1783	 0.470984510337819 
1784	 0.47094855483994 
1785	 0.470917602256701 
1786	 0.470930230078793 
1787	 0.470950813129602 
1788	 0.471000743033708 
1789	 0.471058249947904 
1790	 0.471076826356589 
1791	 0.471099316518676 
1792	 0.471178761130912 
1793	 0.471251507117431 
1794	 0.471388012074613 
1795	 0.47147246250404 
1796	 0.471481372689145 
1797	 0.471543591490599 
1798	 0.471618903204122 
1799	 0.471694518671749 
1800	 0.471811558175396 
1801	 0.464858777793796 
1802	 0.465004187245473 
1803	 0.465184313779791 
1804	 0.4653701050283 
1805	 0.46560506919873 
1806	 0.46585081474608 
1807	 0.466086136985035 
1808	 0.466328925028668 
1809	 0.466586865233429 
1810	 0.466813782216668 
1811	 0.467029993671074 
1812	 0.467245531301136 
1813	 0.467430584257734 
1814	 0.467603510232203 
1815	 0.467792716229486 
1816	 0.467955622048828 
1817	 0.468099012473817 
1818	 0.468229283822041 
1819	 0.468370220428572 
1820	 0.468468973060922 
1821	 0.468551473164467 
1822	 0.468676759482986 
1823	 0.468795586341633 
1824	 0.468911434525366 
1825	 0.469039978955176 
1826	 0.469153451188 
1827	 0.469258012344251 
1828	 0.469348247660621 
1829	 0.469426652662439 
1830	 0.469514663539269 
1831	 0.4696081688145 
1832	 0.46969233631856 
1833	 0.469800302600803 
1834	 0.469908779689007 
1835	 0.470006519195469 
1836	 0.470117484978167 
1837	 0.470205846500665 
1838	 0.470282039446466 
1839	 0.470336738383218 
1840	 0.470400413208942 
1841	 0.470463179101637 
1842	 0.470509275889813 
1843	 0.470555426441027 
1844	 0.470599351531844 
1845	 0.470636565065647 
1846	 0.470672305455741 
1847	 0.470717143116567 
1848	 0.470747842802412 
1849	 0.470770462946794 
1850	 0.470779755046866 
1851	 0.470796683084616 
1852	 0.470812723092474 
1853	 0.470838193158661 
1854	 0.470859673208399 
1855	 0.470870813665665 
1856	 0.470892214079649 
1857	 0.470914585882031 
1858	 0.470949556808274 
1859	 0.470965875872682 
1860	 0.470976274847828 
1861	 0.47097824218177 
1862	 0.470986503395357 
1863	 0.470994605502946 
1864	 0.471013450136487 
1865	 0.471055579096989 
1866	 0.471075696104095 
1867	 0.471083325336808 
1868	 0.47109343797009 
1869	 0.47110325428249 
1870	 0.471100374432489 
1871	 0.471094308654373 
1872	 0.4710826254049 
1873	 0.471059357115485 
1874	 0.471029848275919 
1875	 0.47098352718974 
1876	 0.470929005953608 
1877	 0.470867067561237 
1878	 0.470807561396499 
1879	 0.470711231588533 
1880	 0.470599724078117 
1881	 0.470469815911627 
1882	 0.470305185669684 
1883	 0.470124601985223 
1884	 0.469970646438496 
1885	 0.469793329795687 
1886	 0.469585914266127 
1887	 0.46937265733168 
1888	 0.469121150346841 
1889	 0.468830510564542 
1890	 0.468521689675747 
1891	 0.468164044191876 
1892	 0.467823386428223 
1893	 0.467459107542294 
1894	 0.467095367092495 
1895	 0.466751052633065 
1896	 0.46645710252013 
1897	 0.466174288399181 
1898	 0.465910706091283 
1899	 0.465667083928582 
1900	 0.465432536204467 
1901	 0.465246891366297 
1902	 0.465087097569662 
1903	 0.464963147870036 
1904	 0.464888123566358 
1905	 0.464840141433327 
1906	 0.464805833876752 
1907	 0.46481078193225 
1908	 0.464812023181223 
1909	 0.464827113665412 
1910	 0.464860590052018 
1911	 0.46490849106915 
1912	 0.464963911580066 
1913	 0.465050507637845 
1914	 0.465124816210901 
1915	 0.465193237595231 
1916	 0.46526898903773 
1917	 0.465361673912498 
1918	 0.465467806856337 
1919	 0.465567576166221 
1920	 0.465687040310173 
1921	 0.465784546352224 
1922	 0.465861555817623 
1923	 0.465952961920998 
1924	 0.466030525406695 
1925	 0.466132603912629 
1926	 0.466252818994519 
1927	 0.466379225244633 
1928	 0.466499008053038 
1929	 0.466635084204192 
1930	 0.466756551612718 
1931	 0.466856573537195 
1932	 0.466982609092611 
1933	 0.467113916925752 
1934	 0.467254864151104 
1935	 0.467439918074284 
1936	 0.467575706626543 
1937	 0.467693026557336 
1938	 0.467806485913929 
1939	 0.467896221749033 
1940	 0.467961392499865 
1941	 0.468059196183248 
1942	 0.468170894478164 
1943	 0.468281935659551 
1944	 0.468415383022168 
1945	 0.468521087057804 
1946	 0.468625179232032 
1947	 0.468712633981263 
1948	 0.468765700877902 
1949	 0.468836940837805 
1950	 0.468914889896367 
1951	 0.46897843850248 
1952	 0.469050856333577 
1953	 0.469142240443785 
1954	 0.469201306894268 
1955	 0.46923926120335 
1956	 0.469289895907104 
1957	 0.469320878119726 
1958	 0.469372870768813 
1959	 0.469454011826415 
1960	 0.469511945187241 
1961	 0.469566664354368 
1962	 0.469617069793996 
1963	 0.469660460669729 
1964	 0.469680912845054 
1965	 0.469730309937219 
1966	 0.469784783501733 
1967	 0.46984908502897 
1968	 0.46992543441513 
1969	 0.470008192775534 
1970	 0.47010151870102 
1971	 0.470195281361831 
1972	 0.470293739916598 
1973	 0.470400759675629 
1974	 0.470516027306497 
1975	 0.470632640848784 
1976	 0.470744900407664 
1977	 0.470855803523533 
1978	 0.470985336140988 
1979	 0.471128026561777 
1980	 0.471250656000227 
1981	 0.471388903264356 
1982	 0.471506649844265 
1983	 0.471595834820884 
1984	 0.471689666561609 
1985	 0.471794597568992 
1986	 0.47187887355255 
1987	 0.471950449227422 
1988	 0.471997993466214 
1989	 0.472070268668813 
1990	 0.472131438976134 
1991	 0.472214864969904 
1992	 0.47232270887678 
1993	 0.472418517963634 
1994	 0.47252838012177 
1995	 0.472617805723726 
1996	 0.472687738823647 
1997	 0.472771799810669 
1998	 0.472851579230004 
1999	 0.472931103551047 
2000	 0.473007732590901 
2001	 0.473123555901679 
2002	 0.473186851385947 
2003	 0.473223138672683 
2004	 0.473273183343613 
2005	 0.473318025961264 
2006	 0.473340787775435 
2007	 0.473369533061952 
2008	 0.473372834644811 
2009	 0.473340101528365 
2010	 0.473308005064945 
2011	 0.473276841827879 
2012	 0.473222251291108 
2013	 0.473141621362782 
2014	 0.473059727220111 
2015	 0.472969465630518 
2016	 0.472860019622583 
2017	 0.47275629521425 
2018	 0.472656742079357 
2019	 0.472539539908583 
2020	 0.472416877971406 
2021	 0.472283296041379 
2022	 0.472126960416805 
2023	 0.47198078453122 
2024	 0.471827541214185 
2025	 0.471676387299507 
2026	 0.471520889046507 
2027	 0.471377239451382 
2028	 0.471245464272622 
2029	 0.471121433099484 
2030	 0.470997703598272 
2031	 0.470891982028965 
2032	 0.47077310068419 
2033	 0.470645935171334 
2034	 0.470524381285271 
2035	 0.470399725998084 
2036	 0.470283084273387 
2037	 0.470187592246762 
2038	 0.470066428185144 
2039	 0.469936132706528 
2040	 0.469810193786826 
2041	 0.469657987967103 
2042	 0.469473461654998 
2043	 0.469315698893439 
2044	 0.469158937844973 
2045	 0.469007351194509 
2046	 0.468878250485026 
2047	 0.468716995551585 
2048	 0.468534202393535 
2049	 0.468364491884805 
2050	 0.468185033847545 
2051	 0.468008566228203 
2052	 0.467834267308489 
2053	 0.467669215419418 
2054	 0.467505894170287 
2055	 0.467344141209692 
2056	 0.467180758083061 
2057	 0.467025573611357 
2058	 0.466871595940661 
2059	 0.466705612908572 
2060	 0.466561380063547 
2061	 0.466451683480393 
2062	 0.466306210268719 
2063	 0.466162796198193 
2064	 0.465995523096331 
2065	 0.465776351583875 
2066	 0.465598358651416 
2067	 0.46543458315563 
2068	 0.46525885207364 
2069	 0.465100649838121 
2070	 0.464965582084286 
2071	 0.464812004736635 
2072	 0.464632881500349 
2073	 0.464500400169901 
2074	 0.46438040366592 
2075	 0.464282456038089 
2076	 0.464222525695191 
2077	 0.464150547038539 
2078	 0.464087001393353 
2079	 0.464028420392369 
2080	 0.463964892361848 
2081	 0.463924556379869 
2082	 0.463903075832185 
2083	 0.463883529594513 
2084	 0.463875150638093 
2085	 0.463885510286999 
2086	 0.463910672912076 
2087	 0.463928163064146 
2088	 0.4639374856748 
2089	 0.463938521938715 
2090	 0.46395555680367 
2091	 0.463975879792131 
2092	 0.463990841816295 
2093	 0.464027674623037 
2094	 0.464042335837554 
2095	 0.464023816293084 
2096	 0.464025633791218 
2097	 0.46403400652132 
2098	 0.464038107795924 
2099	 0.464029066403235 
2100	 0.464049099763127 
2101	 0.464080660696032 
2102	 0.464145767280306 
2103	 0.464211880359394 
2104	 0.464318891568425 
2105	 0.464389588824455 
2106	 0.464435688923677 
2107	 0.464511511404769 
2108	 0.464599693456812 
2109	 0.464683207290431 
2110	 0.46479621202295 
2111	 0.46487329080341 
2112	 0.464911154988941 
2113	 0.464979337782955 
2114	 0.465052620879445 
2115	 0.465113744972677 
2116	 0.465218058078653 
2117	 0.465312775196531 
2118	 0.46535878567761 
2119	 0.46538648434237 
2120	 0.465399840801668 
2121	 0.465369179819158 
2122	 0.465367226376239 
2123	 0.465393825443049 
2124	 0.465354987700393 
2125	 0.465296867372913 
2126	 0.465211180102384 
2127	 0.465090248615316 
2128	 0.464931634776309 
2129	 0.464782000115226 
2130	 0.464539842451861 
2131	 0.464183728805566 
2132	 0.463854422677719 
2133	 0.46347432567346 
2134	 0.463102731677768 
2135	 0.462708851968933 
2136	 0.462320540153885 
2137	 0.461973068383072 
2138	 0.461625873519928 
2139	 0.461372198636042 
2140	 0.461186519390559 
2141	 0.461066569370704 
2142	 0.461011116251886 
2143	 0.461005901332194 
2144	 0.461099040531533 
2145	 0.46119345719125 
2146	 0.461351782171547 
2147	 0.461486114565867 
2148	 0.461677362166213 
2149	 0.46179651104878 
2150	 0.461889659411089 
2151	 0.461952172357026 
2152	 0.461971518978375 
2153	 0.461961451079687 
2154	 0.46186316471851 
2155	 0.461767948113813 
2156	 0.461623530815254 
2157	 0.461386832460881 
2158	 0.461211012561896 
2159	 0.461021071663205 
2160	 0.460871735138481 
2161	 0.460731789455747 
2162	 0.460642328897951 
2163	 0.46057641827453 
2164	 0.460549579075324 
2165	 0.460535283269018 
2166	 0.460612999648892 
2167	 0.460774139538049 
2168	 0.460951752726225 
2169	 0.461241598880071 
2170	 0.46149319919214 
2171	 0.461721038064334 
2172	 0.461987843654311 
2173	 0.46231872304421 
2174	 0.462586493954449 
2175	 0.462856370886459 
2176	 0.463138934133529 
2177	 0.463336015463506 
2178	 0.463473563176818 
2179	 0.463577874887281 
2180	 0.46361716538219 
2181	 0.463658110590064 
2182	 0.463627580305937 
2183	 0.463654588529762 
2184	 0.463697739231231 
2185	 0.463742184559007 
2186	 0.463801227047099 
2187	 0.463871130292546 
2188	 0.4639144513046 
2189	 0.464016226139591 
2190	 0.464164463906298 
2191	 0.464316649152663 
2192	 0.464506151043239 
2193	 0.464719864450817 
2194	 0.46488175334915 
2195	 0.465105999997434 
2196	 0.465310206401219 
2197	 0.465459478136023 
2198	 0.465614355402844 
2199	 0.465757097638006 
2200	 0.465899390468705 
2201	 0.466027546779555 
2202	 0.466165407941102 
2203	 0.466311967591513 
2204	 0.466428397651221 
2205	 0.466501160719972 
2206	 0.466634842749143 
2207	 0.46675007750084 
2208	 0.466929599382839 
2209	 0.467185160235826 
2210	 0.467440704212185 
2211	 0.467720256967224 
2212	 0.468030691605885 
2213	 0.46834377782439 
2214	 0.468711364583108 
2215	 0.469160731511649 
2216	 0.469576430294035 
2217	 0.470020615787972 
2218	 0.470469518292767 
2219	 0.470821877126907 
2220	 0.471188368421302 
2221	 0.471484184044829 
2222	 0.471734335349251 
2223	 0.471945776298243 
2224	 0.472087871575829 
2225	 0.4722450170625 
2226	 0.47239870877284 
2227	 0.472488712204157 
2228	 0.472568694180203 
2229	 0.472568785416285 
2230	 0.472506317432198 
2231	 0.472386257079817 
2232	 0.472225634917715 
2233	 0.471963335295438 
2234	 0.471607432063239 
2235	 0.471196106090088 
2236	 0.470678022641871 
2237	 0.470146827212766 
2238	 0.469580098796347 
2239	 0.468949387985632 
2240	 0.468241332136156 
2241	 0.467523834758726 
2242	 0.466744528204699 
2243	 0.465923879306652 
2244	 0.465187904275677 
2245	 0.464490934289424 
2246	 0.463883197896061 
2247	 0.463320548313339 
2248	 0.462732752309168 
2249	 0.462139811284721 
2250	 0.461617620426704 
2251	 0.461103624011117 
2252	 0.460665778318697 
2253	 0.460319645185634 
2254	 0.459977084064358 
2255	 0.459673971865155 
2256	 0.459373355157536 
2257	 0.459097725423145 
2258	 0.45885771852294 
2259	 0.458620621904715 
2260	 0.458443431463349 
2261	 0.458336442781616 
2262	 0.458221250493625 
2263	 0.458139885732397 
2264	 0.458074413115401 
2265	 0.458020831182105 
2266	 0.4579860720404 
2267	 0.45796734216892 
2268	 0.457977643164495 
2269	 0.457992922856195 
2270	 0.458066075481669 
2271	 0.458234469494438 
2272	 0.458353104924542 
2273	 0.458501927258064 
2274	 0.458604331450925 
2275	 0.458737565113464 
2276	 0.45884040216656 
2277	 0.458904866569169 
2278	 0.459018871399805 
2279	 0.45905824900989 
2280	 0.459029705217087 
2281	 0.459016406534104 
2282	 0.459010101842949 
2283	 0.458933950216879 
2284	 0.458834954415021 
2285	 0.458649400916475 
2286	 0.458329926429853 
2287	 0.458143471641886 
2288	 0.45792050259962 
2289	 0.457791215777033 
2290	 0.457736877913863 
2291	 0.457761684538808 
2292	 0.457819564113559 
2293	 0.457977422882965 
2294	 0.458261546258406 
2295	 0.45859734659959 
2296	 0.458947471828879 
2297	 0.459478770841549 
2298	 0.460141686719722 
2299	 0.460927768938461 
2300	 0.461906149162125 
2301	 0.462937831674751 
2302	 0.464174867027134 
2303	 0.465326061511662 
2304	 0.466612033209247 
2305	 0.46772752283352 
2306	 0.468789610840733 
2307	 0.469705952652783 
2308	 0.470629883913328 
2309	 0.471191453797492 
2310	 0.471532088724814 
2311	 0.471598973438534 
2312	 0.471290428883932 
2313	 0.470772382626001 
2314	 0.469908398647234 
2315	 0.468942480448582 
2316	 0.467915068310424 
2317	 0.466649133231667 
2318	 0.465473468787954 
2319	 0.464274896356494 
2320	 0.463111657576084 
2321	 0.461794305081188 
2322	 0.460870729820516 
2323	 0.460113907307728 
2324	 0.459468152037902 
2325	 0.45903660770214 
2326	 0.458715378640685 
2327	 0.458569667605331 
2328	 0.458358170530442 
2329	 0.458331638671035 
2330	 0.458173935249019 
2331	 0.457882346009758 
2332	 0.457714497843423 
2333	 0.457608631506437 
2334	 0.457501708381816 
2335	 0.457378097244706 
2336	 0.457376405539143 
2337	 0.45739367725873 
2338	 0.457566463576943 
2339	 0.457942250699897 
2340	 0.458246348883163 
2341	 0.458657093606833 
2342	 0.459004754558044 
2343	 0.459232810843202 
2344	 0.459642980956364 
2345	 0.460137467266395 
2346	 0.460667151392085 
2347	 0.461420702302846 
2348	 0.461971737579717 
2349	 0.462559380852039 
2350	 0.462888486356976 
2351	 0.462973398781125 
2352	 0.463049839235507 
2353	 0.462950717787878 
2354	 0.462827255089515 
2355	 0.46263246236837 
2356	 0.462439903477346 
2357	 0.462047146528598 
2358	 0.461864900868296 
2359	 0.461761052374484 
2360	 0.46175653654842 
2361	 0.461893118813929 
2362	 0.462111324781646 
2363	 0.46251090215353 
2364	 0.46283944448502 
2365	 0.463258063796945 
2366	 0.4636135003311 
2367	 0.463865485206373 
2368	 0.464178525199772 
2369	 0.464445583702241 
2370	 0.464832605076815 
2371	 0.465411754249222 
2372	 0.465842425663251 
2373	 0.46620299145771 
2374	 0.466673924295074 
2375	 0.467113775583886 
2376	 0.467562535086142 
2377	 0.468095877447215 
2378	 0.468683471776145 
2379	 0.469325572202621 
2380	 0.469904252846413 
2381	 0.470391942944032 
2382	 0.470841007026656 
2383	 0.47115802035276 
2384	 0.471264115752836 
2385	 0.471454822848991 
2386	 0.471876449709424 
2387	 0.47203900100939 
2388	 0.472282663594385 
2389	 0.472740376134811 
2390	 0.473048612060026 
2391	 0.473553395267082 
2392	 0.473832257713101 
2393	 0.47377833758002 
2394	 0.474025948137561 
2395	 0.474266682147819 
2396	 0.474473346162679 
2397	 0.474682009061185 
2398	 0.474624842448787 
2399	 0.474442734950153 
2400	 0.474297331881723 
2401	 0.474052665749636 
2402	 0.4738241518914 
2403	 0.473853233131051 
2404	 0.473854923035341 
2405	 0.473972609723629 
2406	 0.474031854396306 
2407	 0.473610841131577 
2408	 0.473149580931141 
2409	 0.472801248179912 
2410	 0.472502570965361 
2411	 0.472604169796125 
2412	 0.47275061850709 
2413	 0.472831139618392 
2414	 0.473028924630162 
2415	 0.472932939836434 
2416	 0.472624438451821 
2417	 0.472146806011887 
2418	 0.471718856905308 
2419	 0.471412874479604 
2420	 0.47101579808763 
2421	 0.471045161076553 
2422	 0.471136500539326 
2423	 0.470811681869953 
2424	 0.470768396547662 
2425	 0.470333785072598 
2426	 0.469748950558444 
2427	 0.469949960635289 
2428	 0.469990891524515 
2429	 0.469983805608431 
2430	 0.469859372889001 
2431	 0.469289503693906 
2432	 0.468738393284802 
2433	 0.468094249292024 
2434	 0.467706436885842 
2435	 0.467706011659073 
2436	 0.467526131376798 
2437	 0.467465443449277 
2438	 0.467424575331253 
2439	 0.466850783642539 
2440	 0.466344918112266 
2441	 0.465789449758867 
2442	 0.464856160421633 
2443	 0.46384927126426 
2444	 0.462797439689488 
2445	 0.46229525302158 
2446	 0.462122859924678 
2447	 0.461312490610756 
2448	 0.460319261733576 
2449	 0.459292763016669 
2450	 0.457847277419293 
2451	 0.456875579168645 
2452	 0.456564515268585 
2453	 0.455728150943987 
2454	 0.454379226726853 
2455	 0.453831790997042 
2456	 0.453241904796415 
2457	 0.452764906858779 
2458	 0.452222192406432 
2459	 0.451222265127573 
2460	 0.450480821132906 
2461	 0.449712783728429 
2462	 0.449132296033963 
2463	 0.449330126896981 
2464	 0.448883443284258 
2465	 0.448004309686318 
2466	 0.447358985230387 
2467	 0.446056842114316 
2468	 0.445589275411547 
2469	 0.446306017749642 
2470	 0.446216033424288 
2471	 0.446104124387054 
2472	 0.445780570928616 
2473	 0.444564288870829 
2474	 0.443638950970758 
2475	 0.442665097541794 
2476	 0.442518708113891 
2477	 0.443318379681698 
2478	 0.443804162202997 
2479	 0.444611503437641 
2480	 0.444995634744982 
2481	 0.444714215271839 
2482	 0.444329786942788 
2483	 0.444282448666643 
2484	 0.444643589846539 
2485	 0.4450042745805 
2486	 0.444980554071773 
2487	 0.444997613191151 
2488	 0.444832511463507 
2489	 0.443529325511946 
2490	 0.44342088319102 
2491	 0.443893039825115 
2492	 0.444238507727073 
2493	 0.44495907023578 
2494	 0.445517903480611 
2495	 0.446767363830882 
2496	 0.446673847649004 
2497	 0.446654900351512 
2498	 0.450138399409436 
2499	 0.452410902185541 
2500	 0.453742783206365 
