Wavelength	C:\Documents and Settings\All Users\Application Data\ASD\Indico Pro\Projects\McBeth_080818\#21.txt
350	 0.136529939385743 
351	 0.137401879290464 
352	 0.129829536377825 
353	 0.128781105643123 
354	 0.13510017586566 
355	 0.132295432383029 
356	 0.127026900261813 
357	 0.124671434754721 
358	 0.127194845977193 
359	 0.129829639393607 
360	 0.129755575612623 
361	 0.128817820367918 
362	 0.129804152079737 
363	 0.127825035461724 
364	 0.12954791519265 
365	 0.133616068824703 
366	 0.131058809472136 
367	 0.136122398843577 
368	 0.138673223903133 
369	 0.134347987907906 
370	 0.142350657528276 
371	 0.143899626666892 
372	 0.142266507901985 
373	 0.146332762201823 
374	 0.147589523624939 
375	 0.151331874497672 
376	 0.157387766717866 
377	 0.160442214433328 
378	 0.162285126696669 
379	 0.165093678162492 
380	 0.170176713992088 
381	 0.177236207922438 
382	 0.182347436531013 
383	 0.187102952535271 
384	 0.19400451411143 
385	 0.200049462315912 
386	 0.205271198814056 
387	 0.2113533970124 
388	 0.220841559922818 
389	 0.228069199754801 
390	 0.235337924469218 
391	 0.244365686767714 
392	 0.253103664874704 
393	 0.263233407362433 
394	 0.273278951420903 
395	 0.281571009682967 
396	 0.290706076941929 
397	 0.300581380887872 
398	 0.310154036886824 
399	 0.318087407565423 
400	 0.327412912404513 
401	 0.335973843933669 
402	 0.342724112742308 
403	 0.350231258387962 
404	 0.357694045174836 
405	 0.364013864248054 
406	 0.368402273752251 
407	 0.372561188014455 
408	 0.376865170905352 
409	 0.380930804643939 
410	 0.383897186409233 
411	 0.386457478775379 
412	 0.388628188306315 
413	 0.390258750842597 
414	 0.39095911160309 
415	 0.391897105513796 
416	 0.393018584523212 
417	 0.393792723950044 
418	 0.39398257083523 
419	 0.394202968867325 
420	 0.394595316637843 
421	 0.394772674277168 
422	 0.394991323445746 
423	 0.394839222073467 
424	 0.394303765963103 
425	 0.394832772732851 
426	 0.394523185313838 
427	 0.393999814324697 
428	 0.394699884219499 
429	 0.394472866184949 
430	 0.394239287142958 
431	 0.394310305856128 
432	 0.393840870592455 
433	 0.393899632378013 
434	 0.394153293486404 
435	 0.394161636525121 
436	 0.394441552629543 
437	 0.394232309381098 
438	 0.393988536413948 
439	 0.394742326602641 
440	 0.394579308864157 
441	 0.394386655182571 
442	 0.39465129736377 
443	 0.394472990605471 
444	 0.394371586980603 
445	 0.394322801301078 
446	 0.394184935647343 
447	 0.394114822643855 
448	 0.393950742258554 
449	 0.393704328147026 
450	 0.393548957098474 
451	 0.393300317558386 
452	 0.392928615873431 
453	 0.392460093312608 
454	 0.391963165363539 
455	 0.391522433027602 
456	 0.39109727866352 
457	 0.390618552550824 
458	 0.390347594647399 
459	 0.38988216465716 
460	 0.389193439370289 
461	 0.388828162904357 
462	 0.388350000576206 
463	 0.387882608956813 
464	 0.387576414019328 
465	 0.387124566935022 
466	 0.386728328671448 
467	 0.386333229744861 
468	 0.385724355276105 
469	 0.385140227855953 
470	 0.384788107471861 
471	 0.384615919643378 
472	 0.38404993504931 
473	 0.383642712046408 
474	 0.383295038797445 
475	 0.382765353622282 
476	 0.382438682292255 
477	 0.382186919638066 
478	 0.381965913162425 
479	 0.381852688228704 
480	 0.381343828174537 
481	 0.380883979371955 
482	 0.38081529222465 
483	 0.38049610930562 
484	 0.380207615377686 
485	 0.38002781116964 
486	 0.37989770849846 
487	 0.379666569889899 
488	 0.379449320655618 
489	 0.379305186366901 
490	 0.379132618435794 
491	 0.37904065953863 
492	 0.378925800640029 
493	 0.378678645669958 
494	 0.378520120701956 
495	 0.37833900422543 
496	 0.378139336800352 
497	 0.378050192505508 
498	 0.378029949689775 
499	 0.378047126457459 
500	 0.378046868643524 
501	 0.377874282998138 
502	 0.377920056168134 
503	 0.378121765698607 
504	 0.378175788139366 
505	 0.378056276792747 
506	 0.378035492473741 
507	 0.378188728469482 
508	 0.378220676019851 
509	 0.378197430779185 
510	 0.378197248951718 
511	 0.37826215316589 
512	 0.378203327755014 
513	 0.378193205308613 
514	 0.378230927426666 
515	 0.37814516426922 
516	 0.378169582220203 
517	 0.378256828627488 
518	 0.378337782140197 
519	 0.378472859311811 
520	 0.378451948810768 
521	 0.378346341330781 
522	 0.37836793172332 
523	 0.37845513527937 
524	 0.378498635786354 
525	 0.378479287025186 
526	 0.378544138959502 
527	 0.378532516701812 
528	 0.378498908938161 
529	 0.378529877478132 
530	 0.378507256192673 
531	 0.378466158110258 
532	 0.378423949824112 
533	 0.378373737004212 
534	 0.378373138248451 
535	 0.378357365068505 
536	 0.378295913432972 
537	 0.378361669341389 
538	 0.378223047702337 
539	 0.377991209542035 
540	 0.378001989199925 
541	 0.377996724454421 
542	 0.377997860082251 
543	 0.378010513260541 
544	 0.377933761332181 
545	 0.37791668287815 
546	 0.377915385418541 
547	 0.37784577861455 
548	 0.377819153116167 
549	 0.377794399068836 
550	 0.37776171632712 
551	 0.377756814589641 
552	 0.377719237288033 
553	 0.37766505765307 
554	 0.377622351278263 
555	 0.377589022801226 
556	 0.377588256655717 
557	 0.377608751988554 
558	 0.377609905339179 
559	 0.377493085085909 
560	 0.377471772157677 
561	 0.377633829995323 
562	 0.37771057256426 
563	 0.37772903405823 
564	 0.377772731518605 
565	 0.377918651644684 
566	 0.377960588151862 
567	 0.377993858161769 
568	 0.378078383569314 
569	 0.378195958538659 
570	 0.378226376025464 
571	 0.378262748504407 
572	 0.378386597763408 
573	 0.378382521344865 
574	 0.378382798393623 
575	 0.378426140628736 
576	 0.378470036787187 
577	 0.37854743991857 
578	 0.378562135037147 
579	 0.378480341482677 
580	 0.37846313707969 
581	 0.37842104783802 
582	 0.378358515026989 
583	 0.378314126803131 
584	 0.37825324706811 
585	 0.378209005175357 
586	 0.378187970429639 
587	 0.378149683952263 
588	 0.378096411578049 
589	 0.377997283343615 
590	 0.377846691142002 
591	 0.377791193309312 
592	 0.377646368827948 
593	 0.377423096654861 
594	 0.377305709324207 
595	 0.377075155599452 
596	 0.376852614642447 
597	 0.376725232721186 
598	 0.376509225374479 
599	 0.376326219239089 
600	 0.376150601659074 
601	 0.375892920966984 
602	 0.375623870065477 
603	 0.375375837187325 
604	 0.375159089779415 
605	 0.374957763688951 
606	 0.374737476482348 
607	 0.374517310464621 
608	 0.374310436296528 
609	 0.374006419187686 
610	 0.373671085266638 
611	 0.373369026833082 
612	 0.37314922900483 
613	 0.372902491617002 
614	 0.372620510562933 
615	 0.372330614051931 
616	 0.372101441076753 
617	 0.37181156969526 
618	 0.371472685291203 
619	 0.371175304376555 
620	 0.370945082248411 
621	 0.370711578995711 
622	 0.370433236133286 
623	 0.370134275687323 
624	 0.369913178070736 
625	 0.369681994509881 
626	 0.369335719534469 
627	 0.369041301487629 
628	 0.368814145434733 
629	 0.36858364074472 
630	 0.368208819291138 
631	 0.367918363097992 
632	 0.367678921052987 
633	 0.367412644998195 
634	 0.367088845437049 
635	 0.366763939085461 
636	 0.366481028896943 
637	 0.366262964845651 
638	 0.366047036185639 
639	 0.365783246998222 
640	 0.365484370909569 
641	 0.3652727957801 
642	 0.365018123662882 
643	 0.364729321928189 
644	 0.364450079172566 
645	 0.364137217958128 
646	 0.363863941284014 
647	 0.3636288217148 
648	 0.363352845125983 
649	 0.363104790026839 
650	 0.362899938179907 
651	 0.362717419057963 
652	 0.362466203628731 
653	 0.36221779113258 
654	 0.362004928651491 
655	 0.361823324817755 
656	 0.361552311531532 
657	 0.361277361517882 
658	 0.361033747600937 
659	 0.360732811241003 
660	 0.360461552942368 
661	 0.360163860698708 
662	 0.359795742122358 
663	 0.359584452116502 
664	 0.359322340370509 
665	 0.358991281112684 
666	 0.358752135139078 
667	 0.358468562050921 
668	 0.358129257967612 
669	 0.357794348472007 
670	 0.357657390108918 
671	 0.357469755841803 
672	 0.357200456897073 
673	 0.35692372066756 
674	 0.356649598664202 
675	 0.356384005913946 
676	 0.356126803688644 
677	 0.355873707300267 
678	 0.355608323674974 
679	 0.355339656560332 
680	 0.355075545629659 
681	 0.354788711332421 
682	 0.35450869063637 
683	 0.354244338065851 
684	 0.353990648053414 
685	 0.35379874566932 
686	 0.353588539516007 
687	 0.353324440693089 
688	 0.353102080148327 
689	 0.352848515315577 
690	 0.352583479397386 
691	 0.352349022241456 
692	 0.352114226204404 
693	 0.35188320976327 
694	 0.351634288932969 
695	 0.351321527497764 
696	 0.35105871095791 
697	 0.350806183437013 
698	 0.350528973963447 
699	 0.350308586552798 
700	 0.35003132664697 
701	 0.349744727898268 
702	 0.349551013723046 
703	 0.349296014691824 
704	 0.349002791833771 
705	 0.348720344376808 
706	 0.348508071756531 
707	 0.34826095243212 
708	 0.348007391806407 
709	 0.347790785082177 
710	 0.347573840904826 
711	 0.347347520357565 
712	 0.347098607552078 
713	 0.346816943577452 
714	 0.346543304362797 
715	 0.346295182748717 
716	 0.346073382654224 
717	 0.345857888222512 
718	 0.345641248585208 
719	 0.345412905876567 
720	 0.345165656711208 
721	 0.344899632497705 
722	 0.3446592651638 
723	 0.344464217591276 
724	 0.344302934970336 
725	 0.344042223773048 
726	 0.343750714113253 
727	 0.343491906446618 
728	 0.343237729315166 
729	 0.343025077964096 
730	 0.342780473700606 
731	 0.342437771208486 
732	 0.342194024721184 
733	 0.341974609110468 
734	 0.341738428992053 
735	 0.341493176492479 
736	 0.341237930564195 
737	 0.340984248152688 
738	 0.340728424130432 
739	 0.340410599586077 
740	 0.340197010919132 
741	 0.34005277856238 
742	 0.339868141631559 
743	 0.339647948345699 
744	 0.339417218313756 
745	 0.33918515437858 
746	 0.338943016769065 
747	 0.338712939826155 
748	 0.338495248085284 
749	 0.338272816891543 
750	 0.33799075373751 
751	 0.337750142586593 
752	 0.337515962260272 
753	 0.337228800536097 
754	 0.337057963969176 
755	 0.336846805979265 
756	 0.336570469183372 
757	 0.336356751061375 
758	 0.336142479558749 
759	 0.335898878161774 
760	 0.335623843859099 
761	 0.335355361303377 
762	 0.335147296376924 
763	 0.334940722603725 
764	 0.334661623334294 
765	 0.334436564222563 
766	 0.334222676451097 
767	 0.333968174455335 
768	 0.333634810072459 
769	 0.333373444210722 
770	 0.333158485613076 
771	 0.332939286538683 
772	 0.332680812608188 
773	 0.332466022942868 
774	 0.33225017670352 
775	 0.33197093955012 
776	 0.331709440343996 
777	 0.331500086070897 
778	 0.331318797645273 
779	 0.331100057878481 
780	 0.330859331245673 
781	 0.330619229913092 
782	 0.330394170369631 
783	 0.33018317886375 
784	 0.329919885374074 
785	 0.329681664918045 
786	 0.329525334096296 
787	 0.32925962144883 
788	 0.329031980302697 
789	 0.328848534386165 
790	 0.328625072013276 
791	 0.3283437528942 
792	 0.32808042885543 
793	 0.327855313106635 
794	 0.327602610442777 
795	 0.327338593525366 
796	 0.327114546292229 
797	 0.326948830827553 
798	 0.326756840262491 
799	 0.326487550651064 
800	 0.326212405242122 
801	 0.326024514808941 
802	 0.325797282866535 
803	 0.325550605478188 
804	 0.325299653832047 
805	 0.325048885523554 
806	 0.324821982907542 
807	 0.324639488358343 
808	 0.32448073830085 
809	 0.324257137076019 
810	 0.324034360381062 
811	 0.323829777242114 
812	 0.323640727336022 
813	 0.323445243189465 
814	 0.323249633938114 
815	 0.323048840486732 
816	 0.322835314835379 
817	 0.322631237818795 
818	 0.322421156914584 
819	 0.322219472147514 
820	 0.322068473956151 
821	 0.321820304647577 
822	 0.321579198816474 
823	 0.321407250982811 
824	 0.321178448779882 
825	 0.320960037370592 
826	 0.320733472678134 
827	 0.320487492007854 
828	 0.320341003379872 
829	 0.320189709154591 
830	 0.319974065298565 
831	 0.319693004976222 
832	 0.319505788510604 
833	 0.31935027375274 
834	 0.319168623339895 
835	 0.318940677235729 
836	 0.318785336753082 
837	 0.318654611778647 
838	 0.318487878278616 
839	 0.318260897714292 
840	 0.318074972044771 
841	 0.317902110033454 
842	 0.31770293198099 
843	 0.317547775083796 
844	 0.317355440053679 
845	 0.317145628714742 
846	 0.316974385357987 
847	 0.316782623848714 
848	 0.31660763520628 
849	 0.316452894234257 
850	 0.316289736316201 
851	 0.316133521649621 
852	 0.315965770292111 
853	 0.315783640557202 
854	 0.315611349539172 
855	 0.315442634903056 
856	 0.315262083247148 
857	 0.315074610193355 
858	 0.314940833552684 
859	 0.314815551543467 
860	 0.314685600190057 
861	 0.314542327358923 
862	 0.314344180924758 
863	 0.314198482912822 
864	 0.314075232496528 
865	 0.3138882956242 
866	 0.313734845354217 
867	 0.313603801455592 
868	 0.313454479860402 
869	 0.313242490871517 
870	 0.313080676714725 
871	 0.312941328297004 
872	 0.312796596707789 
873	 0.312647185641724 
874	 0.312492617350339 
875	 0.312335391895808 
876	 0.312182600016922 
877	 0.312051594448216 
878	 0.311862450648446 
879	 0.311671366102235 
880	 0.311537171368705 
881	 0.311383592632863 
882	 0.311294688338691 
883	 0.31121648837785 
884	 0.311064416385926 
885	 0.310901549944246 
886	 0.310752231210416 
887	 0.310630821696169 
888	 0.310534817820358 
889	 0.310410777010018 
890	 0.310269580292364 
891	 0.310143068524551 
892	 0.310065461007794 
893	 0.309975011591583 
894	 0.309868741559835 
895	 0.309740732909272 
896	 0.309577405197977 
897	 0.309465033719766 
898	 0.309351843818015 
899	 0.309206815387071 
900	 0.309078284822005 
901	 0.308979916087663 
902	 0.308848328582388 
903	 0.308651879148485 
904	 0.308469486435367 
905	 0.308366412439739 
906	 0.308310872967162 
907	 0.30824265980225 
908	 0.308130695454848 
909	 0.307982182186578 
910	 0.307873337160525 
911	 0.307847370457457 
912	 0.307712649220433 
913	 0.307627234411964 
914	 0.307552714629942 
915	 0.30738541714626 
916	 0.307226166150096 
917	 0.307113719693972 
918	 0.307055979776502 
919	 0.307025960977281 
920	 0.306932715095791 
921	 0.306826163248924 
922	 0.306728911807707 
923	 0.306635423083439 
924	 0.30657370224906 
925	 0.306464459602166 
926	 0.306339161184528 
927	 0.306314519093688 
928	 0.306238470341668 
929	 0.306078130723304 
930	 0.305888915605283 
931	 0.305788956071089 
932	 0.305709542933748 
933	 0.3056452766508 
934	 0.30555182926069 
935	 0.305349556824153 
936	 0.305279183543707 
937	 0.305187535960553 
938	 0.305050533922123 
939	 0.305096463368759 
940	 0.304993385234909 
941	 0.304877337198616 
942	 0.304819483548683 
943	 0.304656900824966 
944	 0.304508983463634 
945	 0.304436800486519 
946	 0.304414281098258 
947	 0.304303368907403 
948	 0.304132354824456 
949	 0.304002920323766 
950	 0.303937978198226 
951	 0.303797409922431 
952	 0.303701433532158 
953	 0.303600043245323 
954	 0.303480089154577 
955	 0.303461221471163 
956	 0.303401839328217 
957	 0.303349854484389 
958	 0.303308184990833 
959	 0.303121122509756 
960	 0.302977238992772 
961	 0.302947528536876 
962	 0.302975470680512 
963	 0.302847591084724 
964	 0.302668597384328 
965	 0.302514599119829 
966	 0.30242334466135 
967	 0.302370922787206 
968	 0.302469839265582 
969	 0.302408176454454 
970	 0.302152636212675 
971	 0.302262380059693 
972	 0.302229307772626 
973	 0.302086505398714 
974	 0.301935332243295 
975	 0.301796335806112 
976	 0.301918173729893 
977	 0.301860022315922 
978	 0.301572912442173 
979	 0.301702696300483 
980	 0.301562992613243 
981	 0.301439074135516 
982	 0.30143266999647 
983	 0.3012220635347 
984	 0.301135620875198 
985	 0.301004534389445 
986	 0.300903813425111 
987	 0.301163829297505 
988	 0.30101644196943 
989	 0.300929687483395 
990	 0.301010438238752 
991	 0.300905900043819 
992	 0.300909168699972 
993	 0.30071851266806 
994	 0.300513149670815 
995	 0.300721293477264 
996	 0.300497396068798 
997	 0.30042276016205 
998	 0.300541384234451 
999	 0.300492688780835 
1000	 0.300211138447119 
1001	 0.297951977913758 
1002	 0.297887629721506 
1003	 0.297818475689104 
1004	 0.29774377023074 
1005	 0.297699056418977 
1006	 0.297641762327486 
1007	 0.297585635158688 
1008	 0.297548177722491 
1009	 0.297492042873474 
1010	 0.297430273447326 
1011	 0.297349155067909 
1012	 0.297254823926408 
1013	 0.29720921862658 
1014	 0.297158140316862 
1015	 0.297075686201178 
1016	 0.297017830803715 
1017	 0.296978881947496 
1018	 0.296912065799814 
1019	 0.296822133305187 
1020	 0.296770755131381 
1021	 0.296694159912178 
1022	 0.296605297655474 
1023	 0.296567191832805 
1024	 0.296521388520925 
1025	 0.296461106764487 
1026	 0.296398775018503 
1027	 0.296311020109094 
1028	 0.296234257474464 
1029	 0.296168620913295 
1030	 0.29610458799478 
1031	 0.296057824260588 
1032	 0.296001767470741 
1033	 0.29594551333425 
1034	 0.295870441543948 
1035	 0.29581013356406 
1036	 0.295754056730883 
1037	 0.295673489172386 
1038	 0.295602197659321 
1039	 0.295536372362086 
1040	 0.29546488788746 
1041	 0.295415608409799 
1042	 0.295358167544058 
1043	 0.295291233317991 
1044	 0.29521189628415 
1045	 0.29513004824377 
1046	 0.295040249221575 
1047	 0.294960883689542 
1048	 0.294890396769303 
1049	 0.294797392747534 
1050	 0.294702613888248 
1051	 0.294595236038886 
1052	 0.294463298232953 
1053	 0.294349648723902 
1054	 0.294250237533341 
1055	 0.294144707489762 
1056	 0.294057655359523 
1057	 0.293969641617858 
1058	 0.29386129685123 
1059	 0.293763853095621 
1060	 0.293668909109301 
1061	 0.293569270248106 
1062	 0.293474228747885 
1063	 0.2933969027529 
1064	 0.293300494829752 
1065	 0.293165470446756 
1066	 0.293058477933955 
1067	 0.292970015928478 
1068	 0.29288098659318 
1069	 0.292802849435591 
1070	 0.292715965563327 
1071	 0.292636253614903 
1072	 0.292564736277342 
1073	 0.29249667101681 
1074	 0.292464032568728 
1075	 0.292405934731919 
1076	 0.292334871231601 
1077	 0.292251602529395 
1078	 0.292154006015086 
1079	 0.29206741950792 
1080	 0.291968414664065 
1081	 0.291879330275797 
1082	 0.291816786202611 
1083	 0.291756629994808 
1084	 0.29170036912421 
1085	 0.291651604331462 
1086	 0.291593270225372 
1087	 0.2915215563409 
1088	 0.291454680189578 
1089	 0.291381260058294 
1090	 0.291310875558694 
1091	 0.291261533142416 
1092	 0.291178496505309 
1093	 0.29106610102424 
1094	 0.290976752760268 
1095	 0.290880727288087 
1096	 0.290778197432014 
1097	 0.290718699782542 
1098	 0.290661642037683 
1099	 0.290595120670916 
1100	 0.29053714147901 
1101	 0.290461412821503 
1102	 0.290375577604378 
1103	 0.290295497632233 
1104	 0.290206003186977 
1105	 0.290127139299012 
1106	 0.2900520363237 
1107	 0.289988064864949 
1108	 0.289930609113674 
1109	 0.289874442616918 
1110	 0.289831649779154 
1111	 0.289779493089248 
1112	 0.289723493870343 
1113	 0.289664448339569 
1114	 0.289618848729612 
1115	 0.289581490687617 
1116	 0.28953200830977 
1117	 0.289494795446976 
1118	 0.289452093620286 
1119	 0.289391386133172 
1120	 0.289345338410024 
1121	 0.289312054112534 
1122	 0.289266016718288 
1123	 0.289212084690927 
1124	 0.28916783662807 
1125	 0.289124430613762 
1126	 0.289080118401839 
1127	 0.289035911487266 
1128	 0.288999664456222 
1129	 0.28896607440181 
1130	 0.288934086354825 
1131	 0.288897364435902 
1132	 0.288869911643868 
1133	 0.288831581801769 
1134	 0.288779150421396 
1135	 0.288737516282692 
1136	 0.28870023314228 
1137	 0.288662230673864 
1138	 0.288627533056996 
1139	 0.288586211790434 
1140	 0.288534314539371 
1141	 0.28849843931145 
1142	 0.28847560675424 
1143	 0.288437185890008 
1144	 0.288403452726636 
1145	 0.288364442600573 
1146	 0.288311090430872 
1147	 0.28825341296581 
1148	 0.288213438898523 
1149	 0.288180264801692 
1150	 0.288140735990174 
1151	 0.288105574781462 
1152	 0.288074237236173 
1153	 0.288047266107487 
1154	 0.288014072666802 
1155	 0.287984000502521 
1156	 0.287949629088278 
1157	 0.287904394348554 
1158	 0.287869840854365 
1159	 0.287845382224961 
1160	 0.28781228369413 
1161	 0.287778866984184 
1162	 0.287742767689584 
1163	 0.287699497333452 
1164	 0.287658803283737 
1165	 0.28762397509785 
1166	 0.287582128843259 
1167	 0.287533247105624 
1168	 0.287474755135049 
1169	 0.287430985347276 
1170	 0.287386058951509 
1171	 0.287343186301002 
1172	 0.287312534661809 
1173	 0.287273183135727 
1174	 0.287224576889881 
1175	 0.287183893229961 
1176	 0.287147563740108 
1177	 0.287110200276828 
1178	 0.28707629358466 
1179	 0.2870380473823 
1180	 0.286997242150198 
1181	 0.286958354415712 
1182	 0.286916150274502 
1183	 0.286876339763471 
1184	 0.286838251156421 
1185	 0.286800887625933 
1186	 0.286770846455481 
1187	 0.286748642514452 
1188	 0.286714751333536 
1189	 0.286682271149896 
1190	 0.286647164658655 
1191	 0.286596205736169 
1192	 0.286563861879421 
1193	 0.286552627493308 
1194	 0.286518523667308 
1195	 0.286471946800015 
1196	 0.286439384604419 
1197	 0.286393859655416 
1198	 0.28636463264261 
1199	 0.286362773290118 
1200	 0.286349297851658 
1201	 0.286342586125441 
1202	 0.286322869848788 
1203	 0.286295803814672 
1204	 0.286259922747732 
1205	 0.286226734831928 
1206	 0.2861849244798 
1207	 0.286146472905291 
1208	 0.28611924013379 
1209	 0.286068883927255 
1210	 0.286005088807719 
1211	 0.285941760076821 
1212	 0.285871212596167 
1213	 0.285791594326397 
1214	 0.285711975513419 
1215	 0.285619127225655 
1216	 0.285511815702291 
1217	 0.285398158459423 
1218	 0.28527014480078 
1219	 0.285146073596512 
1220	 0.285020572849896 
1221	 0.284886992249453 
1222	 0.284749156066219 
1223	 0.284608123015907 
1224	 0.284471292923515 
1225	 0.284324564911102 
1226	 0.284189952349939 
1227	 0.284069752283553 
1228	 0.283937055858455 
1229	 0.283795124194184 
1230	 0.283666505580822 
1231	 0.283536669869025 
1232	 0.283415486131781 
1233	 0.283306610879987 
1234	 0.283196847544282 
1235	 0.283084457830298 
1236	 0.28298444466122 
1237	 0.282896468061186 
1238	 0.282805940094334 
1239	 0.282722065648329 
1240	 0.282642760480175 
1241	 0.282549824595823 
1242	 0.282446733232412 
1243	 0.282356375052601 
1244	 0.282260388642773 
1245	 0.282177633667614 
1246	 0.282106867071956 
1247	 0.282035015464872 
1248	 0.281971774207896 
1249	 0.28189980197372 
1250	 0.281829884714705 
1251	 0.281754257202757 
1252	 0.281667066250971 
1253	 0.281588240106861 
1254	 0.281514408807586 
1255	 0.28143468008622 
1256	 0.281348171325053 
1257	 0.281272916027611 
1258	 0.281199963419796 
1259	 0.28112818895323 
1260	 0.281071057714026 
1261	 0.281007638017652 
1262	 0.280933387281364 
1263	 0.280849734384908 
1264	 0.280770165242038 
1265	 0.280687756069055 
1266	 0.280598210505146 
1267	 0.280507592794867 
1268	 0.280412818012459 
1269	 0.28030354261295 
1270	 0.280207841277423 
1271	 0.280124971620835 
1272	 0.280026340332436 
1273	 0.279926613481854 
1274	 0.279821748967403 
1275	 0.279703031715121 
1276	 0.279589028017069 
1277	 0.279476232117383 
1278	 0.27936345753956 
1279	 0.27924753044199 
1280	 0.279134310813854 
1281	 0.27903330825268 
1282	 0.278928498046924 
1283	 0.278826996983039 
1284	 0.278734033778807 
1285	 0.278631546860198 
1286	 0.278522540455672 
1287	 0.278422731407195 
1288	 0.278317600725674 
1289	 0.27822890905583 
1290	 0.278151815092657 
1291	 0.278074646951271 
1292	 0.278009129831527 
1293	 0.27793710158031 
1294	 0.27787362118617 
1295	 0.277793253130675 
1296	 0.27768946509155 
1297	 0.277610343375243 
1298	 0.277530180440104 
1299	 0.277456871937853 
1300	 0.277415712008872 
1301	 0.277355769227219 
1302	 0.277278750983901 
1303	 0.277210620298021 
1304	 0.277153966192368 
1305	 0.277087470871808 
1306	 0.277040873573346 
1307	 0.276992266990543 
1308	 0.276930470052001 
1309	 0.276856006340745 
1310	 0.276791871267379 
1311	 0.276725032286155 
1312	 0.276660588447539 
1313	 0.276603107576902 
1314	 0.27654116211962 
1315	 0.27647256808344 
1316	 0.276408393774609 
1317	 0.276347596477642 
1318	 0.276285858629671 
1319	 0.276223906962725 
1320	 0.276163691936541 
1321	 0.276104174920231 
1322	 0.276045425111792 
1323	 0.275985522886517 
1324	 0.275930282441552 
1325	 0.275874180616036 
1326	 0.27582493048596 
1327	 0.27578565449743 
1328	 0.275749704391587 
1329	 0.27571617662968 
1330	 0.275679877293765 
1331	 0.275644504888046 
1332	 0.275606761984228 
1333	 0.275573791271876 
1334	 0.275540521530117 
1335	 0.275515627303351 
1336	 0.275498162642605 
1337	 0.275473362157583 
1338	 0.275454307838378 
1339	 0.275429796094918 
1340	 0.275399228660003 
1341	 0.275368184330565 
1342	 0.275337546531916 
1343	 0.275302018639363 
1344	 0.275253095360909 
1345	 0.275219117911789 
1346	 0.275191127468947 
1347	 0.275164313677652 
1348	 0.275142813486281 
1349	 0.275129519960409 
1350	 0.275112527484193 
1351	 0.275084681401741 
1352	 0.275062851545764 
1353	 0.275034126237274 
1354	 0.275004572814448 
1355	 0.274987743462367 
1356	 0.274960826339158 
1357	 0.27492603317383 
1358	 0.274891687499985 
1359	 0.274849135574646 
1360	 0.274811166778677 
1361	 0.274776094212144 
1362	 0.274740844256797 
1363	 0.274705896286344 
1364	 0.274666743400822 
1365	 0.274625427647877 
1366	 0.274586715377792 
1367	 0.274546448472219 
1368	 0.274506014771477 
1369	 0.274469744890328 
1370	 0.274428275953744 
1371	 0.274371127886652 
1372	 0.27433450519673 
1373	 0.274310728163189 
1374	 0.274284528782869 
1375	 0.274264294247375 
1376	 0.274255531043103 
1377	 0.274234968221069 
1378	 0.274199531138835 
1379	 0.27417725730416 
1380	 0.274161561021255 
1381	 0.274141960066322 
1382	 0.274119956857176 
1383	 0.274095467527433 
1384	 0.274060242285152 
1385	 0.274027154961319 
1386	 0.273995099580432 
1387	 0.273957550041767 
1388	 0.273913376999563 
1389	 0.273877125168627 
1390	 0.273840404199868 
1391	 0.273803324477032 
1392	 0.273773674503148 
1393	 0.273732628636445 
1394	 0.273686441670787 
1395	 0.273636623148328 
1396	 0.273581245871421 
1397	 0.273524192442911 
1398	 0.273464439550435 
1399	 0.273401346206694 
1400	 0.273329340886828 
1401	 0.273264992621444 
1402	 0.273196558929951 
1403	 0.273137664491329 
1404	 0.273087251569098 
1405	 0.273042100524836 
1406	 0.272994605457289 
1407	 0.272942156654611 
1408	 0.272884982980026 
1409	 0.272822785601797 
1410	 0.272764512215618 
1411	 0.272708418687308 
1412	 0.272660252682607 
1413	 0.272621596045803 
1414	 0.272583440504197 
1415	 0.272541911480887 
1416	 0.272490493110613 
1417	 0.272430513264145 
1418	 0.272371724771299 
1419	 0.272305793297909 
1420	 0.272243014229034 
1421	 0.272180273345538 
1422	 0.272118815913108 
1423	 0.27205232692161 
1424	 0.271996684568898 
1425	 0.271949677340741 
1426	 0.27189913674487 
1427	 0.271858349162648 
1428	 0.271803888519801 
1429	 0.271740946487486 
1430	 0.271677729820875 
1431	 0.271603657290278 
1432	 0.271540615868717 
1433	 0.271481576752589 
1434	 0.271424303478971 
1435	 0.271373475865187 
1436	 0.27131904630797 
1437	 0.271266039569207 
1438	 0.271208649066825 
1439	 0.271153417746578 
1440	 0.271095530660243 
1441	 0.271024384833276 
1442	 0.270958632991284 
1443	 0.270896359265347 
1444	 0.270830794166585 
1445	 0.270767682973508 
1446	 0.270700526760571 
1447	 0.270623763602832 
1448	 0.270542278004871 
1449	 0.270462611273203 
1450	 0.270386899429251 
1451	 0.27030530052668 
1452	 0.270219633783793 
1453	 0.270135080012491 
1454	 0.270049806749761 
1455	 0.269961082266209 
1456	 0.269865157464131 
1457	 0.269783603788514 
1458	 0.26970234927066 
1459	 0.269629218586981 
1460	 0.269573105023533 
1461	 0.269507629498462 
1462	 0.269441835782287 
1463	 0.269373134036757 
1464	 0.269295573518501 
1465	 0.269232363348731 
1466	 0.269171055352547 
1467	 0.269119259096696 
1468	 0.269084952403535 
1469	 0.2690410604091 
1470	 0.26900277375326 
1471	 0.268952911194989 
1472	 0.268898228102944 
1473	 0.26883880366584 
1474	 0.268764076148394 
1475	 0.268699546646541 
1476	 0.26863789124808 
1477	 0.268571433541517 
1478	 0.268515133351633 
1479	 0.268456353372091 
1480	 0.268392720198665 
1481	 0.268335408960516 
1482	 0.268279150370458 
1483	 0.268222579664088 
1484	 0.268162224022999 
1485	 0.268087485448271 
1486	 0.268012122104412 
1487	 0.267941834057123 
1488	 0.267875078407384 
1489	 0.267817783232345 
1490	 0.267751449867836 
1491	 0.267686685650389 
1492	 0.267637663675032 
1493	 0.267590469883851 
1494	 0.267540753046599 
1495	 0.267504870664197 
1496	 0.267448630163837 
1497	 0.267371392819194 
1498	 0.267317623440565 
1499	 0.267268293182316 
1500	 0.267217897293747 
1501	 0.267180355018542 
1502	 0.267131829561955 
1503	 0.267072223539551 
1504	 0.267023158742689 
1505	 0.266978216371113 
1506	 0.266933091111665 
1507	 0.2668926506713 
1508	 0.266849758882135 
1509	 0.266805339103578 
1510	 0.266761349798672 
1511	 0.266717774109444 
1512	 0.266673484842674 
1513	 0.266631794852234 
1514	 0.26658417999216 
1515	 0.266529808071399 
1516	 0.266480021930569 
1517	 0.266428194005836 
1518	 0.266380080128268 
1519	 0.266339196964322 
1520	 0.266293712759787 
1521	 0.266245452380587 
1522	 0.266196508778814 
1523	 0.266148101039144 
1524	 0.266097571657638 
1525	 0.266039185181883 
1526	 0.265991503745714 
1527	 0.265948864849832 
1528	 0.265905726170128 
1529	 0.265871947408194 
1530	 0.265836444727357 
1531	 0.265779921270984 
1532	 0.265725823855415 
1533	 0.265683777524187 
1534	 0.265645891811579 
1535	 0.265623905380835 
1536	 0.265599283696233 
1537	 0.265549276938739 
1538	 0.265493261821669 
1539	 0.265435665199213 
1540	 0.265383943673551 
1541	 0.265350791131129 
1542	 0.265318404406457 
1543	 0.265282819418983 
1544	 0.26524360233201 
1545	 0.265198175803304 
1546	 0.265158789315444 
1547	 0.265127628586894 
1548	 0.26509212367572 
1549	 0.265042243984893 
1550	 0.264981152230616 
1551	 0.264926901378718 
1552	 0.264858407604338 
1553	 0.264807422562745 
1554	 0.264770710334711 
1555	 0.264726007551555 
1556	 0.264680839007764 
1557	 0.264644702005406 
1558	 0.264613185643124 
1559	 0.264574475644311 
1560	 0.264543438636406 
1561	 0.264501542961865 
1562	 0.264445909404437 
1563	 0.264401005247129 
1564	 0.264356526311944 
1565	 0.264311051489421 
1566	 0.264267803636237 
1567	 0.264228603088357 
1568	 0.264188698646823 
1569	 0.264153967947701 
1570	 0.264127131837736 
1571	 0.264093637279225 
1572	 0.264060697294937 
1573	 0.264027991174701 
1574	 0.263993469108769 
1575	 0.263956429947996 
1576	 0.263914983338973 
1577	 0.263880203394015 
1578	 0.263850858988791 
1579	 0.26381470183316 
1580	 0.263785780515344 
1581	 0.263743401313964 
1582	 0.263677280413012 
1583	 0.263631932586118 
1584	 0.263590706575154 
1585	 0.26355278006324 
1586	 0.263530944019869 
1587	 0.263501099380689 
1588	 0.26346481765493 
1589	 0.26343304252458 
1590	 0.263404209076554 
1591	 0.263374001670335 
1592	 0.263339441651734 
1593	 0.263316399757959 
1594	 0.263305170212946 
1595	 0.263280880041862 
1596	 0.26326452101992 
1597	 0.26323364374832 
1598	 0.26317265230954 
1599	 0.263137936363414 
1600	 0.263109843910405 
1601	 0.263085426172678 
1602	 0.263078345684875 
1603	 0.263066561465606 
1604	 0.263050681660568 
1605	 0.263041397676164 
1606	 0.263041797803535 
1607	 0.263034785347697 
1608	 0.263024806534361 
1609	 0.263018550650771 
1610	 0.263015934730897 
1611	 0.263003520779522 
1612	 0.262984244184058 
1613	 0.262972355819082 
1614	 0.262960473899287 
1615	 0.262943782983735 
1616	 0.262928552149196 
1617	 0.262915701043142 
1618	 0.262890618453446 
1619	 0.262877439721792 
1620	 0.262882753492519 
1621	 0.262878471551619 
1622	 0.262876451912847 
1623	 0.262866209195006 
1624	 0.262836333722936 
1625	 0.262828252878707 
1626	 0.262828993822819 
1627	 0.262830349065447 
1628	 0.262859796774414 
1629	 0.262862884670226 
1630	 0.262841720189023 
1631	 0.262830897575589 
1632	 0.262810134004585 
1633	 0.262796384610469 
1634	 0.26279419300272 
1635	 0.262789141867944 
1636	 0.262781403834754 
1637	 0.262777227795846 
1638	 0.262770524018342 
1639	 0.262773414712491 
1640	 0.262789880544025 
1641	 0.262796988292995 
1642	 0.262812984710154 
1643	 0.262814743231339 
1644	 0.26279216437258 
1645	 0.26278691033733 
1646	 0.262788114214873 
1647	 0.262784481610182 
1648	 0.262791598748145 
1649	 0.26278859635564 
1650	 0.262763703137927 
1651	 0.262758505711015 
1652	 0.262761706803929 
1653	 0.262767019419298 
1654	 0.262792128447717 
1655	 0.262801933505523 
1656	 0.262806089387183 
1657	 0.262805607491395 
1658	 0.262802073232396 
1659	 0.262786054156499 
1660	 0.262758440101079 
1661	 0.262730812742872 
1662	 0.26269408063697 
1663	 0.262654085160573 
1664	 0.262608491872473 
1665	 0.262567500681121 
1666	 0.262525008791852 
1667	 0.262479169720067 
1668	 0.262431591025027 
1669	 0.262391318743651 
1670	 0.262344822823107 
1671	 0.262309929600968 
1672	 0.262285407502758 
1673	 0.262268721518966 
1674	 0.262255187642777 
1675	 0.262254937327201 
1676	 0.262265106349629 
1677	 0.262288751494817 
1678	 0.262324434309949 
1679	 0.262371168380365 
1680	 0.262429164488193 
1681	 0.262503181035253 
1682	 0.262596294639082 
1683	 0.262690437431436 
1684	 0.262808467753098 
1685	 0.262909286869748 
1686	 0.263001128290082 
1687	 0.263098760379471 
1688	 0.26318389859047 
1689	 0.263290582327225 
1690	 0.263426154616061 
1691	 0.263532123456581 
1692	 0.26362513533848 
1693	 0.263735804514932 
1694	 0.263833898835017 
1695	 0.263945477031978 
1696	 0.264091318709344 
1697	 0.264208840030836 
1698	 0.264298564828609 
1699	 0.26441794839253 
1700	 0.264550203726161 
1701	 0.264672088730273 
1702	 0.264805257728061 
1703	 0.264931707312507 
1704	 0.265042390277246 
1705	 0.265163636663389 
1706	 0.265295301142105 
1707	 0.265421343827169 
1708	 0.265541595555698 
1709	 0.265670154478889 
1710	 0.265795694595926 
1711	 0.265941681813394 
1712	 0.266095761442089 
1713	 0.26626393475332 
1714	 0.266460420203646 
1715	 0.266636732599316 
1716	 0.26680347441018 
1717	 0.266998211160488 
1718	 0.267193864895756 
1719	 0.267405223855382 
1720	 0.267659750136052 
1721	 0.267866010925798 
1722	 0.268066112900427 
1723	 0.268234826689672 
1724	 0.268373950222915 
1725	 0.26850435220879 
1726	 0.268622937434845 
1727	 0.268696566267157 
1728	 0.268754609784778 
1729	 0.268753638872315 
1730	 0.268701677703777 
1731	 0.268615718503946 
1732	 0.268495982632607 
1733	 0.268310271064642 
1734	 0.268086053161868 
1735	 0.267819663138067 
1736	 0.267525722969807 
1737	 0.267250822316103 
1738	 0.26698106927205 
1739	 0.266719241561851 
1740	 0.266473519422169 
1741	 0.266238290364185 
1742	 0.266027577021372 
1743	 0.265850832476322 
1744	 0.265677124191886 
1745	 0.265499612346015 
1746	 0.265364693544656 
1747	 0.265245943437426 
1748	 0.265166587599199 
1749	 0.265145837819272 
1750	 0.265124656643618 
1751	 0.265130353817339 
1752	 0.26514089093762 
1753	 0.265158171503758 
1754	 0.265189633978621 
1755	 0.265237015534889 
1756	 0.265288547271795 
1757	 0.26536843467784 
1758	 0.265421865313423 
1759	 0.265470500003766 
1760	 0.265507508279751 
1761	 0.265541623837857 
1762	 0.265536833507335 
1763	 0.265512411617749 
1764	 0.265470271934907 
1765	 0.2653923739366 
1766	 0.265300421336912 
1767	 0.265184458420847 
1768	 0.265078048622468 
1769	 0.264957206956309 
1770	 0.264834447559279 
1771	 0.264712569423813 
1772	 0.26460091872112 
1773	 0.264485020931443 
1774	 0.264360807986812 
1775	 0.264240787540607 
1776	 0.26412575698086 
1777	 0.264009805619191 
1778	 0.263895234662576 
1779	 0.263798090572113 
1780	 0.263707276979643 
1781	 0.263631134260446 
1782	 0.263584138570392 
1783	 0.263555441049712 
1784	 0.263504934677258 
1785	 0.26341977616212 
1786	 0.263356309131692 
1787	 0.263319278502112 
1788	 0.263287871349516 
1789	 0.263274357486021 
1790	 0.263232451539461 
1791	 0.263183604429027 
1792	 0.263179623758557 
1793	 0.263193843374332 
1794	 0.263281028168638 
1795	 0.263316751538057 
1796	 0.263321710678324 
1797	 0.263338798413064 
1798	 0.263334664660792 
1799	 0.263349409902356 
1800	 0.263396136617713 
1801	 0.259175189140279 
1802	 0.259280539985186 
1803	 0.259402674415882 
1804	 0.259514492941569 
1805	 0.259628570631203 
1806	 0.259725605834448 
1807	 0.259827395564068 
1808	 0.259921991468557 
1809	 0.2600191749703 
1810	 0.260113862851819 
1811	 0.260219727365965 
1812	 0.260293053540642 
1813	 0.26036230610316 
1814	 0.260450166864899 
1815	 0.260521744120162 
1816	 0.260570008891453 
1817	 0.260612816070694 
1818	 0.260647753942162 
1819	 0.260672624721964 
1820	 0.260681956938562 
1821	 0.26071578776789 
1822	 0.260748279875849 
1823	 0.260741707150055 
1824	 0.260752213022404 
1825	 0.260776003083964 
1826	 0.26079156730021 
1827	 0.260813845474736 
1828	 0.260848147142512 
1829	 0.260899397194298 
1830	 0.260938014554056 
1831	 0.260974904498741 
1832	 0.2610348042785 
1833	 0.261079096405458 
1834	 0.261117584001295 
1835	 0.261148203905493 
1836	 0.26117643147097 
1837	 0.261206988130641 
1838	 0.261236070891429 
1839	 0.261247274270872 
1840	 0.261269703859441 
1841	 0.261296123923168 
1842	 0.261304489769614 
1843	 0.261314182036662 
1844	 0.261331590327723 
1845	 0.261358740736417 
1846	 0.261386634957596 
1847	 0.261419784627054 
1848	 0.261455646159459 
1849	 0.261501462238488 
1850	 0.261530052855378 
1851	 0.26156059101207 
1852	 0.261608102694046 
1853	 0.261642999538327 
1854	 0.261679814560197 
1855	 0.261725915573886 
1856	 0.261758900379638 
1857	 0.261790685722568 
1858	 0.261819883289505 
1859	 0.261845320024304 
1860	 0.261857181820477 
1861	 0.261888785311109 
1862	 0.261914514501875 
1863	 0.261948348040724 
1864	 0.262014561641776 
1865	 0.26205993852108 
1866	 0.262094454093625 
1867	 0.262125938943471 
1868	 0.262155272038542 
1869	 0.26215554094707 
1870	 0.262180345409709 
1871	 0.26221609479876 
1872	 0.262266442912265 
1873	 0.262302643418847 
1874	 0.262327083341484 
1875	 0.262346526332756 
1876	 0.262355906894545 
1877	 0.262373077833555 
1878	 0.262398100557521 
1879	 0.262413831361569 
1880	 0.262416032892955 
1881	 0.262436580370928 
1882	 0.262459893802928 
1883	 0.262493701280061 
1884	 0.262523765532574 
1885	 0.262556419691535 
1886	 0.262576734913936 
1887	 0.262571225560891 
1888	 0.262589058622107 
1889	 0.262619070081761 
1890	 0.262635308492837 
1891	 0.262641700547542 
1892	 0.262665075757069 
1893	 0.262683386111655 
1894	 0.262722920692098 
1895	 0.26276702260939 
1896	 0.262825763869713 
1897	 0.262876727574219 
1898	 0.26292364831884 
1899	 0.262973634546339 
1900	 0.263018839293785 
1901	 0.263080094737477 
1902	 0.263149735169265 
1903	 0.263218887806463 
1904	 0.263296035411636 
1905	 0.263385049274756 
1906	 0.263458416106683 
1907	 0.263538993491246 
1908	 0.263620332850656 
1909	 0.263699639219353 
1910	 0.263789013566904 
1911	 0.263884986530937 
1912	 0.263983281041302 
1913	 0.264100077646767 
1914	 0.264198610511628 
1915	 0.264288091195027 
1916	 0.26437968849555 
1917	 0.264467155555068 
1918	 0.264545307628556 
1919	 0.264630051878766 
1920	 0.264717423434305 
1921	 0.264798988872629 
1922	 0.264876020232355 
1923	 0.264956393143472 
1924	 0.265036303064856 
1925	 0.265117470140651 
1926	 0.265210885274349 
1927	 0.265291338760027 
1928	 0.265346991132889 
1929	 0.265376339347441 
1930	 0.26543965105272 
1931	 0.265490628554309 
1932	 0.265560162281227 
1933	 0.265684499402041 
1934	 0.265751101349891 
1935	 0.265782056322938 
1936	 0.265825134147727 
1937	 0.265849793034322 
1938	 0.265881582658717 
1939	 0.265924733196982 
1940	 0.265958781893838 
1941	 0.265993731419938 
1942	 0.266022956733961 
1943	 0.266052254472915 
1944	 0.266087784804803 
1945	 0.266111190869258 
1946	 0.266127678867531 
1947	 0.266141546113935 
1948	 0.26614737234442 
1949	 0.266151749531089 
1950	 0.266157513142239 
1951	 0.26615020862302 
1952	 0.266148770600306 
1953	 0.266145430115789 
1954	 0.266142308613188 
1955	 0.26614291557451 
1956	 0.266134459987354 
1957	 0.26612359136053 
1958	 0.266106452883768 
1959	 0.266084093478191 
1960	 0.266056121654498 
1961	 0.266001341468429 
1962	 0.265974966325022 
1963	 0.265958497514631 
1964	 0.265946255375652 
1965	 0.265941463262059 
1966	 0.265959492701988 
1967	 0.26596892558687 
1968	 0.265978728548167 
1969	 0.265985283541263 
1970	 0.265999067006449 
1971	 0.266005253179286 
1972	 0.265995566951781 
1973	 0.265997896274538 
1974	 0.266008709748586 
1975	 0.266012664715228 
1976	 0.266024471335745 
1977	 0.266044407600002 
1978	 0.266058312786807 
1979	 0.266070967225165 
1980	 0.266086134538261 
1981	 0.266096584650811 
1982	 0.266116590668633 
1983	 0.266147502221682 
1984	 0.266171271116507 
1985	 0.266196740526295 
1986	 0.266222347432628 
1987	 0.266246635501466 
1988	 0.266267360516933 
1989	 0.26628581908904 
1990	 0.266300955977505 
1991	 0.266323730396244 
1992	 0.266343284329571 
1993	 0.266369399327095 
1994	 0.266415546629047 
1995	 0.266440971386264 
1996	 0.266450135694421 
1997	 0.266470799133768 
1998	 0.266478779030859 
1999	 0.26650230691181 
2000	 0.266541494048327 
2001	 0.266589383151592 
2002	 0.2666231037096 
2003	 0.266665236419734 
2004	 0.266685371108393 
2005	 0.26668144386613 
2006	 0.266694510635868 
2007	 0.266704875302895 
2008	 0.266715469476668 
2009	 0.26673630062886 
2010	 0.266747896294313 
2011	 0.266758859208352 
2012	 0.266756549103851 
2013	 0.266734664326973 
2014	 0.266730844153377 
2015	 0.266716788152062 
2016	 0.266686975982694 
2017	 0.266671409864188 
2018	 0.266666012355045 
2019	 0.266653278411769 
2020	 0.266633249402943 
2021	 0.266628199107866 
2022	 0.266636073930782 
2023	 0.266632013008916 
2024	 0.266629116208093 
2025	 0.266627775362077 
2026	 0.266628529739393 
2027	 0.266612706849966 
2028	 0.266599068017207 
2029	 0.266587820412738 
2030	 0.266577657421345 
2031	 0.266553717967367 
2032	 0.2665476627029 
2033	 0.266564456243677 
2034	 0.266559583248699 
2035	 0.266554902187504 
2036	 0.266539565885638 
2037	 0.266515379704156 
2038	 0.266481470109897 
2039	 0.266429176804757 
2040	 0.266386489676159 
2041	 0.266344931726462 
2042	 0.266281371549694 
2043	 0.26624031457856 
2044	 0.266211975423568 
2045	 0.266178297911065 
2046	 0.266150924086747 
2047	 0.266121401698102 
2048	 0.266082592106184 
2049	 0.266059627417327 
2050	 0.266060451698244 
2051	 0.266034503338394 
2052	 0.265987372890543 
2053	 0.265965630790817 
2054	 0.265946419752599 
2055	 0.265916616827832 
2056	 0.265904133352417 
2057	 0.265925242788746 
2058	 0.265920795726543 
2059	 0.265907747614193 
2060	 0.265892276606248 
2061	 0.265876517283019 
2062	 0.265853384581661 
2063	 0.26581262707268 
2064	 0.265783329762287 
2065	 0.265758456451751 
2066	 0.265734254287228 
2067	 0.265715285104712 
2068	 0.26569935816182 
2069	 0.265653945875592 
2070	 0.2656083991858 
2071	 0.265573844022975 
2072	 0.265521427361988 
2073	 0.265499246957996 
2074	 0.265499446067035 
2075	 0.265503936356996 
2076	 0.265534013389609 
2077	 0.265538987489834 
2078	 0.265552059434622 
2079	 0.265544883502006 
2080	 0.265485632279432 
2081	 0.26548030167575 
2082	 0.265492757578397 
2083	 0.265514696951194 
2084	 0.265561983616571 
2085	 0.265600770774105 
2086	 0.265643608411243 
2087	 0.265665715979168 
2088	 0.265702868062619 
2089	 0.265759897037084 
2090	 0.265791785947716 
2091	 0.265804809531642 
2092	 0.265840724127297 
2093	 0.265887270103087 
2094	 0.265911903126616 
2095	 0.265941581250568 
2096	 0.265957842775541 
2097	 0.265926517723839 
2098	 0.265934242042942 
2099	 0.265945865532772 
2100	 0.265998490599949 
2101	 0.266073809151364 
2102	 0.266114188592583 
2103	 0.266146224966981 
2104	 0.266158106398762 
2105	 0.266201907347734 
2106	 0.2662447846672 
2107	 0.266297754182197 
2108	 0.266376575225836 
2109	 0.266447504733748 
2110	 0.26650492498265 
2111	 0.266573962737851 
2112	 0.266671679427997 
2113	 0.26674720667425 
2114	 0.266805802229746 
2115	 0.266867361278952 
2116	 0.266967331230299 
2117	 0.267070689204195 
2118	 0.267146766254385 
2119	 0.267255962368366 
2120	 0.267335234052807 
2121	 0.267372148565676 
2122	 0.267432727180291 
2123	 0.267507772456866 
2124	 0.267575037774193 
2125	 0.267628750166742 
2126	 0.267704402213894 
2127	 0.267811942673292 
2128	 0.267874246596579 
2129	 0.267936229228227 
2130	 0.267976179976367 
2131	 0.267956560051149 
2132	 0.267967811250696 
2133	 0.268001613147912 
2134	 0.268010081859594 
2135	 0.267982949370143 
2136	 0.267995634104313 
2137	 0.267978863833762 
2138	 0.267937772595975 
2139	 0.267932068191427 
2140	 0.267951141613622 
2141	 0.267958420036885 
2142	 0.267966128627079 
2143	 0.267987597427928 
2144	 0.268024174044859 
2145	 0.268048876983585 
2146	 0.268081944227521 
2147	 0.268109667353699 
2148	 0.268136868064842 
2149	 0.26813960317731 
2150	 0.268137499138218 
2151	 0.268122574869758 
2152	 0.268070823718381 
2153	 0.268029548345424 
2154	 0.267998606893172 
2155	 0.267985052394334 
2156	 0.267920452921796 
2157	 0.267832360321161 
2158	 0.267748618678383 
2159	 0.267602188913908 
2160	 0.26754012738824 
2161	 0.267536891299354 
2162	 0.267504042112217 
2163	 0.26749790674044 
2164	 0.267473763927736 
2165	 0.267415847735947 
2166	 0.267387845299784 
2167	 0.267377853343768 
2168	 0.267367836429151 
2169	 0.267358976567244 
2170	 0.267371428101693 
2171	 0.26738094348879 
2172	 0.267431109777622 
2173	 0.267518212143765 
2174	 0.267586985563914 
2175	 0.267663137074876 
2176	 0.267709933354549 
2177	 0.267743678017468 
2178	 0.267734035844342 
2179	 0.267772824506976 
2180	 0.267835424185469 
2181	 0.267866949568198 
2182	 0.267921502912889 
2183	 0.267929556913125 
2184	 0.267868503686732 
2185	 0.267857033805077 
2186	 0.267829796135852 
2187	 0.267841845481399 
2188	 0.26790894482828 
2189	 0.267949440367689 
2190	 0.26798690953373 
2191	 0.268046178923941 
2192	 0.26811053551176 
2193	 0.268174502387621 
2194	 0.268256908526351 
2195	 0.268357573619023 
2196	 0.268419712122475 
2197	 0.268457962529723 
2198	 0.268566570001888 
2199	 0.268715168818144 
2200	 0.268833530952017 
2201	 0.269004762397188 
2202	 0.269119492181231 
2203	 0.269170358394923 
2204	 0.269253853423765 
2205	 0.269316998516406 
2206	 0.269436885431585 
2207	 0.269575398526103 
2208	 0.269737772592649 
2209	 0.269962663933968 
2210	 0.270163126110837 
2211	 0.270359087371982 
2212	 0.2705778696299 
2213	 0.270809443308563 
2214	 0.271039019505619 
2215	 0.271288270413958 
2216	 0.271524218519831 
2217	 0.271756345178422 
2218	 0.271996817212695 
2219	 0.272267129218457 
2220	 0.272505356881789 
2221	 0.272735578082584 
2222	 0.272963793184252 
2223	 0.273189614671572 
2224	 0.273399961352344 
2225	 0.273602149063636 
2226	 0.273812259178895 
2227	 0.273991817704895 
2228	 0.274147295682435 
2229	 0.274291296160352 
2230	 0.274401206884392 
2231	 0.274539185876892 
2232	 0.274686273524115 
2233	 0.274808822803389 
2234	 0.274949750137179 
2235	 0.275053201191315 
2236	 0.275120482430339 
2237	 0.275168636818403 
2238	 0.275201775542557 
2239	 0.27522064515582 
2240	 0.275170983681892 
2241	 0.275173745309801 
2242	 0.275218355964078 
2243	 0.275209210514135 
2244	 0.275247490953172 
2245	 0.275328721247197 
2246	 0.275371515427137 
2247	 0.275374913823669 
2248	 0.275395748394889 
2249	 0.275385806725206 
2250	 0.275440749015753 
2251	 0.275529762471841 
2252	 0.275617794356383 
2253	 0.275745844939648 
2254	 0.275844112351752 
2255	 0.275957164490323 
2256	 0.276011136192609 
2257	 0.276030536810173 
2258	 0.27606280226823 
2259	 0.276044737032599 
2260	 0.276048520509639 
2261	 0.276058892046232 
2262	 0.276090834141156 
2263	 0.276119376086032 
2264	 0.276180063190232 
2265	 0.27625780481784 
2266	 0.276384386355661 
2267	 0.27655659894733 
2268	 0.276723411821859 
2269	 0.276979065613136 
2270	 0.277162290807798 
2271	 0.277258447063791 
2272	 0.277417059950698 
2273	 0.277603730664885 
2274	 0.277746067936656 
2275	 0.277945790977599 
2276	 0.278167661786355 
2277	 0.278300540628326 
2278	 0.278426667165219 
2279	 0.278555182213481 
2280	 0.278665738352797 
2281	 0.278781191724729 
2282	 0.278910902348608 
2283	 0.279008674008324 
2284	 0.279075764635049 
2285	 0.279165627812174 
2286	 0.27920964791795 
2287	 0.279359151699174 
2288	 0.279578055249625 
2289	 0.279776335511958 
2290	 0.279992178207438 
2291	 0.280282590002485 
2292	 0.280545798163667 
2293	 0.28095739054073 
2294	 0.281561800839868 
2295	 0.282090094616085 
2296	 0.282623768773517 
2297	 0.28324107013428 
2298	 0.283880122541281 
2299	 0.284572100810953 
2300	 0.285383146273465 
2301	 0.286187196618928 
2302	 0.287041330705475 
2303	 0.287851745797416 
2304	 0.288777353623182 
2305	 0.28951052944405 
2306	 0.290144809034667 
2307	 0.29067110357276 
2308	 0.291078829669849 
2309	 0.291337812759845 
2310	 0.291555528284631 
2311	 0.291496152305952 
2312	 0.291126056426585 
2313	 0.290691127019795 
2314	 0.290015452877981 
2315	 0.289287063830536 
2316	 0.288436763805806 
2317	 0.287469075760002 
2318	 0.286529405649123 
2319	 0.285419239954168 
2320	 0.284537803506814 
2321	 0.283706170665654 
2322	 0.283033738488463 
2323	 0.282464242823516 
2324	 0.282023064143569 
2325	 0.281753654852394 
2326	 0.281497710101761 
2327	 0.281384394144019 
2328	 0.281198913578088 
2329	 0.281006061565887 
2330	 0.280909532684744 
2331	 0.280794714395874 
2332	 0.280840340919848 
2333	 0.281089425401404 
2334	 0.281226907092208 
2335	 0.281370428674636 
2336	 0.281594717474306 
2337	 0.281812837345403 
2338	 0.282097744360488 
2339	 0.282512948240262 
2340	 0.282897900931971 
2341	 0.283257198745402 
2342	 0.283694846256087 
2343	 0.28425014724415 
2344	 0.284712560748981 
2345	 0.285204328658469 
2346	 0.285618735029315 
2347	 0.285920809803153 
2348	 0.2862756802617 
2349	 0.286764890528892 
2350	 0.286951535563968 
2351	 0.286976540102189 
2352	 0.286970192767582 
2353	 0.286704171071605 
2354	 0.286492556419624 
2355	 0.286289182513303 
2356	 0.286076118425183 
2357	 0.285749684676234 
2358	 0.285515151244332 
2359	 0.285310714576402 
2360	 0.285199060697493 
2361	 0.285157248650729 
2362	 0.28515057210869 
2363	 0.285255985421722 
2364	 0.285352477758692 
2365	 0.285485403641908 
2366	 0.285612692960444 
2367	 0.285689124235833 
2368	 0.285892136892133 
2369	 0.286246895871353 
2370	 0.286481414726351 
2371	 0.286768442671388 
2372	 0.286998164714768 
2373	 0.287073023250071 
2374	 0.287196062708447 
2375	 0.287311674865577 
2376	 0.287497240418278 
2377	 0.287727295715452 
2378	 0.287942736669975 
2379	 0.288217171717832 
2380	 0.288491451890738 
2381	 0.288770480772579 
2382	 0.288916793835186 
2383	 0.288975638572371 
2384	 0.289052710722935 
2385	 0.289039962691308 
2386	 0.289147223485609 
2387	 0.289470295786554 
2388	 0.289781691107818 
2389	 0.290127459030488 
2390	 0.2904649879346 
2391	 0.290768301467247 
2392	 0.290894963165681 
2393	 0.291024389169892 
2394	 0.291208617041048 
2395	 0.291002711100393 
2396	 0.290955203944517 
2397	 0.291004881620571 
2398	 0.290861471781334 
2399	 0.290907578158958 
2400	 0.291018217648067 
2401	 0.291101638526427 
2402	 0.291059438497723 
2403	 0.291402379051701 
2404	 0.291822997987021 
2405	 0.291575338926558 
2406	 0.291379542925206 
2407	 0.290922898482146 
2408	 0.290251647739086 
2409	 0.290399112613002 
2410	 0.290709997621203 
2411	 0.290870399713016 
2412	 0.291021808002802 
2413	 0.290767312530566 
2414	 0.290545372028927 
2415	 0.290382729759608 
2416	 0.290241513334893 
2417	 0.290315549048619 
2418	 0.290223305021529 
2419	 0.290275109983108 
2420	 0.290364174601847 
2421	 0.290083105961376 
2422	 0.289746423610445 
2423	 0.289721478632266 
2424	 0.289784885556221 
2425	 0.289690251751767 
2426	 0.28988404711682 
2427	 0.289715632197609 
2428	 0.288889384398254 
2429	 0.288673357030924 
2430	 0.2885227069185 
2431	 0.288039283601853 
2432	 0.288148169747465 
2433	 0.287833106523587 
2434	 0.2873838559586 
2435	 0.287609295650816 
2436	 0.287648869337413 
2437	 0.287834583233255 
2438	 0.287955913474854 
2439	 0.287463107000135 
2440	 0.287127027219088 
2441	 0.286926126456415 
2442	 0.28686356096377 
2443	 0.287092201260731 
2444	 0.286742990614577 
2445	 0.286375201187042 
2446	 0.285960001324793 
2447	 0.284831586358556 
2448	 0.284147934736843 
2449	 0.283443127562868 
2450	 0.282362397277405 
2451	 0.282297848907798 
2452	 0.28233185958392 
2453	 0.281951668761129 
2454	 0.282166283485091 
2455	 0.282010758795753 
2456	 0.281404564585534 
2457	 0.281336178411026 
2458	 0.280776505575604 
2459	 0.279434294144428 
2460	 0.278888460624926 
2461	 0.278508856948212 
2462	 0.278319732072949 
2463	 0.279071356736436 
2464	 0.279429145356592 
2465	 0.279406001730913 
2466	 0.279566680543205 
2467	 0.280488869514174 
2468	 0.280134613737308 
2469	 0.278412016684577 
2470	 0.277740973859602 
2471	 0.276631630036136 
2472	 0.275788623002173 
2473	 0.276261970921009 
2474	 0.276467697016403 
2475	 0.275990201931151 
2476	 0.275786835601878 
2477	 0.276631002858419 
2478	 0.276198245301027 
2479	 0.274154004434128 
2480	 0.274198468856191 
2481	 0.275323101901117 
2482	 0.274940024943172 
2483	 0.274515497100691 
2484	 0.274880443185761 
2485	 0.274271427673307 
2486	 0.275303000635162 
2487	 0.279668596783868 
2488	 0.280886532794558 
2489	 0.280402706009676 
2490	 0.277451875149933 
2491	 0.276207434992417 
2492	 0.27492868386011 
2493	 0.274042715004522 
2494	 0.275082690282573 
2495	 0.2760259588791 
2496	 0.276434186987752 
2497	 0.276214131060079 
2498	 0.277068148665133 
2499	 0.278531143049703 
2500	 0.280179805648351 
