Wavelength	C:\Documents and Settings\All Users\Application Data\ASD\Indico Pro\Projects\McBeth_080818\#23.txt
350	 9.37323133813687E-02 
351	 8.47858032079167E-02 
352	 8.46081996057098E-02 
353	 0.08926201046959 
354	 9.22655299723472E-02 
355	 8.82787732757555E-02 
356	 8.59995515826947E-02 
357	 0.086931837101615 
358	 8.94137470082832E-02 
359	 8.83635717310627E-02 
360	 8.79545712768626E-02 
361	 8.88648429413441E-02 
362	 9.00527812208984E-02 
363	 8.95246975293351E-02 
364	 9.02714452290709E-02 
365	 9.23169855670277E-02 
366	 0.092736801815742 
367	 9.53696585126998E-02 
368	 0.096270713533596 
369	 9.42178382029648E-02 
370	 9.74972919111737E-02 
371	 9.75990032713148E-02 
372	 9.63038686614179E-02 
373	 9.78842695026776E-02 
374	 9.75613901071248E-02 
375	 9.99508036333155E-02 
376	 0.103829471087969 
377	 0.102945988874124 
378	 0.103676098178252 
379	 0.10348866542333 
380	 0.101919899499697 
381	 0.106493540066721 
382	 0.108930508749812 
383	 0.109839455921728 
384	 0.11189636722094 
385	 0.111954164676385 
386	 0.112033164019591 
387	 0.113053481716714 
388	 0.114707497492505 
389	 0.116138970029257 
390	 0.11725986500084 
391	 0.118376042116733 
392	 0.120337886727217 
393	 0.122037906241684 
394	 0.12339502253839 
395	 0.124664995948927 
396	 0.125982142343351 
397	 0.12701927613682 
398	 0.127700250830034 
399	 0.12819757425834 
400	 0.128679858762085 
401	 0.129219770298277 
402	 0.129775608080183 
403	 0.130065351827894 
404	 0.130854605143086 
405	 0.131220463508006 
406	 0.130317574408235 
407	 0.130629295510954 
408	 0.130947921577469 
409	 0.131084282585342 
410	 0.131835931271834 
411	 0.131610222506263 
412	 0.131375400671464 
413	 0.131716968044324 
414	 0.131373849692125 
415	 0.131326425321672 
416	 0.131421855061225 
417	 0.131158369153645 
418	 0.130657597961616 
419	 0.13005323754561 
420	 0.129698057047049 
421	 0.130119938442528 
422	 0.130512154392954 
423	 0.130460153235727 
424	 0.130009857086007 
425	 0.1301401286345 
426	 0.129964242918763 
427	 0.129699359076693 
428	 0.129922441372388 
429	 0.129723902490206 
430	 0.12944866795463 
431	 0.12941607700312 
432	 0.129768228020548 
433	 0.129783071091122 
434	 0.129737029079275 
435	 0.129917120367187 
436	 0.129728872497781 
437	 0.12937301369801 
438	 0.129219669995389 
439	 0.129619324608109 
440	 0.129586704335801 
441	 0.129412374983012 
442	 0.129371874925096 
443	 0.129412550708169 
444	 0.129304178041402 
445	 0.129140053929466 
446	 0.129053471363339 
447	 0.128766676848865 
448	 0.128588419607911 
449	 0.128566222393881 
450	 0.1284858544007 
451	 0.128367046876216 
452	 0.128227551928012 
453	 0.128069833896646 
454	 0.127840807159176 
455	 0.127613622642753 
456	 0.12738652584464 
457	 0.127151897985451 
458	 0.127148807912074 
459	 0.127090383079675 
460	 0.126836502186295 
461	 0.12650595286203 
462	 0.126173177446051 
463	 0.125991546742424 
464	 0.125990291598432 
465	 0.125704351318573 
466	 0.12549526100457 
467	 0.125358422649536 
468	 0.125043311836902 
469	 0.124811057203623 
470	 0.124706491542791 
471	 0.124668001855257 
472	 0.124472220011342 
473	 0.124477834904012 
474	 0.12439885872188 
475	 0.123897852487732 
476	 0.123764945851053 
477	 0.123766256152669 
478	 0.123738996162175 
479	 0.123675579703733 
480	 0.123530743385619 
481	 0.123352094650805 
482	 0.123215906071156 
483	 0.12323338248546 
484	 0.123148848312657 
485	 0.1229766241699 
486	 0.12288894844459 
487	 0.122873068405585 
488	 0.122834813263854 
489	 0.122759339951948 
490	 0.122795642370499 
491	 0.122767918347686 
492	 0.122593130120898 
493	 0.122287941217216 
494	 0.122146004841965 
495	 0.122146959964422 
496	 0.122193879550903 
497	 0.12214184151224 
498	 0.122125435673777 
499	 0.122179514229728 
500	 0.122251884802375 
501	 0.122092814178501 
502	 0.122013225641368 
503	 0.122034552868374 
504	 0.122023702477643 
505	 0.122021259475264 
506	 0.122002222863065 
507	 0.121945953638813 
508	 0.121838828414605 
509	 0.121817088040026 
510	 0.121916197257975 
511	 0.122072897605627 
512	 0.121956563674422 
513	 0.121858387866936 
514	 0.121866103986527 
515	 0.121842614311138 
516	 0.121689723959237 
517	 0.121596343866917 
518	 0.121687353743784 
519	 0.121769448221123 
520	 0.121706353251836 
521	 0.121618605603085 
522	 0.121729007918693 
523	 0.121753271246727 
524	 0.121700405590573 
525	 0.12164678519235 
526	 0.121731733306311 
527	 0.121707296682089 
528	 0.121657647405664 
529	 0.121718073024509 
530	 0.121704875868296 
531	 0.121649296513684 
532	 0.121589434915639 
533	 0.121557414436647 
534	 0.121523459611875 
535	 0.121505313117851 
536	 0.121498071339116 
537	 0.121386761596806 
538	 0.121387516791476 
539	 0.121428188512501 
540	 0.121300299568455 
541	 0.121279801263012 
542	 0.121277289220804 
543	 0.121229672524259 
544	 0.121203643924479 
545	 0.121242095602714 
546	 0.121260744306782 
547	 0.121176978479912 
548	 0.121210501599439 
549	 0.121244083551849 
550	 0.121205218113187 
551	 0.121098627695526 
552	 0.121074728289715 
553	 0.121088208153524 
554	 0.121073609470661 
555	 0.121080861356105 
556	 0.121059241334553 
557	 0.121039887765183 
558	 0.121097687405394 
559	 0.121083538619329 
560	 0.12110776496425 
561	 0.121203622228675 
562	 0.12114139226866 
563	 0.121155743286022 
564	 0.121206534918804 
565	 0.121174393961025 
566	 0.12120456518885 
567	 0.121253565330631 
568	 0.1212987105838 
569	 0.12136568679215 
570	 0.121381002380085 
571	 0.121365306444085 
572	 0.121370589389469 
573	 0.121467387843831 
574	 0.121485407528395 
575	 0.121437599979787 
576	 0.121479761388614 
577	 0.121494561793241 
578	 0.121481420730272 
579	 0.121462539316611 
580	 0.121473130661015 
581	 0.121426099206884 
582	 0.121379765756021 
583	 0.12142884903519 
584	 0.121386200361999 
585	 0.121366196533561 
586	 0.121406168216068 
587	 0.121387573450178 
588	 0.121384463969894 
589	 0.121370694260457 
590	 0.121315985724675 
591	 0.121306963514892 
592	 0.121230717052126 
593	 0.121125457966259 
594	 0.121156987322156 
595	 0.121092896199805 
596	 0.121015317113632 
597	 0.12099729318037 
598	 0.120918292421675 
599	 0.120844054773604 
600	 0.120779315228653 
601	 0.120699018554865 
602	 0.120605630160109 
603	 0.120535072717038 
604	 0.120496202210678 
605	 0.120448595464056 
606	 0.12039702397492 
607	 0.1203276485525 
608	 0.120229179929199 
609	 0.120121026923108 
610	 0.120027022181058 
611	 0.119948959774711 
612	 0.119868280630757 
613	 0.119847039274603 
614	 0.119802101616631 
615	 0.119682350749303 
616	 0.119623539057929 
617	 0.119521575187201 
618	 0.119394724663925 
619	 0.119326501715065 
620	 0.119301042989083 
621	 0.119250307824999 
622	 0.119138821944117 
623	 0.118989624798523 
624	 0.118941186327485 
625	 0.118917098028197 
626	 0.1188043539054 
627	 0.118734227432451 
628	 0.118694848736244 
629	 0.118634873869022 
630	 0.118477443716984 
631	 0.118434982722193 
632	 0.118423009898358 
633	 0.118342589651751 
634	 0.118255034074931 
635	 0.118184907289187 
636	 0.11812561103277 
637	 0.1180531044381 
638	 0.117989866143833 
639	 0.117908719963006 
640	 0.117817290096164 
641	 0.117799356160454 
642	 0.117743679881704 
643	 0.117663732391455 
644	 0.117602332336566 
645	 0.117515074703583 
646	 0.117435241351774 
647	 0.117381201431384 
648	 0.117349854561478 
649	 0.117268452118767 
650	 0.117178896845799 
651	 0.117122208773008 
652	 0.117058441266846 
653	 0.117025643499919 
654	 0.116999511585898 
655	 0.116931111054267 
656	 0.116887474456012 
657	 0.116843070014277 
658	 0.116785599454462 
659	 0.116743377313729 
660	 0.116670430296169 
661	 0.116586652420704 
662	 0.116525325748678 
663	 0.116482472344808 
664	 0.116393030997964 
665	 0.116277617935791 
666	 0.116230995969646 
667	 0.116178415070799 
668	 0.116105343066085 
669	 0.116030276329861 
670	 0.116032219625635 
671	 0.116007741243013 
672	 0.115945214849018 
673	 0.115875573429258 
674	 0.115783001559846 
675	 0.11571941985762 
676	 0.115695026286847 
677	 0.115657063274647 
678	 0.115603523368525 
679	 0.115543849590544 
680	 0.115487301782242 
681	 0.115421719042723 
682	 0.11536661918134 
683	 0.115310702450715 
684	 0.115226495744014 
685	 0.115186697108116 
686	 0.115162318403925 
687	 0.115128732011727 
688	 0.115106363270263 
689	 0.115041217594005 
690	 0.114971612398723 
691	 0.114949938829746 
692	 0.114902025160102 
693	 0.11484860830632 
694	 0.114803995990376 
695	 0.114768967494727 
696	 0.114723639579435 
697	 0.114656566136611 
698	 0.114571134587144 
699	 0.114501043921406 
700	 0.114450089514411 
701	 0.114407554314069 
702	 0.114357551460594 
703	 0.114316845603071 
704	 0.114276584678249 
705	 0.114222263629313 
706	 0.114134422381683 
707	 0.114083015918014 
708	 0.114052379515933 
709	 0.114010200259908 
710	 0.113954161110542 
711	 0.113923010934634 
712	 0.113886985047664 
713	 0.113783669859269 
714	 0.113728749669478 
715	 0.113691706950691 
716	 0.113645949021424 
717	 0.113608645018767 
718	 0.113566061409352 
719	 0.113500710826844 
720	 0.113411544247936 
721	 0.113370250909481 
722	 0.113337127103533 
723	 0.113297628562792 
724	 0.113260250938179 
725	 0.113193463702979 
726	 0.113120393836135 
727	 0.113064851517781 
728	 0.113032871561726 
729	 0.113015680175454 
730	 0.112965004628786 
731	 0.112850037617861 
732	 0.112802706939982 
733	 0.112785725267097 
734	 0.112757541082754 
735	 0.112687837748468 
736	 0.112661882576657 
737	 0.112630244263024 
738	 0.112555055244796 
739	 0.112482707042142 
740	 0.112442884172554 
741	 0.11241551087903 
742	 0.112365815173171 
743	 0.112321173489233 
744	 0.112263623113173 
745	 0.112198885722465 
746	 0.112158127455803 
747	 0.112124929093692 
748	 0.112095439322539 
749	 0.112061156739021 
750	 0.111993903375838 
751	 0.111932482942521 
752	 0.111892090892172 
753	 0.111871335840574 
754	 0.111843703342308 
755	 0.111791944169614 
756	 0.111731358000701 
757	 0.111705764630046 
758	 0.111660293024603 
759	 0.111599448682538 
760	 0.111539875365456 
761	 0.111497234723082 
762	 0.111467968865185 
763	 0.111429533408075 
764	 0.111365009370066 
765	 0.111333204563125 
766	 0.1113058150273 
767	 0.111260411981106 
768	 0.1111886725424 
769	 0.111128469024834 
770	 0.111080572828439 
771	 0.111037351359321 
772	 0.110987251881938 
773	 0.110962811987632 
774	 0.110948915100839 
775	 0.11091411748018 
776	 0.110836492613571 
777	 0.110784842021925 
778	 0.110778128294228 
779	 0.110784629674331 
780	 0.110725719760902 
781	 0.110659370827201 
782	 0.110629075703718 
783	 0.110617531436926 
784	 0.110547516433574 
785	 0.110475767483587 
786	 0.110462480111624 
787	 0.110414982357844 
788	 0.110376761757123 
789	 0.110355640534034 
790	 0.11033159196144 
791	 0.110258882069901 
792	 0.11020987998463 
793	 0.11019793491599 
794	 0.110144437732336 
795	 0.110107705863627 
796	 0.110090935337228 
797	 0.110078599666297 
798	 0.110042341831 
799	 0.109980747901851 
800	 0.109912046432064 
801	 0.109862988826155 
802	 0.10984823864932 
803	 0.109838521449533 
804	 0.109810805656794 
805	 0.109754110277344 
806	 0.109683953188241 
807	 0.109652320490451 
808	 0.109658878214834 
809	 0.109602007529015 
810	 0.109555422840663 
811	 0.109519388116287 
812	 0.109479807202015 
813	 0.109449431430449 
814	 0.109425840388085 
815	 0.109391182044433 
816	 0.109332020748777 
817	 0.109326767557974 
818	 0.109310948195108 
819	 0.109267771350541 
820	 0.10924376813374 
821	 0.109197187934372 
822	 0.109144640436108 
823	 0.109104347573701 
824	 0.109075331331319 
825	 0.109047406355294 
826	 0.109018860486733 
827	 0.108992305326726 
828	 0.108975731913129 
829	 0.108948705587726 
830	 0.10891003530838 
831	 0.108872044433374 
832	 0.108848037637931 
833	 0.10882635831697 
834	 0.10879412375137 
835	 0.108744798411026 
836	 0.108754670561909 
837	 0.1087712339257 
838	 0.108744306978343 
839	 0.108671892004785 
840	 0.10867591112989 
841	 0.108680015561339 
842	 0.108609222771431 
843	 0.108610888086983 
844	 0.108602794319187 
845	 0.108576721229805 
846	 0.108556897840924 
847	 0.108520327259597 
848	 0.108490165065006 
849	 0.108478570770631 
850	 0.108479442286222 
851	 0.108430980541428 
852	 0.10837820068982 
853	 0.10836680363433 
854	 0.108415896414402 
855	 0.108383905334312 
856	 0.108322911503436 
857	 0.108296332268871 
858	 0.108278159315439 
859	 0.108253286715278 
860	 0.108214499239459 
861	 0.108168128022486 
862	 0.108151117295501 
863	 0.108159725058091 
864	 0.108160284524951 
865	 0.108117278118142 
866	 0.108085107994249 
867	 0.108070644314539 
868	 0.108066458229932 
869	 0.108054464448418 
870	 0.108008463833257 
871	 0.107990191301615 
872	 0.108005403433843 
873	 0.107972036872241 
874	 0.10795664706916 
875	 0.107934916610304 
876	 0.107911406558343 
877	 0.107993364603349 
878	 0.10796630731643 
879	 0.107892023173908 
880	 0.107878913737817 
881	 0.107895288005792 
882	 0.107934273606311 
883	 0.107945665302837 
884	 0.107888659187533 
885	 0.107834528334533 
886	 0.10783453120337 
887	 0.107857014166217 
888	 0.107830112881237 
889	 0.107781390834005 
890	 0.107804788835836 
891	 0.107883272254359 
892	 0.107902216740437 
893	 0.10786076649747 
894	 0.107827098416982 
895	 0.107819209763679 
896	 0.107782763923969 
897	 0.107742775816336 
898	 0.107750760109118 
899	 0.107800553957731 
900	 0.107787054683415 
901	 0.107741255453097 
902	 0.107704137278823 
903	 0.107694275917456 
904	 0.107667510711635 
905	 0.10770728318666 
906	 0.107751716292876 
907	 0.107736286697191 
908	 0.107730824663533 
909	 0.107740471882837 
910	 0.10774245550063 
911	 0.107721821905324 
912	 0.107744330136586 
913	 0.107767806298215 
914	 0.107782370519785 
915	 0.107790895591042 
916	 0.107763429849368 
917	 0.107765390375992 
918	 0.107795892397759 
919	 0.107814439061245 
920	 0.107848306939284 
921	 0.10780029626686 
922	 0.107710061469903 
923	 0.10770954214445 
924	 0.107742767733933 
925	 0.107732401493608 
926	 0.107696558283717 
927	 0.107733070367941 
928	 0.107806670860893 
929	 0.107814663491482 
930	 0.107732226777691 
931	 0.107636243988042 
932	 0.107634230692618 
933	 0.107650614428432 
934	 0.107647686605083 
935	 0.107668220976909 
936	 0.10763335315773 
937	 0.107561500415798 
938	 0.107524084621269 
939	 0.107622214563959 
940	 0.107684786507937 
941	 0.107670360063617 
942	 0.107611772091902 
943	 0.107605166630254 
944	 0.107625492296476 
945	 0.107629930287587 
946	 0.107608853913983 
947	 0.107613217019156 
948	 0.107570191061702 
949	 0.107522205991834 
950	 0.107519883536065 
951	 0.107576711954686 
952	 0.107676274145996 
953	 0.107702282281541 
954	 0.107623281192692 
955	 0.10759449097523 
956	 0.107679604722192 
957	 0.10780424968146 
958	 0.107846378343836 
959	 0.107687140182827 
960	 0.107642875130307 
961	 0.107697429865851 
962	 0.107777327596956 
963	 0.107870591666093 
964	 0.107837993322807 
965	 0.107830247611298 
966	 0.107895246262858 
967	 0.107783852723909 
968	 0.107846727127754 
969	 0.107851733544113 
970	 0.107742638635605 
971	 0.10795606712582 
972	 0.107940979692206 
973	 0.10782292394796 
974	 0.10776006384405 
975	 0.107718470936768 
976	 0.107914037453952 
977	 0.108017113531175 
978	 0.107930943981234 
979	 0.108027542959715 
980	 0.108075161134381 
981	 0.108040378186421 
982	 0.107961980534944 
983	 0.107920962048034 
984	 0.107926184381693 
985	 0.107953320626451 
986	 0.107976786533543 
987	 0.107978387240406 
988	 0.107916321580544 
989	 0.107881260356643 
990	 0.107931742153484 
991	 0.108060322864423 
992	 0.108226157624993 
993	 0.108069552180368 
994	 0.107859528925631 
995	 0.1081695871973 
996	 0.108024809471 
997	 0.107953712743583 
998	 0.108015570026793 
999	 0.107951590272242 
1000	 0.10799903625227 
1001	 0.107232319414415 
1002	 0.107250722781951 
1003	 0.107247415337321 
1004	 0.107239873412271 
1005	 0.107232502521994 
1006	 0.107205428547859 
1007	 0.107219120306166 
1008	 0.107254949485715 
1009	 0.107263621726587 
1010	 0.107267158622634 
1011	 0.107262540575664 
1012	 0.107269432731245 
1013	 0.107294261629307 
1014	 0.1073286195209 
1015	 0.107362826188454 
1016	 0.1073865243904 
1017	 0.10740083534824 
1018	 0.107411468864601 
1019	 0.107417245979959 
1020	 0.107422331823857 
1021	 0.107414277465184 
1022	 0.107394870873922 
1023	 0.107397460077529 
1024	 0.10740522470645 
1025	 0.107420581607336 
1026	 0.10746520698913 
1027	 0.107489023351863 
1028	 0.107495810854125 
1029	 0.107503493601241 
1030	 0.10751013822509 
1031	 0.107503004308582 
1032	 0.107518291589791 
1033	 0.107551756109407 
1034	 0.107557049296975 
1035	 0.107573433578653 
1036	 0.107584274166519 
1037	 0.107566509806086 
1038	 0.107583304212698 
1039	 0.107614026160386 
1040	 0.107618731510186 
1041	 0.107637342086418 
1042	 0.107662879891927 
1043	 0.107662635405756 
1044	 0.10764965026889 
1045	 0.107638417607325 
1046	 0.107604314426486 
1047	 0.107592397974486 
1048	 0.107590086392374 
1049	 0.107593612454824 
1050	 0.107594995974093 
1051	 0.10761847799396 
1052	 0.107631103119011 
1053	 0.107635154047728 
1054	 0.107645806463305 
1055	 0.107627537581858 
1056	 0.107592493862326 
1057	 0.107575481319393 
1058	 0.107564935097166 
1059	 0.107573450675199 
1060	 0.107586460399709 
1061	 0.107627980586112 
1062	 0.107638890609471 
1063	 0.107646286054031 
1064	 0.107637977557863 
1065	 0.107614295921123 
1066	 0.107603605140282 
1067	 0.107613791140774 
1068	 0.107629982600259 
1069	 0.107654107341953 
1070	 0.107675768062996 
1071	 0.107674819955729 
1072	 0.107670851156457 
1073	 0.107672592528221 
1074	 0.107668216542538 
1075	 0.107676165563398 
1076	 0.107698634346255 
1077	 0.107709491989591 
1078	 0.10772017797112 
1079	 0.107721093857705 
1080	 0.107711058315739 
1081	 0.107709393065145 
1082	 0.107700795224283 
1083	 0.107709138959304 
1084	 0.107715233748587 
1085	 0.107709347555327 
1086	 0.107715967958189 
1087	 0.107729119084411 
1088	 0.107745306487534 
1089	 0.107773276045535 
1090	 0.107794719694766 
1091	 0.107821838537174 
1092	 0.10783957488423 
1093	 0.107851892223695 
1094	 0.107862986972735 
1095	 0.107872144240423 
1096	 0.107865298967997 
1097	 0.10787888195709 
1098	 0.107902812232079 
1099	 0.107920636466422 
1100	 0.10793423064117 
1101	 0.107939997223622 
1102	 0.107961227250366 
1103	 0.107981720087046 
1104	 0.108015320649389 
1105	 0.108032172137163 
1106	 0.108045100349329 
1107	 0.10805009036039 
1108	 0.108035615595028 
1109	 0.10804386861156 
1110	 0.108056177822146 
1111	 0.108070833324974 
1112	 0.108096421834584 
1113	 0.108125681949968 
1114	 0.108142184311721 
1115	 0.108167851510274 
1116	 0.108187055169448 
1117	 0.108196894608477 
1118	 0.108223354205827 
1119	 0.108257542677413 
1120	 0.108286179965696 
1121	 0.108327146111091 
1122	 0.108353036900166 
1123	 0.108363615253377 
1124	 0.108382834126433 
1125	 0.108400017458191 
1126	 0.108423897230887 
1127	 0.108455063161275 
1128	 0.108481503941562 
1129	 0.108507486492355 
1130	 0.108535269910377 
1131	 0.10856527114622 
1132	 0.108590055657138 
1133	 0.108620470400711 
1134	 0.10865453204567 
1135	 0.108677679389608 
1136	 0.108691948901345 
1137	 0.108715325027411 
1138	 0.108735234113758 
1139	 0.108759258700596 
1140	 0.108792293533768 
1141	 0.108818893354046 
1142	 0.108838593393516 
1143	 0.108865483186152 
1144	 0.10890099333774 
1145	 0.108927842461932 
1146	 0.108952911022368 
1147	 0.108976765277892 
1148	 0.109003480679263 
1149	 0.109024535773338 
1150	 0.109049760650122 
1151	 0.10908183158673 
1152	 0.10910467217567 
1153	 0.109115375660843 
1154	 0.109141931563634 
1155	 0.109174102301374 
1156	 0.109203638669743 
1157	 0.10924531405488 
1158	 0.109273412753753 
1159	 0.109287425115711 
1160	 0.109313344015041 
1161	 0.109340694370045 
1162	 0.109367857195634 
1163	 0.109408400277375 
1164	 0.109434855873796 
1165	 0.109455229821291 
1166	 0.109466105175155 
1167	 0.109481926502442 
1168	 0.109488276024952 
1169	 0.10951057598876 
1170	 0.10954617129477 
1171	 0.109567317028452 
1172	 0.109583990875789 
1173	 0.109610015028033 
1174	 0.109633260891247 
1175	 0.109658351539504 
1176	 0.109697909892914 
1177	 0.109725373210045 
1178	 0.10974222009178 
1179	 0.109761906612786 
1180	 0.109776483090424 
1181	 0.109798745697728 
1182	 0.109824655645842 
1183	 0.109850030039018 
1184	 0.109877502143342 
1185	 0.109914625440545 
1186	 0.109935833112797 
1187	 0.109948380336873 
1188	 0.109965835199597 
1189	 0.109975920181178 
1190	 0.109995091519732 
1191	 0.110020364001978 
1192	 0.110044459705603 
1193	 0.110072509299556 
1194	 0.110096545725645 
1195	 0.110120342061664 
1196	 0.110142986916957 
1197	 0.11016273812376 
1198	 0.11018324209156 
1199	 0.110200367449025 
1200	 0.110222749876339 
1201	 0.110257819331392 
1202	 0.110277970220581 
1203	 0.11029270105409 
1204	 0.110303444256548 
1205	 0.110317673253374 
1206	 0.110322395365275 
1207	 0.110332100000802 
1208	 0.110352554246912 
1209	 0.110361287455582 
1210	 0.110361512066572 
1211	 0.110362335767047 
1212	 0.110360160145436 
1213	 0.110358907004064 
1214	 0.11035858911355 
1215	 0.110352192098519 
1216	 0.110344514627458 
1217	 0.110333818364431 
1218	 0.110316621154423 
1219	 0.110298596187894 
1220	 0.110283744496716 
1221	 0.110259356346141 
1222	 0.110234288558401 
1223	 0.110202766757744 
1224	 0.110177334044809 
1225	 0.110149653620024 
1226	 0.110127338135705 
1227	 0.11010743532273 
1228	 0.110092204846363 
1229	 0.110085299706951 
1230	 0.110069923741196 
1231	 0.110051900572293 
1232	 0.110039491650588 
1233	 0.110022774866928 
1234	 0.110011181473586 
1235	 0.110006544058249 
1236	 0.110003928119199 
1237	 0.110004312822409 
1238	 0.11000312130855 
1239	 0.110004380561982 
1240	 0.110007069634909 
1241	 0.110010669186606 
1242	 0.110012581413994 
1243	 0.11001613701766 
1244	 0.110023837678904 
1245	 0.110029233708288 
1246	 0.110031284943785 
1247	 0.110037503687627 
1248	 0.110047872886399 
1249	 0.110053906505134 
1250	 0.110057230238641 
1251	 0.110064786989448 
1252	 0.1100720325754 
1253	 0.110081730948356 
1254	 0.110098091883603 
1255	 0.110109310603882 
1256	 0.110121779187366 
1257	 0.110128117551056 
1258	 0.110121232054473 
1259	 0.110127401912718 
1260	 0.11014475693284 
1261	 0.110149666886733 
1262	 0.110154405072782 
1263	 0.11016605216404 
1264	 0.110167989543133 
1265	 0.110157332680715 
1266	 0.110153405732066 
1267	 0.110153427449343 
1268	 0.110149188312987 
1269	 0.110137956257747 
1270	 0.110134099839529 
1271	 0.110133147587694 
1272	 0.110131219104078 
1273	 0.110137539864826 
1274	 0.110133270195122 
1275	 0.110120714960044 
1276	 0.110112354819232 
1277	 0.110097581165031 
1278	 0.11008835180114 
1279	 0.110081691273076 
1280	 0.110081391668492 
1281	 0.110083980271537 
1282	 0.110077511568583 
1283	 0.110069512206974 
1284	 0.110062533825169 
1285	 0.110054832656573 
1286	 0.110040675479122 
1287	 0.110039144600545 
1288	 0.110042448005535 
1289	 0.110047255675282 
1290	 0.1100607029656 
1291	 0.110069531386398 
1292	 0.110075444410604 
1293	 0.110087965603662 
1294	 0.110108541786697 
1295	 0.110118239169141 
1296	 0.110125391755792 
1297	 0.110133490393873 
1298	 0.110132938241657 
1299	 0.110136642575575 
1300	 0.110147365273349 
1301	 0.110154885705535 
1302	 0.110158423244774 
1303	 0.110162552605679 
1304	 0.110181188485102 
1305	 0.110193038126439 
1306	 0.110201037422376 
1307	 0.110220870098437 
1308	 0.110228571185677 
1309	 0.110222902094262 
1310	 0.110231235356867 
1311	 0.110242045317615 
1312	 0.110252974550993 
1313	 0.110276148267521 
1314	 0.110285237484782 
1315	 0.110281867881744 
1316	 0.110292052634554 
1317	 0.110303624462578 
1318	 0.110311824239694 
1319	 0.110319160924865 
1320	 0.110337633632533 
1321	 0.110362212175462 
1322	 0.11038113310219 
1323	 0.11041260557485 
1324	 0.110436717315122 
1325	 0.110451620457061 
1326	 0.110458391248437 
1327	 0.110481609210248 
1328	 0.110499245611916 
1329	 0.110521894572963 
1330	 0.110553320452915 
1331	 0.110573529202468 
1332	 0.110590033968533 
1333	 0.110608232943006 
1334	 0.110620620481833 
1335	 0.110639327816442 
1336	 0.110664397919611 
1337	 0.110685973308934 
1338	 0.110705159639187 
1339	 0.110725136009766 
1340	 0.110746159808672 
1341	 0.110766015523004 
1342	 0.110786527828027 
1343	 0.11080603236134 
1344	 0.110823902647318 
1345	 0.110841355917913 
1346	 0.110853175312716 
1347	 0.110875578651841 
1348	 0.110903648436261 
1349	 0.110930138093269 
1350	 0.110969679923533 
1351	 0.111003159776811 
1352	 0.111024467091081 
1353	 0.111056107232703 
1354	 0.111087650105163 
1355	 0.111117159609285 
1356	 0.111156293299671 
1357	 0.111191429338938 
1358	 0.11121855226651 
1359	 0.111237430574555 
1360	 0.111262194730648 
1361	 0.11128139269026 
1362	 0.111307096240548 
1363	 0.111341452125631 
1364	 0.111368377480561 
1365	 0.111391895342952 
1366	 0.111417647787177 
1367	 0.111445722841085 
1368	 0.111467298941322 
1369	 0.111483967084162 
1370	 0.111504693390492 
1371	 0.111517539315461 
1372	 0.111540289876388 
1373	 0.111573625841526 
1374	 0.111603969677631 
1375	 0.111639076510687 
1376	 0.111669997416455 
1377	 0.111695315247235 
1378	 0.111730420161022 
1379	 0.111759119613994 
1380	 0.11178830798371 
1381	 0.111832673745373 
1382	 0.111868033095708 
1383	 0.111896127323937 
1384	 0.111931247052248 
1385	 0.11196642885858 
1386	 0.111995758322702 
1387	 0.112029608318758 
1388	 0.112078155636455 
1389	 0.112103805928242 
1390	 0.112111668955236 
1391	 0.112132229238358 
1392	 0.112152663058234 
1393	 0.112166630159406 
1394	 0.112185141532439 
1395	 0.112198282632885 
1396	 0.112193175499731 
1397	 0.112204575592311 
1398	 0.112232914393566 
1399	 0.11224524164645 
1400	 0.112251268463848 
1401	 0.1122629901767 
1402	 0.112264161310039 
1403	 0.112276244714434 
1404	 0.112299108497473 
1405	 0.112324065288282 
1406	 0.112347529697804 
1407	 0.112367415581275 
1408	 0.112383658735742 
1409	 0.112403040587866 
1410	 0.112421494512206 
1411	 0.112433988971068 
1412	 0.112450545983624 
1413	 0.112469372537416 
1414	 0.112485741551557 
1415	 0.11250239027063 
1416	 0.112514760592732 
1417	 0.112524018304021 
1418	 0.112532595978951 
1419	 0.112537815272518 
1420	 0.11254242559425 
1421	 0.112543272196421 
1422	 0.112550600361452 
1423	 0.112559880053017 
1424	 0.112571331280896 
1425	 0.112588678381973 
1426	 0.112599248246623 
1427	 0.112607804266181 
1428	 0.112615669743843 
1429	 0.112621975875735 
1430	 0.112628884496107 
1431	 0.112634240214942 
1432	 0.112639504140195 
1433	 0.112640550358849 
1434	 0.112649631963393 
1435	 0.112667417683118 
1436	 0.112677078375146 
1437	 0.112687648961949 
1438	 0.112697335874099 
1439	 0.112695915574174 
1440	 0.112696309236417 
1441	 0.112701997849457 
1442	 0.112698502885451 
1443	 0.112697772927749 
1444	 0.112702515865018 
1445	 0.112710072865646 
1446	 0.112717532671305 
1447	 0.112716429624129 
1448	 0.11271438881616 
1449	 0.112710379917652 
1450	 0.112714011443865 
1451	 0.112724670311564 
1452	 0.112750907573431 
1453	 0.112759707025973 
1454	 0.112768529852829 
1455	 0.112769666291768 
1456	 0.112756651456568 
1457	 0.112753302776597 
1458	 0.112751255909036 
1459	 0.112748380746079 
1460	 0.112746730082769 
1461	 0.112747486589575 
1462	 0.112748230936959 
1463	 0.112750198456616 
1464	 0.11275572817253 
1465	 0.112760458981957 
1466	 0.112762803714709 
1467	 0.112767057689993 
1468	 0.11277593082252 
1469	 0.112779580676463 
1470	 0.11278065842413 
1471	 0.112785156539652 
1472	 0.112786911221219 
1473	 0.112790540470573 
1474	 0.112799171787162 
1475	 0.112806132795494 
1476	 0.112811454903356 
1477	 0.112819307911905 
1478	 0.112826753794804 
1479	 0.112826692968457 
1480	 0.1128351602687 
1481	 0.112838727214977 
1482	 0.112843354201352 
1483	 0.112857649655478 
1484	 0.112867659050843 
1485	 0.112882398069952 
1486	 0.11289114914492 
1487	 0.112889693243818 
1488	 0.11288576288397 
1489	 0.112877060962997 
1490	 0.112877415893945 
1491	 0.112886636869886 
1492	 0.112901972734738 
1493	 0.112922136035435 
1494	 0.11293756309815 
1495	 0.112956003155235 
1496	 0.112967404531853 
1497	 0.112973079937337 
1498	 0.112981614850784 
1499	 0.112986058937134 
1500	 0.112997519326576 
1501	 0.11301171410267 
1502	 0.113024096587051 
1503	 0.113040802718855 
1504	 0.113054973322239 
1505	 0.113069085133829 
1506	 0.113081762793087 
1507	 0.113089293047382 
1508	 0.113103511020176 
1509	 0.113120049017877 
1510	 0.113135503436729 
1511	 0.113161794768898 
1512	 0.113175436515793 
1513	 0.113174846739081 
1514	 0.113183829004647 
1515	 0.113192441492514 
1516	 0.113201192950034 
1517	 0.113215095119132 
1518	 0.113230405825794 
1519	 0.113242095675962 
1520	 0.113256157301753 
1521	 0.113283171096393 
1522	 0.113294779718761 
1523	 0.113289838871124 
1524	 0.113300554525642 
1525	 0.113311436816422 
1526	 0.113322826228735 
1527	 0.11334315043818 
1528	 0.113367862451728 
1529	 0.11338043685521 
1530	 0.113388070643845 
1531	 0.113394218662896 
1532	 0.113398348407716 
1533	 0.113411600697961 
1534	 0.113432111342829 
1535	 0.113455485547876 
1536	 0.113482749548326 
1537	 0.113500185076238 
1538	 0.113508562568906 
1539	 0.113513357828705 
1540	 0.113513459183258 
1541	 0.113509778810113 
1542	 0.113510189389805 
1543	 0.113525514896376 
1544	 0.113540014220985 
1545	 0.113550988904313 
1546	 0.113563412206496 
1547	 0.11355941590879 
1548	 0.113553975421456 
1549	 0.113553116236864 
1550	 0.113550774754803 
1551	 0.113552077701943 
1552	 0.113561452315822 
1553	 0.113557779349508 
1554	 0.113544108507356 
1555	 0.113545971835102 
1556	 0.113548118641474 
1557	 0.113556503333142 
1558	 0.113581001383584 
1559	 0.113592906548445 
1560	 0.113601350861529 
1561	 0.113600129696558 
1562	 0.113589363232478 
1563	 0.113591331059401 
1564	 0.113589607870266 
1565	 0.113594164846949 
1566	 0.113613464191775 
1567	 0.113619974652776 
1568	 0.113621290479952 
1569	 0.113621371957719 
1570	 0.113617089600557 
1571	 0.113614740083815 
1572	 0.113603418613608 
1573	 0.113608954989284 
1574	 0.113624889939145 
1575	 0.113637983781692 
1576	 0.113669734576177 
1577	 0.113678112172299 
1578	 0.113670341919862 
1579	 0.11366989947736 
1580	 0.113657178342222 
1581	 0.113654151708937 
1582	 0.113661504791347 
1583	 0.113664605293977 
1584	 0.113666159886087 
1585	 0.113671365539423 
1586	 0.113679534684144 
1587	 0.113684599475168 
1588	 0.113686474060336 
1589	 0.113696266306102 
1590	 0.113709346798541 
1591	 0.113719213343254 
1592	 0.113736558524604 
1593	 0.113749359155333 
1594	 0.11375683370912 
1595	 0.11376466857667 
1596	 0.113768545592436 
1597	 0.113777523472558 
1598	 0.113787730935826 
1599	 0.113798605974591 
1600	 0.113821819759607 
1601	 0.113830231544849 
1602	 0.113825854418203 
1603	 0.113826679253094 
1604	 0.113809045841477 
1605	 0.113819520506348 
1606	 0.113853999276092 
1607	 0.113878992806882 
1608	 0.113927437972741 
1609	 0.113950142013708 
1610	 0.113947626917538 
1611	 0.113956284744373 
1612	 0.113956851686299 
1613	 0.113962859271895 
1614	 0.113978435067936 
1615	 0.113989052861237 
1616	 0.113996414536663 
1617	 0.114005196382715 
1618	 0.114010880322234 
1619	 0.114022500034547 
1620	 0.114038749381206 
1621	 0.114053562491253 
1622	 0.114070557102346 
1623	 0.114089996327038 
1624	 0.114114373938581 
1625	 0.114130578122821 
1626	 0.11414232274975 
1627	 0.114158151522843 
1628	 0.114170643076149 
1629	 0.114182388424278 
1630	 0.114198285598054 
1631	 0.114213870713284 
1632	 0.114225449880559 
1633	 0.114237964303798 
1634	 0.114256303758804 
1635	 0.114269229902054 
1636	 0.114264999975992 
1637	 0.114281615764213 
1638	 0.114309939905875 
1639	 0.114339318619256 
1640	 0.114391534778012 
1641	 0.114427447605526 
1642	 0.114455939033376 
1643	 0.114477925936294 
1644	 0.11448318421335 
1645	 0.114500708639535 
1646	 0.114519609112964 
1647	 0.114540596956658 
1648	 0.114574707960748 
1649	 0.114598052546972 
1650	 0.114605653148198 
1651	 0.114629455456243 
1652	 0.114661072432692 
1653	 0.114689177873483 
1654	 0.114731005774962 
1655	 0.114762218007987 
1656	 0.114781333544539 
1657	 0.114803765608074 
1658	 0.11482293458412 
1659	 0.114846288677344 
1660	 0.114874845147087 
1661	 0.114897158930269 
1662	 0.114926051543275 
1663	 0.114940441807715 
1664	 0.114928450969692 
1665	 0.114940967658315 
1666	 0.114960157273322 
1667	 0.114978888693273 
1668	 0.11501790636389 
1669	 0.115044777954573 
1670	 0.115061934209396 
1671	 0.115078225529032 
1672	 0.115089083269802 
1673	 0.115106117678537 
1674	 0.11511606839299 
1675	 0.115139425315975 
1676	 0.115172216404194 
1677	 0.115211215042417 
1678	 0.115258789482581 
1679	 0.115310857984681 
1680	 0.115369403209649 
1681	 0.11543404250649 
1682	 0.11550827053197 
1683	 0.115580619007109 
1684	 0.11565786695329 
1685	 0.115735584675844 
1686	 0.115813697542998 
1687	 0.115892401791733 
1688	 0.115979943923373 
1689	 0.116054320602518 
1690	 0.11611857797462 
1691	 0.11618843112839 
1692	 0.116248422927387 
1693	 0.11632101971816 
1694	 0.116407500300895 
1695	 0.116483767810893 
1696	 0.116557844354329 
1697	 0.116636524671392 
1698	 0.116711386082523 
1699	 0.116792770480376 
1700	 0.116882852089715 
1701	 0.116969370278849 
1702	 0.117058824268751 
1703	 0.117139955149323 
1704	 0.117217013265169 
1705	 0.117296278571353 
1706	 0.11737598492369 
1707	 0.117444019410998 
1708	 0.117497238962368 
1709	 0.117576320623361 
1710	 0.11765016395501 
1711	 0.117747344167134 
1712	 0.1178850797237 
1713	 0.117991741452971 
1714	 0.118090706866606 
1715	 0.118194182756502 
1716	 0.118284841760886 
1717	 0.118393897292034 
1718	 0.118518400869172 
1719	 0.118631869974423 
1720	 0.118756066293575 
1721	 0.118855621563495 
1722	 0.118937905357226 
1723	 0.119025238598018 
1724	 0.119104450339838 
1725	 0.119179026775312 
1726	 0.119262474098382 
1727	 0.119309331116203 
1728	 0.119342413076588 
1729	 0.11932366081635 
1730	 0.119287640388873 
1731	 0.119241688340961 
1732	 0.119188505108824 
1733	 0.119115658786731 
1734	 0.11903206460621 
1735	 0.11893293082959 
1736	 0.118812200600353 
1737	 0.118701008857405 
1738	 0.118590801150467 
1739	 0.118467302621883 
1740	 0.118343684562843 
1741	 0.118229038197647 
1742	 0.118143615538712 
1743	 0.118091312022596 
1744	 0.118034710049282 
1745	 0.117991286255657 
1746	 0.117956605620323 
1747	 0.117920461000193 
1748	 0.117899899191216 
1749	 0.117893359008988 
1750	 0.117901957568788 
1751	 0.117923600704427 
1752	 0.117957800084073 
1753	 0.118017158852603 
1754	 0.118072436240874 
1755	 0.118145987317671 
1756	 0.118190729032351 
1757	 0.118224700786516 
1758	 0.118258112354412 
1759	 0.118266860992023 
1760	 0.11829514698279 
1761	 0.118347171136802 
1762	 0.118362267278299 
1763	 0.118376875645221 
1764	 0.118363760670909 
1765	 0.118306988819071 
1766	 0.118270111248659 
1767	 0.118231573936863 
1768	 0.118175748687641 
1769	 0.118105315923183 
1770	 0.118060034922662 
1771	 0.118013650507881 
1772	 0.117966855576272 
1773	 0.117947212577223 
1774	 0.117898199906172 
1775	 0.117810847154297 
1776	 0.117776711286096 
1777	 0.117756713619103 
1778	 0.117732123873992 
1779	 0.117717716936427 
1780	 0.117702181485664 
1781	 0.117681557758763 
1782	 0.117675255455329 
1783	 0.117677407403196 
1784	 0.117647170347502 
1785	 0.117609010593714 
1786	 0.117575732756832 
1787	 0.117542479847152 
1788	 0.117552366268237 
1789	 0.117566665232517 
1790	 0.117570196099381 
1791	 0.117593737107054 
1792	 0.117598323077676 
1793	 0.117616382603584 
1794	 0.117667374149531 
1795	 0.117690102229328 
1796	 0.117695323070254 
1797	 0.117707567909169 
1798	 0.117707664417182 
1799	 0.117710893656889 
1800	 0.117732572029046 
1801	 0.115646296063625 
1802	 0.11567458682907 
1803	 0.11571963881204 
1804	 0.115770326298639 
1805	 0.115820431106063 
1806	 0.115884281939669 
1807	 0.115938018104675 
1808	 0.115981286614224 
1809	 0.11603338247661 
1810	 0.11609692983907 
1811	 0.11614049754954 
1812	 0.116193489095901 
1813	 0.116232535243166 
1814	 0.116248238331311 
1815	 0.116276740555094 
1816	 0.116317465763033 
1817	 0.116338699900445 
1818	 0.116350940632693 
1819	 0.116349888028796 
1820	 0.116357496303228 
1821	 0.116347131071738 
1822	 0.116343854027031 
1823	 0.116378622813259 
1824	 0.116396336628615 
1825	 0.116412012320972 
1826	 0.116431999720173 
1827	 0.116442096294246 
1828	 0.11643551977205 
1829	 0.116449037680957 
1830	 0.11647342449123 
1831	 0.116497621086195 
1832	 0.116526810092442 
1833	 0.116529142855893 
1834	 0.116515172043889 
1835	 0.11650842470635 
1836	 0.116505979954168 
1837	 0.116508671307449 
1838	 0.116522186106723 
1839	 0.116545450002165 
1840	 0.116564905028308 
1841	 0.116567407489606 
1842	 0.116579039001442 
1843	 0.116596529351644 
1844	 0.116585133706206 
1845	 0.116588131733774 
1846	 0.116601069756198 
1847	 0.116618066550244 
1848	 0.116630062385989 
1849	 0.116653343001413 
1850	 0.116675648754003 
1851	 0.116674904251975 
1852	 0.116683593943425 
1853	 0.116701991178167 
1854	 0.11671808682701 
1855	 0.11673001945173 
1856	 0.116737742524053 
1857	 0.116746283963414 
1858	 0.116743666338194 
1859	 0.116751410283103 
1860	 0.116762707492178 
1861	 0.116777244262625 
1862	 0.116806783805772 
1863	 0.116839498701858 
1864	 0.116877508644977 
1865	 0.116922097815608 
1866	 0.116955449581329 
1867	 0.116973540102808 
1868	 0.117003447139569 
1869	 0.117042363984442 
1870	 0.117071851820829 
1871	 0.117097389199535 
1872	 0.11713332549874 
1873	 0.117149706471601 
1874	 0.117161964839885 
1875	 0.117206386652209 
1876	 0.117248999505225 
1877	 0.117292175907469 
1878	 0.117357404313765 
1879	 0.117397708656384 
1880	 0.117414696409937 
1881	 0.117450061959743 
1882	 0.117480347064164 
1883	 0.117512155853456 
1884	 0.117587425118657 
1885	 0.117666059692968 
1886	 0.117735085683964 
1887	 0.117817112481686 
1888	 0.117896066837653 
1889	 0.117960468240184 
1890	 0.118032624341006 
1891	 0.118110019887467 
1892	 0.1181937990241 
1893	 0.118275594291015 
1894	 0.118372211000512 
1895	 0.118467925354325 
1896	 0.118566477284083 
1897	 0.118665607310513 
1898	 0.118756423292377 
1899	 0.118857331414653 
1900	 0.118978355371269 
1901	 0.119081941024121 
1902	 0.119181923691561 
1903	 0.119276776809214 
1904	 0.119364745468399 
1905	 0.11943570594518 
1906	 0.119524149941331 
1907	 0.11963111192838 
1908	 0.119723696462607 
1909	 0.119823120596522 
1910	 0.119912953821482 
1911	 0.119983447420456 
1912	 0.120068922597324 
1913	 0.120165815008741 
1914	 0.120255816149748 
1915	 0.120344536147883 
1916	 0.120439407260943 
1917	 0.120525410947712 
1918	 0.12060924025528 
1919	 0.120681036719569 
1920	 0.120747024302257 
1921	 0.120807861576918 
1922	 0.120851005238924 
1923	 0.120903266933564 
1924	 0.120959445139806 
1925	 0.121010046979885 
1926	 0.121054989418075 
1927	 0.121110716561839 
1928	 0.121151013109037 
1929	 0.121186519883149 
1930	 0.121216377795758 
1931	 0.121232544973586 
1932	 0.121258183875448 
1933	 0.121286462139732 
1934	 0.121307173533663 
1935	 0.121325572925462 
1936	 0.12134751561051 
1937	 0.121376865604594 
1938	 0.121387893300106 
1939	 0.121401079236674 
1940	 0.121393218804495 
1941	 0.12138631055198 
1942	 0.121348377723879 
1943	 0.121344807956964 
1944	 0.121362934980223 
1945	 0.121365438851037 
1946	 0.12137564922281 
1947	 0.121377573768827 
1948	 0.121365247434552 
1949	 0.121357931534965 
1950	 0.121347660042898 
1951	 0.121346498684207 
1952	 0.121342737154307 
1953	 0.121336675253244 
1954	 0.121336727457398 
1955	 0.121349501053998 
1956	 0.121343909808182 
1957	 0.121330956804702 
1958	 0.121320941289553 
1959	 0.121299488602102 
1960	 0.121283703662736 
1961	 0.121271544869921 
1962	 0.121262261318937 
1963	 0.121254499131178 
1964	 0.121242481706863 
1965	 0.121242437283369 
1966	 0.121262098642645 
1967	 0.121255367491473 
1968	 0.121231571788884 
1969	 0.121228982302086 
1970	 0.121218972429156 
1971	 0.121219262105231 
1972	 0.121258563317565 
1973	 0.121266073213487 
1974	 0.121259422519867 
1975	 0.121237492588345 
1976	 0.121235019256861 
1977	 0.121228392084371 
1978	 0.12122262627571 
1979	 0.121232821545169 
1980	 0.121227823826966 
1981	 0.121197789153784 
1982	 0.121193255547255 
1983	 0.121199308275113 
1984	 0.121206577555346 
1985	 0.121230862399251 
1986	 0.121246412888266 
1987	 0.121259877544668 
1988	 0.121273883335591 
1989	 0.121277098865594 
1990	 0.121266614879044 
1991	 0.121273524578281 
1992	 0.121279667599322 
1993	 0.121290267946575 
1994	 0.121327195827917 
1995	 0.12133441595943 
1996	 0.121316958037178 
1997	 0.121314825427171 
1998	 0.121292679153048 
1999	 0.121295087208101 
2000	 0.121317796924489 
2001	 0.121353937236419 
2002	 0.121374642016687 
2003	 0.121404599340549 
2004	 0.121420295764119 
2005	 0.121415636593789 
2006	 0.121426790562025 
2007	 0.121440497483327 
2008	 0.121456570855575 
2009	 0.121484388655476 
2010	 0.121502037691127 
2011	 0.121523375058643 
2012	 0.121532421017501 
2013	 0.121528018350926 
2014	 0.121521540500638 
2015	 0.121518539525042 
2016	 0.121507929768204 
2017	 0.121504147155762 
2018	 0.121502884248833 
2019	 0.12150778910791 
2020	 0.121508696804438 
2021	 0.121525986577968 
2022	 0.121571752409689 
2023	 0.121593279932943 
2024	 0.121603904389173 
2025	 0.121625876200812 
2026	 0.121643230311196 
2027	 0.12166076796134 
2028	 0.121676944754754 
2029	 0.121707802953272 
2030	 0.121722249718144 
2031	 0.121716604035695 
2032	 0.121725679306457 
2033	 0.121736421015925 
2034	 0.121755220433359 
2035	 0.121790106632754 
2036	 0.121807931836694 
2037	 0.121819216729459 
2038	 0.121835383777938 
2039	 0.12183923167008 
2040	 0.121849326866977 
2041	 0.121883307972384 
2042	 0.121911964456311 
2043	 0.121936593064565 
2044	 0.121959577925351 
2045	 0.121983844021108 
2046	 0.122005765527375 
2047	 0.122029616285421 
2048	 0.12206134707671 
2049	 0.122084638561884 
2050	 0.122094248994182 
2051	 0.122114920647661 
2052	 0.122140316284172 
2053	 0.122162965279461 
2054	 0.122187677037352 
2055	 0.122224118413419 
2056	 0.122240997074557 
2057	 0.122240936646164 
2058	 0.122257211916846 
2059	 0.1222655517114 
2060	 0.122292547304094 
2061	 0.122354381378998 
2062	 0.122375879207628 
2063	 0.122381546411521 
2064	 0.122394786087744 
2065	 0.122378447015761 
2066	 0.12238841458912 
2067	 0.122429256225014 
2068	 0.122449987798884 
2069	 0.122476201663216 
2070	 0.122497713874001 
2071	 0.122514406807001 
2072	 0.122524291428573 
2073	 0.122535573243932 
2074	 0.122537162592278 
2075	 0.122559248011774 
2076	 0.122587891892991 
2077	 0.122618347661719 
2078	 0.122674696263568 
2079	 0.122701537125498 
2080	 0.122705476762972 
2081	 0.122728853966953 
2082	 0.122756181614617 
2083	 0.12276650541051 
2084	 0.122813059215327 
2085	 0.122839600651433 
2086	 0.122873125499939 
2087	 0.122942125405038 
2088	 0.122976601515713 
2089	 0.123008875692427 
2090	 0.123033235729726 
2091	 0.123031664965379 
2092	 0.123043866589002 
2093	 0.123060986575193 
2094	 0.123082903149022 
2095	 0.123108842283697 
2096	 0.123129222694657 
2097	 0.123146059105834 
2098	 0.123173608615604 
2099	 0.123218393774365 
2100	 0.123235474599255 
2101	 0.12324815065845 
2102	 0.123253676481124 
2103	 0.123271795403672 
2104	 0.123270956509163 
2105	 0.123301673910777 
2106	 0.12336404725288 
2107	 0.123410821388629 
2108	 0.123471278681589 
2109	 0.123500865139314 
2110	 0.123507502584816 
2111	 0.12353605018753 
2112	 0.123542612548748 
2113	 0.123571437478426 
2114	 0.123615347166689 
2115	 0.123685137286038 
2116	 0.123760268058472 
2117	 0.123850716991267 
2118	 0.123918986515404 
2119	 0.123943004728956 
2120	 0.123962330961143 
2121	 0.123922940783772 
2122	 0.123939486661619 
2123	 0.123985017414186 
2124	 0.124008530827293 
2125	 0.124031996410897 
2126	 0.12406178814405 
2127	 0.124079009687238 
2128	 0.124108393228078 
2129	 0.124171123027669 
2130	 0.124206766871781 
2131	 0.124225862719381 
2132	 0.124242681886481 
2133	 0.124256669145855 
2134	 0.124251081334015 
2135	 0.124229865888608 
2136	 0.124244219434793 
2137	 0.124251009042296 
2138	 0.124236066559662 
2139	 0.124236790091639 
2140	 0.124244145165777 
2141	 0.124247236269767 
2142	 0.124256770553774 
2143	 0.124256775021263 
2144	 0.124256066680755 
2145	 0.124254302162904 
2146	 0.124242731925128 
2147	 0.124227113125647 
2148	 0.124207355571583 
2149	 0.124188193340323 
2150	 0.12414932312662 
2151	 0.124154820314275 
2152	 0.1241272997334 
2153	 0.124090076814617 
2154	 0.124061462551118 
2155	 0.124004703256107 
2156	 0.123969930422509 
2157	 0.123944190579432 
2158	 0.123928071265399 
2159	 0.123931824054572 
2160	 0.123904423651944 
2161	 0.123870763809596 
2162	 0.123850195385163 
2163	 0.123811254145203 
2164	 0.123779828300159 
2165	 0.123762390733781 
2166	 0.123745621237009 
2167	 0.123724100176703 
2168	 0.123702767664144 
2169	 0.123694135166291 
2170	 0.12368745626372 
2171	 0.123677178580106 
2172	 0.12366608385629 
2173	 0.123639086436857 
2174	 0.123619802397112 
2175	 0.123606423115251 
2176	 0.123567782612657 
2177	 0.123556931367037 
2178	 0.123575489472926 
2179	 0.123584197695279 
2180	 0.123597419701767 
2181	 0.123595202263778 
2182	 0.123593300477153 
2183	 0.123583017524239 
2184	 0.123552521589282 
2185	 0.123535968118116 
2186	 0.123503012099207 
2187	 0.123512317043677 
2188	 0.123557781225372 
2189	 0.12358297445541 
2190	 0.123635555293562 
2191	 0.123668626096292 
2192	 0.123669415376297 
2193	 0.123690666755215 
2194	 0.123693198413685 
2195	 0.123711790061453 
2196	 0.123745432023063 
2197	 0.123751868484302 
2198	 0.123755878789069 
2199	 0.12376058908812 
2200	 0.123774826394329 
2201	 0.123763058148096 
2202	 0.123789729582072 
2203	 0.123851519903345 
2204	 0.123905466972465 
2205	 0.123963371167745 
2206	 0.124030711045966 
2207	 0.124105244512066 
2208	 0.124189220916351 
2209	 0.124307484700924 
2210	 0.124393757095512 
2211	 0.124455041054689 
2212	 0.124538221029966 
2213	 0.124611321743881 
2214	 0.124687224074326 
2215	 0.12476596336827 
2216	 0.124882881732775 
2217	 0.124987567891489 
2218	 0.125109037514287 
2219	 0.125207210081563 
2220	 0.125337679286805 
2221	 0.125449697138698 
2222	 0.125530677931793 
2223	 0.125644320284664 
2224	 0.125775565452843 
2225	 0.125905307622232 
2226	 0.126055241041659 
2227	 0.12617634927163 
2228	 0.12627969249599 
2229	 0.126418998073509 
2230	 0.126571607020597 
2231	 0.126701972557813 
2232	 0.12685602276276 
2233	 0.126970976980591 
2234	 0.127025285315687 
2235	 0.127115580632492 
2236	 0.127200583916795 
2237	 0.127320155879741 
2238	 0.1274985898786 
2239	 0.127623273489247 
2240	 0.127736067124883 
2241	 0.127850208243771 
2242	 0.127932054461929 
2243	 0.127993239870477 
2244	 0.128122727594867 
2245	 0.128311637579381 
2246	 0.128504236055637 
2247	 0.128677863718689 
2248	 0.128819284868708 
2249	 0.128934883845498 
2250	 0.12904854969774 
2251	 0.129121734747037 
2252	 0.129245460019878 
2253	 0.129371946112171 
2254	 0.1295201150001 
2255	 0.129729691032522 
2256	 0.12987078685906 
2257	 0.130000377230941 
2258	 0.13011181763766 
2259	 0.130180213439499 
2260	 0.130249459937582 
2261	 0.130280521799888 
2262	 0.130369834507035 
2263	 0.130448347422495 
2264	 0.130581071605148 
2265	 0.130823409126994 
2266	 0.130995594519991 
2267	 0.131157734362217 
2268	 0.131318245579625 
2269	 0.131455883773609 
2270	 0.131578750675044 
2271	 0.131695967550069 
2272	 0.13181128894437 
2273	 0.131902254037942 
2274	 0.131981607810755 
2275	 0.132110631672428 
2276	 0.132268437381059 
2277	 0.1324351044733 
2278	 0.132594119913853 
2279	 0.132758701402492 
2280	 0.132930265971601 
2281	 0.133081037507518 
2282	 0.13323490407801 
2283	 0.133365167155211 
2284	 0.133478230982376 
2285	 0.133567486400018 
2286	 0.133610051640557 
2287	 0.133715804586019 
2288	 0.13378512865609 
2289	 0.133959274348878 
2290	 0.134210684001768 
2291	 0.134491976515554 
2292	 0.134867677414225 
2293	 0.135199168075793 
2294	 0.135560140847775 
2295	 0.135905808185232 
2296	 0.136177705170757 
2297	 0.13656573045031 
2298	 0.137036573612167 
2299	 0.137489272307032 
2300	 0.138037871450794 
2301	 0.138521203943102 
2302	 0.138971359161312 
2303	 0.139400451577481 
2304	 0.139826215995708 
2305	 0.140201405249802 
2306	 0.140575977392389 
2307	 0.140841071145309 
2308	 0.141050031072563 
2309	 0.141152753027532 
2310	 0.141119530109 
2311	 0.141035465120448 
2312	 0.140881849968153 
2313	 0.140630744019274 
2314	 0.140235780775378 
2315	 0.139845892068767 
2316	 0.139443501766879 
2317	 0.138961461756705 
2318	 0.138515052729961 
2319	 0.138089642700538 
2320	 0.13766369785637 
2321	 0.137183712366261 
2322	 0.136809437600471 
2323	 0.136459080000237 
2324	 0.136237636921207 
2325	 0.136112660245202 
2326	 0.135999442149604 
2327	 0.135999683187796 
2328	 0.135971328289209 
2329	 0.135921970383673 
2330	 0.13595981824419 
2331	 0.136083321136275 
2332	 0.136175451859069 
2333	 0.136293071242632 
2334	 0.136433666077842 
2335	 0.13662055784984 
2336	 0.136724869831078 
2337	 0.136771358092566 
2338	 0.136928580612307 
2339	 0.137030628068149 
2340	 0.137265864437125 
2341	 0.137692272816888 
2342	 0.138051495617784 
2343	 0.138515835157382 
2344	 0.138793282599554 
2345	 0.138984911528369 
2346	 0.139167026895127 
2347	 0.139161492513471 
2348	 0.139282289192078 
2349	 0.139539657671289 
2350	 0.139647369096889 
2351	 0.139799142287158 
2352	 0.139739274853932 
2353	 0.139409031793133 
2354	 0.139191041924824 
2355	 0.1388225447803 
2356	 0.13859914014529 
2357	 0.138563231223724 
2358	 0.138415387706411 
2359	 0.138184279480123 
2360	 0.138073866052355 
2361	 0.137990933009703 
2362	 0.137914934969708 
2363	 0.137949444640782 
2364	 0.137968470605349 
2365	 0.137911999016743 
2366	 0.137948252650881 
2367	 0.138130192617675 
2368	 0.138229674423942 
2369	 0.138359253114582 
2370	 0.138417760225307 
2371	 0.138340576652529 
2372	 0.138347547773403 
2373	 0.138349093707042 
2374	 0.138380847454161 
2375	 0.138503241790183 
2376	 0.138581764274413 
2377	 0.13864884846139 
2378	 0.138718156975956 
2379	 0.138772408692438 
2380	 0.138858163846532 
2381	 0.138772960314623 
2382	 0.138721591964653 
2383	 0.138721677798121 
2384	 0.138611311170043 
2385	 0.138966230995206 
2386	 0.139311137764567 
2387	 0.139480710881031 
2388	 0.139807984868165 
2389	 0.139758991109236 
2390	 0.139638743783693 
2391	 0.139757218451128 
2392	 0.139834878156017 
2393	 0.139838238336111 
2394	 0.139878648923754 
2395	 0.13988147198846 
2396	 0.139776548405589 
2397	 0.139873621531966 
2398	 0.140044536235276 
2399	 0.140135726908031 
2400	 0.140165366398237 
2401	 0.139970946357533 
2402	 0.139919547886142 
2403	 0.14009967443783 
2404	 0.140245445147296 
2405	 0.140338951599488 
2406	 0.140297405289715 
2407	 0.140116327956498 
2408	 0.139880647604347 
2409	 0.139997377788895 
2410	 0.14019946838981 
2411	 0.140218311138228 
2412	 0.140237529532623 
2413	 0.140039127461806 
2414	 0.139990382008705 
2415	 0.139904376029227 
2416	 0.139552635131753 
2417	 0.139310380248874 
2418	 0.139063803689313 
2419	 0.138928791688362 
2420	 0.138942912748267 
2421	 0.139203202535452 
2422	 0.139522264660546 
2423	 0.139426536270276 
2424	 0.139426098732497 
2425	 0.139234003828918 
2426	 0.138806650439996 
2427	 0.138939399647439 
2428	 0.139110619109837 
2429	 0.139171619916107 
2430	 0.139235555740428 
2431	 0.139200040384191 
2432	 0.139245018157073 
2433	 0.13945337491772 
2434	 0.139390095279195 
2435	 0.13894913962258 
2436	 0.138710227242744 
2437	 0.138556943227739 
2438	 0.138664785388207 
2439	 0.13920132034734 
2440	 0.139403423467504 
2441	 0.138924262391586 
2442	 0.138605082804527 
2443	 0.138376415531869 
2444	 0.137938256559567 
2445	 0.138220475361616 
2446	 0.138502345231993 
2447	 0.138628325847547 
2448	 0.138999228234173 
2449	 0.138922066430622 
2450	 0.138714801330343 
2451	 0.138398528479083 
2452	 0.138207360524524 
2453	 0.138090524461204 
2454	 0.138272198358238 
2455	 0.138420035719051 
2456	 0.138199695152784 
2457	 0.138590154962343 
2458	 0.138815419105338 
2459	 0.139223279987889 
2460	 0.139355598283181 
2461	 0.13921526060164 
2462	 0.139253931930332 
2463	 0.139508477024225 
2464	 0.139267119936884 
2465	 0.138416087395406 
2466	 0.138084930351405 
2467	 0.137490426140693 
2468	 0.137078949488616 
2469	 0.137547306157431 
2470	 0.137627754715512 
2471	 0.136977049054683 
2472	 0.137167580568343 
2473	 0.138139201569509 
2474	 0.138660855026879 
2475	 0.140009468051187 
2476	 0.140046069524957 
2477	 0.138459874732832 
2478	 0.137590224440868 
2479	 0.135738525532945 
2480	 0.135415090275924 
2481	 0.136708590745874 
2482	 0.137777408237003 
2483	 0.140153359943022 
2484	 0.140499180418453 
2485	 0.140009433123644 
2486	 0.139976102775353 
2487	 0.138353389214819 
2488	 0.137670299213405 
2489	 0.137190841283191 
2490	 0.13547892890139 
2491	 0.136337209002318 
2492	 0.135220246791939 
2493	 0.13506267920639 
2494	 0.133548832229722 
2495	 0.132602091756871 
2496	 0.134217822608085 
2497	 0.136123911600813 
2498	 0.139136409285655 
2499	 0.14010013499676 
2500	 0.140207669865297 
