Wavelength	C:\Documents and Settings\All Users\Application Data\ASD\Indico Pro\Projects\McBeth_080818\#5.txt
350	 0.119351965152558 
351	 0.118657412915575 
352	 0.117090545786476 
353	 0.114530473840427 
354	 0.111181513103829 
355	 0.107060311474063 
356	 0.105373946781736 
357	 0.106293296650793 
358	 0.10812094151413 
359	 0.106391592808451 
360	 0.106154985244235 
361	 0.108087821460801 
362	 0.110268799864501 
363	 0.106702438362466 
364	 0.108218509992265 
365	 0.113480079465458 
366	 0.109393596378404 
367	 0.11094675114154 
368	 0.114505389888124 
369	 0.116237527866828 
370	 0.120196859497253 
371	 0.118680608087692 
372	 0.117633248659137 
373	 0.124194362374723 
374	 0.122095472141444 
375	 0.125907537690574 
376	 0.134970339305949 
377	 0.134674884752859 
378	 0.136825087168869 
379	 0.139920417411803 
380	 0.142733872966497 
381	 0.149776176055921 
382	 0.154841270876585 
383	 0.159680798953583 
384	 0.167213998602366 
385	 0.172068567536547 
386	 0.177742024588347 
387	 0.185287538744503 
388	 0.193359447270598 
389	 0.200621839156837 
390	 0.208431467168827 
391	 0.217388064064615 
392	 0.225628538225545 
393	 0.235506657967169 
394	 0.24632965958031 
395	 0.256680527879638 
396	 0.267233067049487 
397	 0.277958064062385 
398	 0.288162660799434 
399	 0.296995410952418 
400	 0.30772996523184 
401	 0.317913918080431 
402	 0.326198168729696 
403	 0.33500520002287 
404	 0.343356505164886 
405	 0.350813002377571 
406	 0.357124441123518 
407	 0.362596474591655 
408	 0.367889073065821 
409	 0.373082564465381 
410	 0.377772996752464 
411	 0.381348303021426 
412	 0.384432801182467 
413	 0.387313370726815 
414	 0.388892560103036 
415	 0.390828481521397 
416	 0.392968569782102 
417	 0.394565629554279 
418	 0.395884458442425 
419	 0.396864811639391 
420	 0.397606335903867 
421	 0.398376435092701 
422	 0.399233142641561 
423	 0.399615476296485 
424	 0.399451894332067 
425	 0.400327795379618 
426	 0.400466957703332 
427	 0.400222000213911 
428	 0.400704664145246 
429	 0.40054906689568 
430	 0.400262455599018 
431	 0.400163406155876 
432	 0.400107329015584 
433	 0.399964293564632 
434	 0.399699953523535 
435	 0.399363391803038 
436	 0.399230996648891 
437	 0.398544097273169 
438	 0.397760359788449 
439	 0.397934885343019 
440	 0.397369674424619 
441	 0.39680709703097 
442	 0.396597848426807 
443	 0.395790964303277 
444	 0.395203685262145 
445	 0.394639282013384 
446	 0.393721449435796 
447	 0.392874324986039 
448	 0.392036718004747 
449	 0.391086903832527 
450	 0.389895429158519 
451	 0.38886675954813 
452	 0.387820275518531 
453	 0.38655115528997 
454	 0.385057878891391 
455	 0.383582853867862 
456	 0.382087471307483 
457	 0.380430839589052 
458	 0.378834407475458 
459	 0.377276354663344 
460	 0.375679796651463 
461	 0.373939646537189 
462	 0.372016495431329 
463	 0.370035266742414 
464	 0.368112110647852 
465	 0.366105266449477 
466	 0.364218029924879 
467	 0.362379689725067 
468	 0.360323860588539 
469	 0.35805667739213 
470	 0.355941852654971 
471	 0.354033192636445 
472	 0.351641337131079 
473	 0.349410846290377 
474	 0.347246433897086 
475	 0.344858699941484 
476	 0.342521991325153 
477	 0.340289269106801 
478	 0.338059285433116 
479	 0.335590044001532 
480	 0.333033879950154 
481	 0.33043418591894 
482	 0.327795650452497 
483	 0.32509167310029 
484	 0.322317992384293 
485	 0.319493341211316 
486	 0.316631253844363 
487	 0.313550522251643 
488	 0.310398780249359 
489	 0.307302903035334 
490	 0.304270395586825 
491	 0.301158957141222 
492	 0.298034555448349 
493	 0.295003359551615 
494	 0.292044973968971 
495	 0.289047040301347 
496	 0.286052205102046 
497	 0.283267496352102 
498	 0.280581678318748 
499	 0.277899440799875 
500	 0.275208098336939 
501	 0.272685423768621 
502	 0.270353416244902 
503	 0.268089377184829 
504	 0.265731981653616 
505	 0.263617263561358 
506	 0.261549877482835 
507	 0.259423455901253 
508	 0.257384090667971 
509	 0.255424304661097 
510	 0.253522885559732 
511	 0.251644059687839 
512	 0.249733231622212 
513	 0.247792837122795 
514	 0.245807422825561 
515	 0.24373980811871 
516	 0.241616029651789 
517	 0.239477252092319 
518	 0.237351814902224 
519	 0.235226568297142 
520	 0.233126655899527 
521	 0.23100149326087 
522	 0.228777407661469 
523	 0.226545672562148 
524	 0.224452903418764 
525	 0.222505564798933 
526	 0.220465137749286 
527	 0.218425607134333 
528	 0.216538331833591 
529	 0.214889899446843 
530	 0.213129333366782 
531	 0.211511283031569 
532	 0.210070359879275 
533	 0.208606882332574 
534	 0.20735186562342 
535	 0.206220304066946 
536	 0.205136829806519 
537	 0.204257331946958 
538	 0.203422621782628 
539	 0.202610650113879 
540	 0.201882730393318 
541	 0.201267500445647 
542	 0.200740454358498 
543	 0.200255173892551 
544	 0.19972466750888 
545	 0.19938021956328 
546	 0.199085552042374 
547	 0.198631874900426 
548	 0.198219224049922 
549	 0.197811934697749 
550	 0.197374183148263 
551	 0.19688634657043 
552	 0.196400081308905 
553	 0.195860765686126 
554	 0.195220995417878 
555	 0.194543296735197 
556	 0.19384517734926 
557	 0.193119835290606 
558	 0.192340907863205 
559	 0.191469488058354 
560	 0.190598552049502 
561	 0.18976602359552 
562	 0.188846375228387 
563	 0.187960056333459 
564	 0.187117493433043 
565	 0.186288612910558 
566	 0.185490947549924 
567	 0.184733949671108 
568	 0.184043805220739 
569	 0.183470566338144 
570	 0.182853610142188 
571	 0.182269298079623 
572	 0.18182175050593 
573	 0.181442550049891 
574	 0.181113121453046 
575	 0.180820042272094 
576	 0.18056131754709 
577	 0.180453814500637 
578	 0.180371352794017 
579	 0.180256388236596 
580	 0.180315147679983 
581	 0.180435881345519 
582	 0.180622572835185 
583	 0.180917509266579 
584	 0.181256663520313 
585	 0.181653012287795 
586	 0.182132358388144 
587	 0.182730469762371 
588	 0.183401397490309 
589	 0.184142475656477 
590	 0.184969156877248 
591	 0.185920527617255 
592	 0.186869718839159 
593	 0.187836729610244 
594	 0.188967863617761 
595	 0.190111333244068 
596	 0.191271162344899 
597	 0.192483493786307 
598	 0.193796541776943 
599	 0.195122912939989 
600	 0.196452038769656 
601	 0.197804975968598 
602	 0.199079071198645 
603	 0.200371017680387 
604	 0.201726774545555 
605	 0.203076537978143 
606	 0.204346433120962 
607	 0.205534321079227 
608	 0.206671966035618 
609	 0.207798586362202 
610	 0.208867679960021 
611	 0.209887744580702 
612	 0.210920229094412 
613	 0.211850809344996 
614	 0.212714764558066 
615	 0.213556430000714 
616	 0.214344539491708 
617	 0.215099618093355 
618	 0.215854020978835 
619	 0.216647988901408 
620	 0.217534683223621 
621	 0.218389369792076 
622	 0.219199572975313 
623	 0.220191612058094 
624	 0.221245270144505 
625	 0.222374975911466 
626	 0.223621759337492 
627	 0.224927151972906 
628	 0.226370616956643 
629	 0.227943701372327 
630	 0.229541857988778 
631	 0.231311939533097 
632	 0.233175191876555 
633	 0.235057239360856 
634	 0.23706282682071 
635	 0.239103792927022 
636	 0.241204261963764 
637	 0.243447457415868 
638	 0.245755587991317 
639	 0.248083372533309 
640	 0.250437424590369 
641	 0.25289945247079 
642	 0.255399085506914 
643	 0.257898452448801 
644	 0.260392510674121 
645	 0.262970222214744 
646	 0.265572759946953 
647	 0.268162469727257 
648	 0.27073461562425 
649	 0.273362158797939 
650	 0.275966663764662 
651	 0.278483334149285 
652	 0.280984418290993 
653	 0.283460951070712 
654	 0.28587739626987 
655	 0.288184457887792 
656	 0.290347729038028 
657	 0.2924535263409 
658	 0.294507038794456 
659	 0.296358772270537 
660	 0.298075290708385 
661	 0.299624772779498 
662	 0.300972595487128 
663	 0.302209589475387 
664	 0.303265090871558 
665	 0.304151919363503 
666	 0.304952108069514 
667	 0.305479542145846 
668	 0.305789454625374 
669	 0.305960757544905 
670	 0.306016778255925 
671	 0.30585331566691 
672	 0.305494859014607 
673	 0.305013631716092 
674	 0.30431940661236 
675	 0.303536050971007 
676	 0.302708805309255 
677	 0.301754113931884 
678	 0.30070807831044 
679	 0.299596628647813 
680	 0.298441873269891 
681	 0.297249662680911 
682	 0.296071640274066 
683	 0.294901504399767 
684	 0.293702104974465 
685	 0.292663408143276 
686	 0.291698638053166 
687	 0.290747303233838 
688	 0.289892849597538 
689	 0.289122035074733 
690	 0.288452290929017 
691	 0.287904245248587 
692	 0.287459923346397 
693	 0.287109843561969 
694	 0.28685550537517 
695	 0.286707678801612 
696	 0.286673122932011 
697	 0.286736614153479 
698	 0.286887057493455 
699	 0.287141845762582 
700	 0.287453063126365 
701	 0.287857705187966 
702	 0.288414071838897 
703	 0.288984757193936 
704	 0.289628987353701 
705	 0.290386065693337 
706	 0.291241246537128 
707	 0.292099942965802 
708	 0.293000374832079 
709	 0.293992428122523 
710	 0.295025067158594 
711	 0.29612916414689 
712	 0.297291468546984 
713	 0.298471680873426 
714	 0.299674223001111 
715	 0.300928881016581 
716	 0.30223349301782 
717	 0.303524771227867 
718	 0.304886880376347 
719	 0.306301913065156 
720	 0.307726788772318 
721	 0.309169152581474 
722	 0.310637352553449 
723	 0.312153521401433 
724	 0.313741073304422 
725	 0.315354516356889 
726	 0.317033703772354 
727	 0.318817779024089 
728	 0.320729719284623 
729	 0.322749846649377 
730	 0.324843342840039 
731	 0.327006438855726 
732	 0.329378123936765 
733	 0.331939354070608 
734	 0.334663816136262 
735	 0.337519407848221 
736	 0.340526569808146 
737	 0.343671535733016 
738	 0.346944614051229 
739	 0.350364997502169 
740	 0.35391491726928 
741	 0.357570278341318 
742	 0.361315169396521 
743	 0.365176066116066 
744	 0.369111972790202 
745	 0.373097136490158 
746	 0.377124825714926 
747	 0.381215928005653 
748	 0.385319196129695 
749	 0.389390855518701 
750	 0.39344331874747 
751	 0.397493812327027 
752	 0.401504366071332 
753	 0.405433466182172 
754	 0.409364373981868 
755	 0.413188118949253 
756	 0.416895059368947 
757	 0.420580988480385 
758	 0.424165493033771 
759	 0.427622653117849 
760	 0.430957111943762 
761	 0.434238524182446 
762	 0.43743305091599 
763	 0.440501019180927 
764	 0.443431162492157 
765	 0.446360887090641 
766	 0.449205168329011 
767	 0.451930520017619 
768	 0.454561888771317 
769	 0.457136822845905 
770	 0.459643299417717 
771	 0.462067900990134 
772	 0.464425473328394 
773	 0.466743354271093 
774	 0.468998352523274 
775	 0.471155123021081 
776	 0.473180859043405 
777	 0.475245093121643 
778	 0.477328039535319 
779	 0.479259492019765 
780	 0.481179747719595 
781	 0.48303698563817 
782	 0.484806350717638 
783	 0.48655642288957 
784	 0.488267251577066 
785	 0.489948651659848 
786	 0.491599494498994 
787	 0.493137796223899 
788	 0.494680574933717 
789	 0.496223941323285 
790	 0.497682355937419 
791	 0.4990362325258 
792	 0.500333252385522 
793	 0.501582276038141 
794	 0.502732506498246 
795	 0.503869629135936 
796	 0.504983437677756 
797	 0.506043247053016 
798	 0.507035862663523 
799	 0.507932046909563 
800	 0.50879754741126 
801	 0.50970680876353 
802	 0.510528446495571 
803	 0.511287242885794 
804	 0.512013792703947 
805	 0.512731853425119 
806	 0.51340541762122 
807	 0.514043050666086 
808	 0.514662074924929 
809	 0.515280009744261 
810	 0.51581874387731 
811	 0.516329209203679 
812	 0.516871152246037 
813	 0.517391853283942 
814	 0.51790673215796 
815	 0.518389262946484 
816	 0.518803862212202 
817	 0.51920969748325 
818	 0.51963672034979 
819	 0.520066491297216 
820	 0.520435403583908 
821	 0.520806994776473 
822	 0.521177464570754 
823	 0.521532789128196 
824	 0.521863873612211 
825	 0.522218116962633 
826	 0.522551441253132 
827	 0.522836834685883 
828	 0.523241749041605 
829	 0.523550991627145 
830	 0.523743897895647 
831	 0.523931454557844 
832	 0.524211051828813 
833	 0.524504586440601 
834	 0.524750427535638 
835	 0.524936129685632 
836	 0.525214059733123 
837	 0.525487958754029 
838	 0.525692383351773 
839	 0.525910122764247 
840	 0.526136204489712 
841	 0.526372016002516 
842	 0.526612822888463 
843	 0.526842442938866 
844	 0.527018310863003 
845	 0.527179877695778 
846	 0.527386697288673 
847	 0.527552055907932 
848	 0.527704517206908 
849	 0.52786916878721 
850	 0.528057369888181 
851	 0.528252976226267 
852	 0.528406337310226 
853	 0.528524578595515 
854	 0.528697750889864 
855	 0.528866820930147 
856	 0.528996528376479 
857	 0.529098118796337 
858	 0.52928206900441 
859	 0.52942975146432 
860	 0.529525861254227 
861	 0.529606793404948 
862	 0.529756074903343 
863	 0.529884140537704 
864	 0.529975457388044 
865	 0.530064863362762 
866	 0.530196460637586 
867	 0.530308135724754 
868	 0.530410611104604 
869	 0.530567709733703 
870	 0.530610953001888 
871	 0.530671601712347 
872	 0.530809216255064 
873	 0.530930032856155 
874	 0.531040585740708 
875	 0.531152606428616 
876	 0.531265124034268 
877	 0.53134467601851 
878	 0.531427949337295 
879	 0.531506960130795 
880	 0.531570776223535 
881	 0.531633912970041 
882	 0.531786446554307 
883	 0.531935988876078 
884	 0.531964321495695 
885	 0.532019996254082 
886	 0.532088704577307 
887	 0.532144070818175 
888	 0.53217594833438 
889	 0.532320084657179 
890	 0.53239933980516 
891	 0.532435054303403 
892	 0.532607574083992 
893	 0.532595673202194 
894	 0.532617912134822 
895	 0.532729792021972 
896	 0.532713588871062 
897	 0.532751287902243 
898	 0.532820805189418 
899	 0.532883178168346 
900	 0.532936820179168 
901	 0.533001170624936 
902	 0.533030367957592 
903	 0.533014132564131 
904	 0.53305369260629 
905	 0.533129704845833 
906	 0.533230059733853 
907	 0.533317480024149 
908	 0.533274991854065 
909	 0.533294733621287 
910	 0.533363809112131 
911	 0.533413380392427 
912	 0.533515742479169 
913	 0.53354697588513 
914	 0.533551701971208 
915	 0.533621925740862 
916	 0.533619100853575 
917	 0.533642654102189 
918	 0.53370928364038 
919	 0.533784395887068 
920	 0.533918881503252 
921	 0.533997289498146 
922	 0.534031086602132 
923	 0.534120450774482 
924	 0.53417965901219 
925	 0.534202018422567 
926	 0.534248324608205 
927	 0.534406381769584 
928	 0.534514106718836 
929	 0.534564017756873 
930	 0.534586623339699 
931	 0.534633821220713 
932	 0.534802128058896 
933	 0.534926030858072 
934	 0.534945289231598 
935	 0.534981400791989 
936	 0.535055045528313 
937	 0.53516223523582 
938	 0.535302041954385 
939	 0.535483111377459 
940	 0.535631824458086 
941	 0.5356481823028 
942	 0.535566983404278 
943	 0.535615717685814 
944	 0.535740006910403 
945	 0.535861923262272 
946	 0.535945669155652 
947	 0.536038149829612 
948	 0.536029223345374 
949	 0.536061789083037 
950	 0.536172731540172 
951	 0.53612584565995 
952	 0.536200298385216 
953	 0.536259560324622 
954	 0.536279377752743 
955	 0.536598147965166 
956	 0.536726381228603 
957	 0.536751211786251 
958	 0.536817407394354 
959	 0.536898530509119 
960	 0.53685247672869 
961	 0.536863385984506 
962	 0.536990253897823 
963	 0.536928462731618 
964	 0.536937477081741 
965	 0.537016111077052 
966	 0.537100779050475 
967	 0.537138064921685 
968	 0.537308227922573 
969	 0.537388417039468 
970	 0.537261361293289 
971	 0.537149850940954 
972	 0.537329016499835 
973	 0.537493610145555 
974	 0.537483270108051 
975	 0.537577009676993 
976	 0.537717681798276 
977	 0.53776151406765 
978	 0.537746921714289 
979	 0.537957281277962 
980	 0.53791634891838 
981	 0.537855284169561 
982	 0.537880313856921 
983	 0.537798450989989 
984	 0.537980970547174 
985	 0.538082474088458 
986	 0.538042902321566 
987	 0.538201471117399 
988	 0.538212267147746 
989	 0.538261202014544 
990	 0.53837677817238 
991	 0.538404398348994 
992	 0.538568533905087 
993	 0.538598160581372 
994	 0.538570488592364 
995	 0.538760749132823 
996	 0.538542814172754 
997	 0.538550682621929 
998	 0.538823374142954 
999	 0.538983195721876 
1000	 0.539103183848097 
1001	 0.538535852919724 
1002	 0.538567347275174 
1003	 0.538637785720378 
1004	 0.538719019385614 
1005	 0.538774084943277 
1006	 0.538837859503816 
1007	 0.538948836495056 
1008	 0.539037012996998 
1009	 0.539090232093465 
1010	 0.539184710393617 
1011	 0.539290753178985 
1012	 0.539413671507382 
1013	 0.539533890020736 
1014	 0.539611185338915 
1015	 0.539699141364168 
1016	 0.539792457700704 
1017	 0.539875932529904 
1018	 0.539987040141317 
1019	 0.540116381617959 
1020	 0.540215553153429 
1021	 0.540312718579968 
1022	 0.540409225018896 
1023	 0.54050349182256 
1024	 0.540612106632142 
1025	 0.540742660788013 
1026	 0.540872186805553 
1027	 0.540993173670388 
1028	 0.541105723878253 
1029	 0.541199576295041 
1030	 0.54132450898464 
1031	 0.541482950022552 
1032	 0.54161797913811 
1033	 0.541767667080045 
1034	 0.541890143538027 
1035	 0.541974490368703 
1036	 0.542046265876679 
1037	 0.542113601489528 
1038	 0.542203342647159 
1039	 0.542308841596731 
1040	 0.542423721787785 
1041	 0.542560924165306 
1042	 0.542684042727677 
1043	 0.542824142182219 
1044	 0.542947659240502 
1045	 0.543052594993734 
1046	 0.543149681176339 
1047	 0.543239750440186 
1048	 0.543310284574586 
1049	 0.543373223717665 
1050	 0.543439949909448 
1051	 0.543485599280007 
1052	 0.543572437194041 
1053	 0.543674955084468 
1054	 0.543746714170909 
1055	 0.543798015007888 
1056	 0.543841672308273 
1057	 0.543888834560259 
1058	 0.543975098538197 
1059	 0.544088721711283 
1060	 0.54416754807843 
1061	 0.544224932264092 
1062	 0.544298809331595 
1063	 0.544362988431955 
1064	 0.544424505159209 
1065	 0.544510752863986 
1066	 0.544596149188062 
1067	 0.544665810124302 
1068	 0.544753528346706 
1069	 0.544846280060314 
1070	 0.544920912184738 
1071	 0.544992173022185 
1072	 0.545056702312296 
1073	 0.545132170479145 
1074	 0.545212077619531 
1075	 0.545297975497842 
1076	 0.545420761174352 
1077	 0.545479219323194 
1078	 0.545491931593236 
1079	 0.545533399033156 
1080	 0.545551926579704 
1081	 0.54557740956407 
1082	 0.545637848932281 
1083	 0.545719845412597 
1084	 0.545798164561877 
1085	 0.545860686066134 
1086	 0.545934959903939 
1087	 0.546007105061265 
1088	 0.546079587174542 
1089	 0.54614416671947 
1090	 0.546222926857387 
1091	 0.546315981419177 
1092	 0.546399598018134 
1093	 0.54648594610322 
1094	 0.546560540424767 
1095	 0.546627384415178 
1096	 0.546692359971826 
1097	 0.546746178110705 
1098	 0.546810862505417 
1099	 0.54689855737764 
1100	 0.546976428927429 
1101	 0.547042552462324 
1102	 0.547123173764516 
1103	 0.547214098865408 
1104	 0.547304243775016 
1105	 0.547401868394735 
1106	 0.547517683513415 
1107	 0.547625753637805 
1108	 0.547714278286125 
1109	 0.54783449911702 
1110	 0.547979918576902 
1111	 0.548117851491978 
1112	 0.548269809027065 
1113	 0.548418129622046 
1114	 0.548545874125282 
1115	 0.548688558979679 
1116	 0.54883861341078 
1117	 0.548966646659354 
1118	 0.549089786275981 
1119	 0.549202475095945 
1120	 0.549308270988177 
1121	 0.549402310710475 
1122	 0.549495932050029 
1123	 0.549592136847034 
1124	 0.549665506988487 
1125	 0.549733337667585 
1126	 0.549778725666341 
1127	 0.549796442780455 
1128	 0.549818601713158 
1129	 0.54982797874866 
1130	 0.549835613936517 
1131	 0.549849567738775 
1132	 0.549866449478389 
1133	 0.54987475373773 
1134	 0.549859456357589 
1135	 0.54983224586403 
1136	 0.549775924693757 
1137	 0.549743780208643 
1138	 0.549692619367073 
1139	 0.549680079118069 
1140	 0.549691763848801 
1141	 0.549705776429626 
1142	 0.549750527924925 
1143	 0.549777308603496 
1144	 0.549784593984412 
1145	 0.549820978954222 
1146	 0.549866704620013 
1147	 0.549911927250779 
1148	 0.550004046247816 
1149	 0.550098138979323 
1150	 0.55015298802684 
1151	 0.550214277214566 
1152	 0.5502623541372 
1153	 0.550277560541763 
1154	 0.550320297620066 
1155	 0.550384420321673 
1156	 0.550423861442933 
1157	 0.550460873467743 
1158	 0.550487848347905 
1159	 0.550508194876407 
1160	 0.550510868557795 
1161	 0.550490257773853 
1162	 0.550484097608437 
1163	 0.55047445212126 
1164	 0.550456831855423 
1165	 0.550448154107922 
1166	 0.550434937536751 
1167	 0.550398624139404 
1168	 0.550332510097332 
1169	 0.550292827201013 
1170	 0.550255567164274 
1171	 0.550210971586129 
1172	 0.550169262752382 
1173	 0.550129765465453 
1174	 0.55009146287103 
1175	 0.550038244117139 
1176	 0.549995441453195 
1177	 0.549928527336876 
1178	 0.549829368359089 
1179	 0.549738643998229 
1180	 0.5496350501583 
1181	 0.549542839869048 
1182	 0.549457852988247 
1183	 0.549368051835609 
1184	 0.549279019664102 
1185	 0.549198157048893 
1186	 0.549105189018581 
1187	 0.549001843674698 
1188	 0.548907395616235 
1189	 0.548808643006979 
1190	 0.548721114665837 
1191	 0.548631442809248 
1192	 0.548563485951717 
1193	 0.548504303658307 
1194	 0.548461543868151 
1195	 0.5484429877021 
1196	 0.548423088295559 
1197	 0.548411451273088 
1198	 0.548407203206914 
1199	 0.548398364337308 
1200	 0.548413133879334 
1201	 0.548451958172075 
1202	 0.54848963216728 
1203	 0.548535562515772 
1204	 0.548594820132134 
1205	 0.548661046265575 
1206	 0.548732647882998 
1207	 0.548806476279161 
1208	 0.548897850673748 
1209	 0.548976733629328 
1210	 0.549038063503827 
1211	 0.549126072679181 
1212	 0.549227497765178 
1213	 0.549327107707518 
1214	 0.54944914571709 
1215	 0.549553112397429 
1216	 0.549651601279504 
1217	 0.549742148768794 
1218	 0.549812253469708 
1219	 0.549897755143367 
1220	 0.549984825862998 
1221	 0.550071683788073 
1222	 0.550167967862358 
1223	 0.550276299280017 
1224	 0.550384977696191 
1225	 0.550493697062106 
1226	 0.550611779798244 
1227	 0.550740518896686 
1228	 0.550867468401365 
1229	 0.550992159684356 
1230	 0.551131621055002 
1231	 0.551278340691011 
1232	 0.551430760693332 
1233	 0.551591318960713 
1234	 0.551761573771913 
1235	 0.551939749977386 
1236	 0.552123242099344 
1237	 0.552322018894453 
1238	 0.552519098602542 
1239	 0.552724691610907 
1240	 0.552918185024598 
1241	 0.553120621884745 
1242	 0.553330061434156 
1243	 0.553529593213499 
1244	 0.553728302559315 
1245	 0.553922202483203 
1246	 0.554109701864511 
1247	 0.554297486609291 
1248	 0.554483626324605 
1249	 0.554669177080351 
1250	 0.554861576808425 
1251	 0.555034024852845 
1252	 0.555196949968573 
1253	 0.555356345318805 
1254	 0.555500511952022 
1255	 0.555645343501319 
1256	 0.555786723069308 
1257	 0.555930025485741 
1258	 0.556072638822451 
1259	 0.556209208184959 
1260	 0.556350717228656 
1261	 0.556482388662097 
1262	 0.556602307302414 
1263	 0.556703684452296 
1264	 0.55682440829385 
1265	 0.556948235998391 
1266	 0.557061981935336 
1267	 0.557177638280584 
1268	 0.557292736582031 
1269	 0.557400091046632 
1270	 0.557503086360861 
1271	 0.55760285520275 
1272	 0.55771337473826 
1273	 0.557815710143026 
1274	 0.557926628665735 
1275	 0.558062808586 
1276	 0.558181258009496 
1277	 0.558274782692365 
1278	 0.55839414482831 
1279	 0.558524108251668 
1280	 0.558648299910898 
1281	 0.55880301030145 
1282	 0.558965108248257 
1283	 0.559120701884834 
1284	 0.559290165871932 
1285	 0.559448210299257 
1286	 0.559607611674771 
1287	 0.559755268456581 
1288	 0.559893397415152 
1289	 0.560034013320731 
1290	 0.560167726299779 
1291	 0.560304764788942 
1292	 0.560438478241183 
1293	 0.560582177444099 
1294	 0.560739665233646 
1295	 0.560877338443261 
1296	 0.561014120346804 
1297	 0.561144762473494 
1298	 0.561261925249104 
1299	 0.561374765800339 
1300	 0.561484971984053 
1301	 0.561594840859213 
1302	 0.561698756619129 
1303	 0.561791329583786 
1304	 0.561899479707501 
1305	 0.562009426950506 
1306	 0.562119013163014 
1307	 0.562224044445767 
1308	 0.562313764770842 
1309	 0.56239357583725 
1310	 0.562471625645268 
1311	 0.562539531664709 
1312	 0.562603983849711 
1313	 0.562676202467308 
1314	 0.562718345079759 
1315	 0.562739390683185 
1316	 0.562760273415572 
1317	 0.562757592317394 
1318	 0.562767912309289 
1319	 0.562777791456615 
1320	 0.562792161140226 
1321	 0.562824652106388 
1322	 0.562833494079848 
1323	 0.562834126281399 
1324	 0.562830023738358 
1325	 0.562809078256911 
1326	 0.56278538625114 
1327	 0.56276986790194 
1328	 0.562752977080555 
1329	 0.562712611093089 
1330	 0.562656611161317 
1331	 0.562594903326335 
1332	 0.562518447326763 
1333	 0.562433683579805 
1334	 0.562347382421285 
1335	 0.562240175040266 
1336	 0.562120525436653 
1337	 0.561975114546875 
1338	 0.561810945356596 
1339	 0.561634424313859 
1340	 0.56142688858493 
1341	 0.561226775663969 
1342	 0.561029546306669 
1343	 0.560812613103634 
1344	 0.560597565609051 
1345	 0.560350524988022 
1346	 0.560079028676796 
1347	 0.559789025376136 
1348	 0.559471987819446 
1349	 0.559144420790317 
1350	 0.558800359968064 
1351	 0.558447431568134 
1352	 0.558090722924588 
1353	 0.55772017793113 
1354	 0.557345576771603 
1355	 0.556961411420015 
1356	 0.556564803195046 
1357	 0.556164403818082 
1358	 0.555776742453999 
1359	 0.55538404800693 
1360	 0.555016281748247 
1361	 0.554667164399417 
1362	 0.55432095666821 
1363	 0.553978651038021 
1364	 0.55366102759183 
1365	 0.553350652259984 
1366	 0.553068919055655 
1367	 0.552824484757057 
1368	 0.552573111505623 
1369	 0.552336587671081 
1370	 0.552098209687216 
1371	 0.551854681109098 
1372	 0.551630475370745 
1373	 0.551430478657009 
1374	 0.551215441473065 
1375	 0.551008318776411 
1376	 0.550793144584561 
1377	 0.550567581366593 
1378	 0.550302167618688 
1379	 0.550019651544502 
1380	 0.549685613763338 
1381	 0.549250454579234 
1382	 0.548755759434935 
1383	 0.548152193079138 
1384	 0.547489531186725 
1385	 0.546827604318314 
1386	 0.546115070927737 
1387	 0.545400284462364 
1388	 0.544656070915706 
1389	 0.543948278860684 
1390	 0.543180337685189 
1391	 0.542555219222359 
1392	 0.541990269573513 
1393	 0.541491575219677 
1394	 0.541125305219011 
1395	 0.540703519880806 
1396	 0.540333567896038 
1397	 0.539915544639921 
1398	 0.539500119273862 
1399	 0.539017433709549 
1400	 0.53855637175637 
1401	 0.537950400991007 
1402	 0.537278986332396 
1403	 0.536483702550322 
1404	 0.53556456358643 
1405	 0.534552547502925 
1406	 0.53344400546147 
1407	 0.532276954944957 
1408	 0.531061105145833 
1409	 0.529796127496488 
1410	 0.528535143583233 
1411	 0.527266186973065 
1412	 0.526015698223235 
1413	 0.524810255154555 
1414	 0.523655983785715 
1415	 0.522572503392241 
1416	 0.521570303422391 
1417	 0.520652679443166 
1418	 0.519779036355482 
1419	 0.518999838499017 
1420	 0.518203716149921 
1421	 0.51744817481256 
1422	 0.516697920407622 
1423	 0.51596901564328 
1424	 0.515231097869491 
1425	 0.514512481678318 
1426	 0.513785509894213 
1427	 0.513039011606378 
1428	 0.512315472625045 
1429	 0.511596458603017 
1430	 0.510895294267194 
1431	 0.51019955681049 
1432	 0.509534928729165 
1433	 0.508882467634133 
1434	 0.508269122615491 
1435	 0.507684574204279 
1436	 0.50713089480872 
1437	 0.506603618900958 
1438	 0.506117008485899 
1439	 0.505675729170363 
1440	 0.505257447834535 
1441	 0.504868343436322 
1442	 0.504505657664685 
1443	 0.504163691915493 
1444	 0.50384737802063 
1445	 0.503551445102545 
1446	 0.503263490987864 
1447	 0.502973811218663 
1448	 0.502687825711576 
1449	 0.502420083753096 
1450	 0.502176753959147 
1451	 0.501933089533266 
1452	 0.501706455508658 
1453	 0.501466776335931 
1454	 0.50122824027905 
1455	 0.500982445344947 
1456	 0.500734598051845 
1457	 0.500479808037796 
1458	 0.500218568184439 
1459	 0.499958511727381 
1460	 0.49968882217556 
1461	 0.499422691741563 
1462	 0.499159954623855 
1463	 0.49889473555235 
1464	 0.498614710536871 
1465	 0.498366227139861 
1466	 0.498127175089112 
1467	 0.497898743676454 
1468	 0.497692761398234 
1469	 0.497490203179359 
1470	 0.49729221051415 
1471	 0.497107498549281 
1472	 0.496930946194388 
1473	 0.49676943992949 
1474	 0.496610198727613 
1475	 0.496480530730689 
1476	 0.4963629165239 
1477	 0.496287495308748 
1478	 0.496239011265762 
1479	 0.496206902442742 
1480	 0.496206247691299 
1481	 0.496219652734407 
1482	 0.496256236210308 
1483	 0.496306712388853 
1484	 0.496358028315876 
1485	 0.496445616135386 
1486	 0.496530400201411 
1487	 0.496626555347811 
1488	 0.496769803037085 
1489	 0.496900195332277 
1490	 0.497045442365 
1491	 0.497217702007586 
1492	 0.497388158926102 
1493	 0.497580806139699 
1494	 0.497786164222337 
1495	 0.498019409746592 
1496	 0.498240490072366 
1497	 0.498463467056729 
1498	 0.498699638891805 
1499	 0.498939243324493 
1500	 0.499186758118337 
1501	 0.499447860584978 
1502	 0.499708793261738 
1503	 0.499969144857335 
1504	 0.500245645888756 
1505	 0.500534121852401 
1506	 0.500828240840266 
1507	 0.501133262613035 
1508	 0.501438230843374 
1509	 0.501754867574262 
1510	 0.502062169363648 
1511	 0.502367870371825 
1512	 0.502674975806065 
1513	 0.502984817216768 
1514	 0.503278802910224 
1515	 0.503573064499291 
1516	 0.503853074523746 
1517	 0.504115647041568 
1518	 0.504377022931998 
1519	 0.504639583902519 
1520	 0.50487863060044 
1521	 0.505093180917971 
1522	 0.505313159575757 
1523	 0.505521946890854 
1524	 0.505729284001186 
1525	 0.505937131097644 
1526	 0.506143277891538 
1527	 0.506347010628846 
1528	 0.506541588858024 
1529	 0.506725671524012 
1530	 0.506910024000416 
1531	 0.507094143246392 
1532	 0.50727511828978 
1533	 0.507460820650314 
1534	 0.50763652732686 
1535	 0.507785195363764 
1536	 0.50792734380246 
1537	 0.508072903148031 
1538	 0.508225727494099 
1539	 0.508374863005694 
1540	 0.508515039299249 
1541	 0.50865291140396 
1542	 0.508794168481811 
1543	 0.508948022602054 
1544	 0.509107843565593 
1545	 0.509262728138434 
1546	 0.509411338032137 
1547	 0.509572330240035 
1548	 0.509733253212756 
1549	 0.509894639106885 
1550	 0.510071856900848 
1551	 0.510230217840168 
1552	 0.510368504752824 
1553	 0.510529032011685 
1554	 0.510693505128459 
1555	 0.510858020696105 
1556	 0.511036788365146 
1557	 0.51120724671612 
1558	 0.511368463920413 
1559	 0.511537295730056 
1560	 0.511710762899125 
1561	 0.511883497080346 
1562	 0.51205995952784 
1563	 0.512232971988926 
1564	 0.512400313700433 
1565	 0.512571825435388 
1566	 0.512750624430975 
1567	 0.512917567771018 
1568	 0.513083256269889 
1569	 0.513249217278388 
1570	 0.51339597753353 
1571	 0.513562791163895 
1572	 0.513736801916234 
1573	 0.513923245461283 
1574	 0.514130863288588 
1575	 0.514324821193662 
1576	 0.514527622951434 
1577	 0.514714235745481 
1578	 0.514880789659324 
1579	 0.515063154457687 
1580	 0.515249223615315 
1581	 0.515430192873792 
1582	 0.515610509121071 
1583	 0.515798424765621 
1584	 0.51597237348482 
1585	 0.5161800790462 
1586	 0.516405498266435 
1587	 0.516645604844614 
1588	 0.516887608153951 
1589	 0.517178781713442 
1590	 0.517497884479686 
1591	 0.517849890393142 
1592	 0.518263499014483 
1593	 0.518668635785494 
1594	 0.519080271755164 
1595	 0.519520808407024 
1596	 0.519981068685104 
1597	 0.520453597786233 
1598	 0.520957774088063 
1599	 0.521459960557707 
1600	 0.521960174867384 
1601	 0.522484640163332 
1602	 0.523034249085668 
1603	 0.523581236645512 
1604	 0.524148885277173 
1605	 0.524705182442464 
1606	 0.525251180965816 
1607	 0.525805424097037 
1608	 0.526376568446863 
1609	 0.526921903646722 
1610	 0.527459759546975 
1611	 0.527988415839928 
1612	 0.52850321116438 
1613	 0.529003739922109 
1614	 0.529516803725062 
1615	 0.529980288294207 
1616	 0.530393960475178 
1617	 0.530809937574921 
1618	 0.531207101445071 
1619	 0.531581145967597 
1620	 0.531942346975006 
1621	 0.532288705819168 
1622	 0.532599292061193 
1623	 0.532910788104289 
1624	 0.533210013173476 
1625	 0.533518215049401 
1626	 0.533814874673908 
1627	 0.534123916640789 
1628	 0.534447701828209 
1629	 0.534770780563514 
1630	 0.535091532828658 
1631	 0.535423821541021 
1632	 0.535767536045838 
1633	 0.536108395859876 
1634	 0.53645708258841 
1635	 0.536805358272899 
1636	 0.537150641338179 
1637	 0.537499086853319 
1638	 0.537850114590374 
1639	 0.538203828505576 
1640	 0.538557085798339 
1641	 0.538917164255334 
1642	 0.539304311486738 
1643	 0.539655840109625 
1644	 0.540032471884459 
1645	 0.540329824002893 
1646	 0.540576975495659 
1647	 0.540781030192413 
1648	 0.540938746992901 
1649	 0.541031460613114 
1650	 0.541096482457424 
1651	 0.541063779797039 
1652	 0.540941989808499 
1653	 0.540756545493668 
1654	 0.540478889578787 
1655	 0.540153380646578 
1656	 0.539750725250422 
1657	 0.53931350798168 
1658	 0.538812090220118 
1659	 0.53828646955877 
1660	 0.537711708454634 
1661	 0.537121198477011 
1662	 0.536497993285526 
1663	 0.535855297671047 
1664	 0.53517013063733 
1665	 0.534501950748902 
1666	 0.533821645205261 
1667	 0.533142739052178 
1668	 0.532462513249193 
1669	 0.531800203005433 
1670	 0.531110268418349 
1671	 0.530487930849835 
1672	 0.529890025040555 
1673	 0.529359500731847 
1674	 0.52888071619884 
1675	 0.528463970956058 
1676	 0.528081817336208 
1677	 0.527812689345239 
1678	 0.52764239490034 
1679	 0.527520633818689 
1680	 0.527504488722041 
1681	 0.527518364160356 
1682	 0.527585618842259 
1683	 0.527683500452582 
1684	 0.527855227091855 
1685	 0.528019446315987 
1686	 0.528221853309461 
1687	 0.528398662527288 
1688	 0.528593169177077 
1689	 0.528749541704126 
1690	 0.528891722684963 
1691	 0.528996107817195 
1692	 0.529060872108048 
1693	 0.529120676338273 
1694	 0.52914204519783 
1695	 0.52917331710235 
1696	 0.529183886540739 
1697	 0.529229257651149 
1698	 0.529285593049583 
1699	 0.529350655599725 
1700	 0.52944949585421 
1701	 0.529528992385344 
1702	 0.52960415199382 
1703	 0.529673051972333 
1704	 0.529736831774915 
1705	 0.529802484341113 
1706	 0.529856709459538 
1707	 0.529927453662035 
1708	 0.530005041604553 
1709	 0.530089294504227 
1710	 0.530162273167886 
1711	 0.530290535722574 
1712	 0.530423551754689 
1713	 0.530636139106079 
1714	 0.530917820795452 
1715	 0.531218817861341 
1716	 0.531559542245748 
1717	 0.531954677101058 
1718	 0.532391853085186 
1719	 0.532866663125535 
1720	 0.533413348980394 
1721	 0.533950904739202 
1722	 0.534510069503759 
1723	 0.535082481638753 
1724	 0.535694789213181 
1725	 0.536251790637941 
1726	 0.536816296941478 
1727	 0.537312582998877 
1728	 0.537787973665381 
1729	 0.538143380514251 
1730	 0.538417294451482 
1731	 0.538578739460431 
1732	 0.538643342952349 
1733	 0.538635933287215 
1734	 0.53857709371029 
1735	 0.538459198685197 
1736	 0.538287209962127 
1737	 0.538055192322063 
1738	 0.537776849467058 
1739	 0.537473494857065 
1740	 0.537116390090813 
1741	 0.536755115321293 
1742	 0.536408810887644 
1743	 0.536045573187122 
1744	 0.53568990244056 
1745	 0.535353731259342 
1746	 0.53500669083284 
1747	 0.534627342287411 
1748	 0.534287485596503 
1749	 0.533941999577154 
1750	 0.533658670250097 
1751	 0.533407593309251 
1752	 0.533219541190637 
1753	 0.533085476571952 
1754	 0.53300181803688 
1755	 0.532984241042946 
1756	 0.533002589509183 
1757	 0.533086871462601 
1758	 0.533180499335153 
1759	 0.533313031483205 
1760	 0.533456508476327 
1761	 0.533654700031606 
1762	 0.533789123190313 
1763	 0.533924154134988 
1764	 0.534014614097805 
1765	 0.534051822591643 
1766	 0.534079067321936 
1767	 0.53410015049168 
1768	 0.534060884699753 
1769	 0.533965871727426 
1770	 0.533876237887242 
1771	 0.533729804684212 
1772	 0.533649717605982 
1773	 0.53358491861653 
1774	 0.533537491036113 
1775	 0.533514501204995 
1776	 0.533490722890155 
1777	 0.533514601704176 
1778	 0.53356356939193 
1779	 0.533624740799751 
1780	 0.533701892231482 
1781	 0.533810843667149 
1782	 0.533927685564649 
1783	 0.534050068504698 
1784	 0.534137062785901 
1785	 0.53417904648177 
1786	 0.534243461242111 
1787	 0.534295677187114 
1788	 0.534353396938018 
1789	 0.534436668590259 
1790	 0.534447418847986 
1791	 0.534483906858187 
1792	 0.534606806497318 
1793	 0.534739850327107 
1794	 0.534958818151347 
1795	 0.535143791695169 
1796	 0.535293038578541 
1797	 0.535496079284037 
1798	 0.535702164784195 
1799	 0.535960512866873 
1800	 0.536313152712797 
1801	 0.532788411186281 
1802	 0.533001061461095 
1803	 0.533203591842471 
1804	 0.533442871541325 
1805	 0.533685925989405 
1806	 0.533911426581244 
1807	 0.534126187383017 
1808	 0.534345738030328 
1809	 0.534527558607428 
1810	 0.534685454378349 
1811	 0.534863339651634 
1812	 0.535035560507887 
1813	 0.535216712165525 
1814	 0.535389781819741 
1815	 0.535534709350432 
1816	 0.535658936209726 
1817	 0.535793049919243 
1818	 0.535904514313186 
1819	 0.536054178680892 
1820	 0.536214092103234 
1821	 0.536376057164367 
1822	 0.536561106422811 
1823	 0.536741674366192 
1824	 0.536940715759858 
1825	 0.537157391655926 
1826	 0.537371774160153 
1827	 0.537610194039479 
1828	 0.537850807964016 
1829	 0.538125853889071 
1830	 0.538442221794776 
1831	 0.538760271209182 
1832	 0.539078732441876 
1833	 0.539385480279547 
1834	 0.539687569195757 
1835	 0.54001687312465 
1836	 0.540358945514882 
1837	 0.540690649056421 
1838	 0.541034725992561 
1839	 0.541345733750529 
1840	 0.541644803671195 
1841	 0.541948373509265 
1842	 0.542222232006113 
1843	 0.542501531238433 
1844	 0.542783335677122 
1845	 0.543045293410589 
1846	 0.543298791726247 
1847	 0.543542968673283 
1848	 0.543790605851669 
1849	 0.544036617444031 
1850	 0.544262674798175 
1851	 0.544495645659102 
1852	 0.544710121082425 
1853	 0.544872086872736 
1854	 0.545014041552946 
1855	 0.54514875910916 
1856	 0.545245221910104 
1857	 0.545296856462405 
1858	 0.545315074133829 
1859	 0.54530201904175 
1860	 0.545245751120377 
1861	 0.545162763701296 
1862	 0.545033442754466 
1863	 0.544870575063157 
1864	 0.544675502347484 
1865	 0.544441908537136 
1866	 0.54419627168096 
1867	 0.543944025148222 
1868	 0.543661301865344 
1869	 0.543386710740779 
1870	 0.543018437008955 
1871	 0.542595130909716 
1872	 0.542142007124268 
1873	 0.541644062627915 
1874	 0.541050923681432 
1875	 0.54043068159818 
1876	 0.539768520574342 
1877	 0.539000988209944 
1878	 0.538165037246536 
1879	 0.537222547060773 
1880	 0.536217331672015 
1881	 0.535075796528276 
1882	 0.533834406906985 
1883	 0.532441652795154 
1884	 0.530953828555271 
1885	 0.529337958690004 
1886	 0.527589365783786 
1887	 0.525700761143296 
1888	 0.523710700890525 
1889	 0.521570522324876 
1890	 0.519349302041954 
1891	 0.516971547519869 
1892	 0.514575441020785 
1893	 0.512080071677029 
1894	 0.509536774706812 
1895	 0.506968376191694 
1896	 0.50438937558859 
1897	 0.501839751445723 
1898	 0.499249570900993 
1899	 0.496749292198355 
1900	 0.494245012572789 
1901	 0.491866069887687 
1902	 0.489557695886594 
1903	 0.487332704308241 
1904	 0.485185933707599 
1905	 0.483148097930371 
1906	 0.481206786507465 
1907	 0.479355915303867 
1908	 0.477600580735053 
1909	 0.475958878817507 
1910	 0.474400481656658 
1911	 0.472918078036261 
1912	 0.471544122193684 
1913	 0.470281258592617 
1914	 0.469102545198347 
1915	 0.468008294181065 
1916	 0.467030838375235 
1917	 0.466131394048265 
1918	 0.465329226254829 
1919	 0.464602008575593 
1920	 0.463971803889667 
1921	 0.46340271661039 
1922	 0.462929940295326 
1923	 0.462495820225066 
1924	 0.462132353137994 
1925	 0.461818178385057 
1926	 0.461551225533584 
1927	 0.461347562138565 
1928	 0.461202597552107 
1929	 0.461128466960482 
1930	 0.461083412600396 
1931	 0.461091729933952 
1932	 0.461138492827209 
1933	 0.461229015371135 
1934	 0.461357294531257 
1935	 0.461538420040632 
1936	 0.461747920938325 
1937	 0.461972549538522 
1938	 0.46226245101177 
1939	 0.462609739789492 
1940	 0.462989037665244 
1941	 0.463408216580235 
1942	 0.463894876166243 
1943	 0.464380363764986 
1944	 0.464898392218739 
1945	 0.465421808415854 
1946	 0.465975859096382 
1947	 0.466526075942126 
1948	 0.46710430087624 
1949	 0.467653400162344 
1950	 0.468202946230344 
1951	 0.468730618832191 
1952	 0.469255915158412 
1953	 0.469763462359111 
1954	 0.470266675738997 
1955	 0.470777151510604 
1956	 0.471255308298011 
1957	 0.471705444430058 
1958	 0.47215527111873 
1959	 0.472563199809642 
1960	 0.473011227132901 
1961	 0.473458620990184 
1962	 0.473931999902447 
1963	 0.474426829935419 
1964	 0.474956875061524 
1965	 0.475476939364281 
1966	 0.475999150217212 
1967	 0.476552118024102 
1968	 0.477108564583769 
1969	 0.477701900884405 
1970	 0.478342023935624 
1971	 0.478976864055387 
1972	 0.479632618812296 
1973	 0.480292206404295 
1974	 0.480973244715056 
1975	 0.481641288496176 
1976	 0.482302289916026 
1977	 0.482968007787498 
1978	 0.483622686399911 
1979	 0.484262747038311 
1980	 0.484903539653241 
1981	 0.485557389411167 
1982	 0.486179925623623 
1983	 0.486767355284263 
1984	 0.487375749835592 
1985	 0.487976549725197 
1986	 0.488578552783674 
1987	 0.489183901710484 
1988	 0.489813507820759 
1989	 0.49040132083889 
1990	 0.490961637662084 
1991	 0.491540655280803 
1992	 0.492123521352781 
1993	 0.492680304322386 
1994	 0.493249591470514 
1995	 0.49378017055443 
1996	 0.494285313974291 
1997	 0.49475957595427 
1998	 0.495212751283868 
1999	 0.495636216304725 
2000	 0.496034446630715 
2001	 0.496396144132721 
2002	 0.496708367806296 
2003	 0.497009201708697 
2004	 0.497211797139024 
2005	 0.497340145805578 
2006	 0.497424211531429 
2007	 0.497432388217422 
2008	 0.49740779258137 
2009	 0.497338143811175 
2010	 0.497221601341887 
2011	 0.497052461601021 
2012	 0.496843009772762 
2013	 0.496577502343931 
2014	 0.496283139562663 
2015	 0.495954837682136 
2016	 0.495598605683716 
2017	 0.495174015126171 
2018	 0.494703925711947 
2019	 0.494190171148362 
2020	 0.493599980332848 
2021	 0.49300170026227 
2022	 0.492367388917858 
2023	 0.491715971127693 
2024	 0.491043314742101 
2025	 0.490336491634835 
2026	 0.489613304278549 
2027	 0.488839316425129 
2028	 0.48804896451194 
2029	 0.487227351197567 
2030	 0.486368856823405 
2031	 0.485482913530888 
2032	 0.4845677316663 
2033	 0.48359824411271 
2034	 0.482628187503554 
2035	 0.481643651649135 
2036	 0.480635325596543 
2037	 0.479606910916201 
2038	 0.478559345449668 
2039	 0.477491866595762 
2040	 0.476402776549099 
2041	 0.475280641824751 
2042	 0.474140312609197 
2043	 0.472995007150271 
2044	 0.47182255448368 
2045	 0.470656939625564 
2046	 0.469485454169873 
2047	 0.468314489880359 
2048	 0.467130831138417 
2049	 0.465956465436915 
2050	 0.464783001031552 
2051	 0.463618859656481 
2052	 0.462450916836483 
2053	 0.461304130556853 
2054	 0.460180916894828 
2055	 0.459055460262479 
2056	 0.45792359643321 
2057	 0.456786171290063 
2058	 0.455681702486714 
2059	 0.454570953838763 
2060	 0.453498618009564 
2061	 0.452491750527848 
2062	 0.451440956263929 
2063	 0.450375181330489 
2064	 0.449329355177597 
2065	 0.44825312887937 
2066	 0.447230770904256 
2067	 0.446230673975465 
2068	 0.445279018539319 
2069	 0.444344808160868 
2070	 0.443435064418722 
2071	 0.442554081343693 
2072	 0.441685017596996 
2073	 0.440876054863933 
2074	 0.440092635290674 
2075	 0.439385034554763 
2076	 0.438747358311324 
2077	 0.438134975200992 
2078	 0.437591691753852 
2079	 0.437060151572643 
2080	 0.436543606168553 
2081	 0.43607627468353 
2082	 0.43566528484032 
2083	 0.435261926966978 
2084	 0.434865635591126 
2085	 0.434528117929427 
2086	 0.434205668794631 
2087	 0.433875846118104 
2088	 0.433568554216475 
2089	 0.433292260158818 
2090	 0.433020983114912 
2091	 0.432760143519177 
2092	 0.432501653228738 
2093	 0.43226545266213 
2094	 0.4320248591464 
2095	 0.431762435344606 
2096	 0.431540200399023 
2097	 0.43133112782864 
2098	 0.431146246789906 
2099	 0.430985734789275 
2100	 0.430845050622326 
2101	 0.430725254016947 
2102	 0.430660604318226 
2103	 0.430617727576267 
2104	 0.430611374933365 
2105	 0.43062219771724 
2106	 0.430663188037555 
2107	 0.4307236053458 
2108	 0.430808862124521 
2109	 0.430921651245887 
2110	 0.43107505417297 
2111	 0.431220310980731 
2112	 0.431389577279542 
2113	 0.431553356782746 
2114	 0.431699739011141 
2115	 0.431884313344461 
2116	 0.432094066781965 
2117	 0.432289966805879 
2118	 0.432515724448619 
2119	 0.43272688617221 
2120	 0.432934878660566 
2121	 0.433142718749003 
2122	 0.433344028297669 
2123	 0.433549983266828 
2124	 0.433728339344385 
2125	 0.433903888243694 
2126	 0.434035963492663 
2127	 0.434172235241169 
2128	 0.434213690313112 
2129	 0.434207438697949 
2130	 0.434144143982234 
2131	 0.43400497663206 
2132	 0.433814847057406 
2133	 0.433581411005214 
2134	 0.433265623382187 
2135	 0.432856581092639 
2136	 0.432458690529386 
2137	 0.432023251433942 
2138	 0.431617217016632 
2139	 0.4313336063812 
2140	 0.431083615059271 
2141	 0.430975121020861 
2142	 0.430994022550717 
2143	 0.431077261683879 
2144	 0.431265346773985 
2145	 0.431523688673435 
2146	 0.431916054598365 
2147	 0.432293566968158 
2148	 0.432792510705019 
2149	 0.433200694751298 
2150	 0.43360366987816 
2151	 0.433978155312632 
2152	 0.43422103760138 
2153	 0.434469039866087 
2154	 0.434615730360952 
2155	 0.434673131077152 
2156	 0.434679091316389 
2157	 0.434592160257753 
2158	 0.434536046927634 
2159	 0.434368551229102 
2160	 0.434356170692506 
2161	 0.43438809123361 
2162	 0.434476591913209 
2163	 0.434611670448655 
2164	 0.434847882476803 
2165	 0.435128179338159 
2166	 0.435531426288175 
2167	 0.436078888857838 
2168	 0.436665238998351 
2169	 0.437361398470381 
2170	 0.438077964515984 
2171	 0.4388396988934 
2172	 0.439674787795192 
2173	 0.440571300526418 
2174	 0.441467028726901 
2175	 0.442330736096925 
2176	 0.443149443625956 
2177	 0.443867378127358 
2178	 0.444507944985839 
2179	 0.445057579319534 
2180	 0.445498389005948 
2181	 0.445927830312345 
2182	 0.446253165939995 
2183	 0.446595348353282 
2184	 0.446897672177527 
2185	 0.447230810363933 
2186	 0.447484408708917 
2187	 0.447863709942033 
2188	 0.448310061102172 
2189	 0.448793653025942 
2190	 0.449382336697213 
2191	 0.449963734049772 
2192	 0.450594372090216 
2193	 0.451213655530624 
2194	 0.451822344316879 
2195	 0.452413115981489 
2196	 0.452923414094709 
2197	 0.453376863473522 
2198	 0.45374239588229 
2199	 0.45403165087872 
2200	 0.45426034230186 
2201	 0.454363639475396 
2202	 0.454525251142566 
2203	 0.454633768464406 
2204	 0.454776436800804 
2205	 0.454881611741035 
2206	 0.455105865813057 
2207	 0.455324262969001 
2208	 0.455690366942709 
2209	 0.456193516417816 
2210	 0.456751519700525 
2211	 0.457440844007031 
2212	 0.458132219384997 
2213	 0.458927425321884 
2214	 0.4596868370626 
2215	 0.460460653490555 
2216	 0.461226990728989 
2217	 0.461988669675048 
2218	 0.462744071944105 
2219	 0.463413649575318 
2220	 0.464026787123209 
2221	 0.464475041437867 
2222	 0.464785799533077 
2223	 0.465017922781943 
2224	 0.465115591339117 
2225	 0.465156957694679 
2226	 0.465145209639028 
2227	 0.464975415013897 
2228	 0.464685056018685 
2229	 0.464286519053135 
2230	 0.463746667327651 
2231	 0.463107822093083 
2232	 0.462374882042826 
2233	 0.461508136883194 
2234	 0.460478757896 
2235	 0.459388949706404 
2236	 0.458215942212757 
2237	 0.456900881040073 
2238	 0.455469769798651 
2239	 0.453934396194561 
2240	 0.452201186806988 
2241	 0.450452339014089 
2242	 0.448613787531871 
2243	 0.446728347839144 
2244	 0.444819752228588 
2245	 0.442943049536586 
2246	 0.441055627546381 
2247	 0.439187401189253 
2248	 0.437385899579853 
2249	 0.435616240394011 
2250	 0.433884284937051 
2251	 0.432197310077341 
2252	 0.430573941848679 
2253	 0.428989336424 
2254	 0.427441557562416 
2255	 0.426003721118123 
2256	 0.424513410144271 
2257	 0.422986323384273 
2258	 0.42155925568497 
2259	 0.420164617619507 
2260	 0.41881424844581 
2261	 0.417580032196724 
2262	 0.41628625149574 
2263	 0.414978510559739 
2264	 0.41370921457067 
2265	 0.412387375869406 
2266	 0.411183562585461 
2267	 0.410057895869504 
2268	 0.408963228977667 
2269	 0.407908987123198 
2270	 0.406956000633395 
2271	 0.406105163657583 
2272	 0.405267043585868 
2273	 0.404473877365017 
2274	 0.40380017884033 
2275	 0.403184451816354 
2276	 0.402457526320516 
2277	 0.40187887164957 
2278	 0.401401329538653 
2279	 0.400904570340972 
2280	 0.400469056298022 
2281	 0.399971023511193 
2282	 0.399506796223468 
2283	 0.398923092721421 
2284	 0.398243610257431 
2285	 0.39760289235907 
2286	 0.396888549760804 
2287	 0.396252294555028 
2288	 0.395695843544839 
2289	 0.395047558766831 
2290	 0.394343059654039 
2291	 0.393701492476485 
2292	 0.39298946674881 
2293	 0.39240594310792 
2294	 0.391948885413012 
2295	 0.391463878022986 
2296	 0.390956530832016 
2297	 0.390590279013693 
2298	 0.390210114235276 
2299	 0.390051759570366 
2300	 0.390200024448985 
2301	 0.390237157736392 
2302	 0.39035682406438 
2303	 0.390495771174033 
2304	 0.390635715391461 
2305	 0.390755567704049 
2306	 0.391033906170531 
2307	 0.391124040264405 
2308	 0.391130702328571 
2309	 0.391003898796811 
2310	 0.390738988999258 
2311	 0.390370607064375 
2312	 0.38991299282908 
2313	 0.389276353625007 
2314	 0.388441290339902 
2315	 0.38754653564679 
2316	 0.386570567075112 
2317	 0.38540641995027 
2318	 0.38433373274788 
2319	 0.383208932785151 
2320	 0.382220163442634 
2321	 0.381251472771964 
2322	 0.380338879351513 
2323	 0.379540875281353 
2324	 0.378703053557699 
2325	 0.377815904846254 
2326	 0.377076178977414 
2327	 0.37637209336977 
2328	 0.37582313361553 
2329	 0.375491593441261 
2330	 0.374991086829101 
2331	 0.374571264459466 
2332	 0.374020428997313 
2333	 0.373282077694307 
2334	 0.372683156690556 
2335	 0.372053337503406 
2336	 0.371570175003897 
2337	 0.37115814115157 
2338	 0.370842078411519 
2339	 0.370732844827189 
2340	 0.370493716821484 
2341	 0.370177403363959 
2342	 0.370064839235966 
2343	 0.369947785626372 
2344	 0.370002701416138 
2345	 0.370396249873792 
2346	 0.370618586010796 
2347	 0.370870882837332 
2348	 0.371067157651878 
2349	 0.371160362792762 
2350	 0.371334644851499 
2351	 0.371530155487181 
2352	 0.37171331020216 
2353	 0.37192400321207 
2354	 0.372144452382306 
2355	 0.372269329449953 
2356	 0.372560616913421 
2357	 0.372984998868992 
2358	 0.373402154687249 
2359	 0.37390961923015 
2360	 0.374439357567813 
2361	 0.374936237348279 
2362	 0.375542854289198 
2363	 0.376303918053068 
2364	 0.377014807888412 
2365	 0.377766373630085 
2366	 0.378530736382898 
2367	 0.379355865728744 
2368	 0.380061818647791 
2369	 0.380737937104329 
2370	 0.381370649362129 
2371	 0.381852749242567 
2372	 0.382372038958657 
2373	 0.382865701952798 
2374	 0.383415953225412 
2375	 0.383991308820606 
2376	 0.384578405930453 
2377	 0.385150869296662 
2378	 0.385834758701212 
2379	 0.386736046453237 
2380	 0.387375835697975 
2381	 0.387950153671724 
2382	 0.388725284415652 
2383	 0.389152184809621 
2384	 0.389641611380976 
2385	 0.390371511747051 
2386	 0.390667881282101 
2387	 0.39072084454194 
2388	 0.390812729186746 
2389	 0.390751089076312 
2390	 0.390794527715343 
2391	 0.391188814671497 
2392	 0.391493727514113 
2393	 0.391666027645015 
2394	 0.391894151345846 
2395	 0.391799742456308 
2396	 0.391690734692044 
2397	 0.391914948820923 
2398	 0.392011563459276 
2399	 0.39216486410352 
2400	 0.392420727133474 
2401	 0.392348191565447 
2402	 0.392037409471178 
2403	 0.392014257377162 
2404	 0.392069173317696 
2405	 0.391977423492151 
2406	 0.392142351636041 
2407	 0.391844953432445 
2408	 0.391267902694788 
2409	 0.390820434343173 
2410	 0.390055886202614 
2411	 0.389568217623743 
2412	 0.389275845406336 
2413	 0.388718167336928 
2414	 0.388273647967528 
2415	 0.387824720941811 
2416	 0.387156732666568 
2417	 0.38674056565102 
2418	 0.386317106957571 
2419	 0.385522581879111 
2420	 0.384670833427246 
2421	 0.3836830300904 
2422	 0.382710329369144 
2423	 0.382274281444769 
2424	 0.381726105553392 
2425	 0.380535943970714 
2426	 0.379364681026225 
2427	 0.377918123376299 
2428	 0.376386698748314 
2429	 0.375594953597486 
2430	 0.374974783360171 
2431	 0.373896976786335 
2432	 0.372784026882793 
2433	 0.371561643044183 
2434	 0.369873538785064 
2435	 0.368472827581522 
2436	 0.366869780975223 
2437	 0.365304384161578 
2438	 0.3643288999832 
2439	 0.362941375793959 
2440	 0.361788222915118 
2441	 0.360811767833572 
2442	 0.359506545951003 
2443	 0.358317135728419 
2444	 0.356898267944493 
2445	 0.354984753864912 
2446	 0.352766108522895 
2447	 0.350736157396303 
2448	 0.34888053529582 
2449	 0.347163280266729 
2450	 0.345290423022104 
2451	 0.343021701894178 
2452	 0.341518868401281 
2453	 0.340540732481034 
2454	 0.339037575064559 
2455	 0.337495315889092 
2456	 0.335687290200928 
2457	 0.333239452671176 
2458	 0.331127198793369 
2459	 0.329156002196551 
2460	 0.327517539829033 
2461	 0.325725959516666 
2462	 0.324624473732667 
2463	 0.324994863255067 
2464	 0.324155220446416 
2465	 0.323464397994945 
2466	 0.321871538795535 
2467	 0.318374554065818 
2468	 0.316098879780465 
2469	 0.313384871561722 
2470	 0.311928661279128 
2471	 0.312120847204782 
2472	 0.311802189416202 
2473	 0.312212271928465 
2474	 0.312374839833851 
2475	 0.312540165180875 
2476	 0.312211648031376 
2477	 0.312123360977929 
2478	 0.311476121953469 
2479	 0.309088418724774 
2480	 0.308192868647405 
2481	 0.307797912006918 
2482	 0.306866573475212 
2483	 0.306082771988672 
2484	 0.307153720299155 
2485	 0.309626228121774 
2486	 0.311657032888208 
2487	 0.316354563616175 
2488	 0.317103644768124 
2489	 0.313506326631492 
2490	 0.313189261827154 
2491	 0.31230820237627 
2492	 0.313207769032033 
2493	 0.315974721211515 
2494	 0.315836840123576 
2495	 0.315406103868716 
2496	 0.316679898131606 
2497	 0.318939564416802 
2498	 0.320930368195565 
2499	 0.323059947506055 
2500	 0.32195131477882 
