Wavelength	C:\Documents and Settings\All Users\Application Data\ASD\Indico Pro\Projects\McBeth_080818\#6.txt
350	 0.136202990025223 
351	 0.129642418356342 
352	 0.127975894997206 
353	 0.127790589387099 
354	 0.125974462358466 
355	 0.121463524857254 
356	 0.116940859832947 
357	 0.115040130803003 
358	 0.116803529784719 
359	 0.120877975808864 
360	 0.120090830032267 
361	 0.118015304533471 
362	 0.120444008280888 
363	 0.117027171963921 
364	 0.118376172514152 
365	 0.123688307188657 
366	 0.120779642927217 
367	 0.12475637836011 
368	 0.126426152489543 
369	 0.121776201236867 
370	 0.129110098210446 
371	 0.129054049751122 
372	 0.125451606961158 
373	 0.128239004532293 
374	 0.129735786077958 
375	 0.132901303326374 
376	 0.137627020198358 
377	 0.140809683169359 
378	 0.143060669151153 
379	 0.145346779062208 
380	 0.148805919664238 
381	 0.155009756292417 
382	 0.160265606828066 
383	 0.164147968394215 
384	 0.167887319722755 
385	 0.174884422987473 
386	 0.180276181435873 
387	 0.183963033618042 
388	 0.190112262082003 
389	 0.19780902974354 
390	 0.204563905808409 
391	 0.209850366698487 
392	 0.217652323242478 
393	 0.225141683651599 
394	 0.232043389360642 
395	 0.239011216273427 
396	 0.247235451018477 
397	 0.254947825729096 
398	 0.261683139299965 
399	 0.268242755309047 
400	 0.27425868779057 
401	 0.279980140679913 
402	 0.285761507819348 
403	 0.291957567354613 
404	 0.297458321428128 
405	 0.301686362195482 
406	 0.304640827904546 
407	 0.308103924081982 
408	 0.311947405131642 
409	 0.315334633129222 
410	 0.317107027971798 
411	 0.319139062559973 
412	 0.321444246989118 
413	 0.323518699999487 
414	 0.324384213303557 
415	 0.325594614359176 
416	 0.327224553090315 
417	 0.328683340918721 
418	 0.329158807394579 
419	 0.329934392009813 
420	 0.331392837104882 
421	 0.332862255334248 
422	 0.333907885162221 
423	 0.334776466589959 
424	 0.335709537066446 
425	 0.33645640492397 
426	 0.337497653722737 
427	 0.338703218963965 
428	 0.339726515280679 
429	 0.341076191392745 
430	 0.342098124692269 
431	 0.342840763032622 
432	 0.344378144103102 
433	 0.345458992635757 
434	 0.346516674987666 
435	 0.348028847715612 
436	 0.34912093665288 
437	 0.350308279579173 
438	 0.351645085782987 
439	 0.352897201459602 
440	 0.354313820827155 
441	 0.355733901830764 
442	 0.357139287613492 
443	 0.358869470659297 
444	 0.360581797254855 
445	 0.362430713902224 
446	 0.364623695788969 
447	 0.366792976856161 
448	 0.369143277166229 
449	 0.371641880421243 
450	 0.374023942111394 
451	 0.376742414714689 
452	 0.379461281589578 
453	 0.381973572026721 
454	 0.384780707845428 
455	 0.387750373998384 
456	 0.39080423002207 
457	 0.39392587621517 
458	 0.397346652217886 
459	 0.400973590476526 
460	 0.404723057520983 
461	 0.408546849403734 
462	 0.412463819796659 
463	 0.41652394670507 
464	 0.420719621798364 
465	 0.424876037863729 
466	 0.429002761549508 
467	 0.433171910454545 
468	 0.437468711373482 
469	 0.441380251994626 
470	 0.445217317639196 
471	 0.449180988488675 
472	 0.452970972849541 
473	 0.45666555855175 
474	 0.460382497120337 
475	 0.464166027531394 
476	 0.467448317365141 
477	 0.470722623408517 
478	 0.474239420302374 
479	 0.47789355345867 
480	 0.481131996301148 
481	 0.484145811058162 
482	 0.487211541741371 
483	 0.490287440208061 
484	 0.493161463817868 
485	 0.495918009316106 
486	 0.498755025846353 
487	 0.501101434146301 
488	 0.503276273092491 
489	 0.505504899273963 
490	 0.507692882194135 
491	 0.509589843362251 
492	 0.511201481947681 
493	 0.512670700992382 
494	 0.514273440160454 
495	 0.515670327804559 
496	 0.516770528577463 
497	 0.517752193074582 
498	 0.518766412163266 
499	 0.519677777294315 
500	 0.520360927525901 
501	 0.520902307282731 
502	 0.52132065551909 
503	 0.52164441521884 
504	 0.521890909184525 
505	 0.521922247967414 
506	 0.521985422777434 
507	 0.522114402343132 
508	 0.521922380178319 
509	 0.521703391790444 
510	 0.521501932250444 
511	 0.521255032265075 
512	 0.520781634836892 
513	 0.520252783536168 
514	 0.519682683919511 
515	 0.518926527368283 
516	 0.518150740963719 
517	 0.517355393412071 
518	 0.516516768183196 
519	 0.515666616438616 
520	 0.514634988995224 
521	 0.51345506146679 
522	 0.512253421363284 
523	 0.510855110318226 
524	 0.509449086464852 
525	 0.508098850018304 
526	 0.506586732823869 
527	 0.50502391457676 
528	 0.503397086264413 
529	 0.501652991343691 
530	 0.499717391296767 
531	 0.497766159777745 
532	 0.495802440424687 
533	 0.493660371158183 
534	 0.491508084928279 
535	 0.489326497553372 
536	 0.487058207829289 
537	 0.484643834893013 
538	 0.48212043878113 
539	 0.479514147966368 
540	 0.476846537227758 
541	 0.47420387378167 
542	 0.471543054713643 
543	 0.468794223912348 
544	 0.4658597875962 
545	 0.463005640472005 
546	 0.460101558466078 
547	 0.456943644306325 
548	 0.453760205864188 
549	 0.450469576480749 
550	 0.447071350265223 
551	 0.443668597716077 
552	 0.440169970273257 
553	 0.436631220170853 
554	 0.433114435328978 
555	 0.429616331106359 
556	 0.426093862089523 
557	 0.422520322318612 
558	 0.418880748503066 
559	 0.415143112274996 
560	 0.411457052090574 
561	 0.407872691379848 
562	 0.404180426053276 
563	 0.400546347296054 
564	 0.396937742402752 
565	 0.393263312343055 
566	 0.389632468908498 
567	 0.385970242972552 
568	 0.382257032639298 
569	 0.378565287975039 
570	 0.374736606422044 
571	 0.370826111183879 
572	 0.36692136017581 
573	 0.362957033694699 
574	 0.358916084063132 
575	 0.354769155630693 
576	 0.350485958140163 
577	 0.346191228466483 
578	 0.341858134318644 
579	 0.337475423322885 
580	 0.333147721979351 
581	 0.328791647957375 
582	 0.324396883835298 
583	 0.319987939075286 
584	 0.315517141148235 
585	 0.31104573733497 
586	 0.306599260191773 
587	 0.302114817110525 
588	 0.297616733532103 
589	 0.293049329648212 
590	 0.288390670953743 
591	 0.28389702859623 
592	 0.27935952370106 
593	 0.274812870532529 
594	 0.270514011556076 
595	 0.266207625078311 
596	 0.261966654646546 
597	 0.257897102819132 
598	 0.254012628530751 
599	 0.25025097389686 
600	 0.246601604500102 
601	 0.243092668353073 
602	 0.239832616161078 
603	 0.236752051559262 
604	 0.233824927068432 
605	 0.231137737665518 
606	 0.228594858220841 
607	 0.226193923679759 
608	 0.223957529585989 
609	 0.221877429243424 
610	 0.219923974919792 
611	 0.21811096791091 
612	 0.216494265137867 
613	 0.214963438551867 
614	 0.213560698948204 
615	 0.212310529405278 
616	 0.211091259914416 
617	 0.209938469804173 
618	 0.208887855961826 
619	 0.207969773632361 
620	 0.207140063296966 
621	 0.206362514172331 
622	 0.205626178292232 
623	 0.204956934751547 
624	 0.204357156933215 
625	 0.203793385132644 
626	 0.203228870139239 
627	 0.202682744108599 
628	 0.202189631003662 
629	 0.201720900421228 
630	 0.201189320945764 
631	 0.200782169116055 
632	 0.200411758453691 
633	 0.199975389257262 
634	 0.199506964387013 
635	 0.199060291927699 
636	 0.198649290191869 
637	 0.198256634087498 
638	 0.197843231698688 
639	 0.197435075185026 
640	 0.197051245750265 
641	 0.196685213114978 
642	 0.196332257733779 
643	 0.195993920101456 
644	 0.195669029185745 
645	 0.195328695381641 
646	 0.195017953150164 
647	 0.194757817280973 
648	 0.19454029184374 
649	 0.194351774820477 
650	 0.194233139836404 
651	 0.194200732867248 
652	 0.194165434617114 
653	 0.194200022281684 
654	 0.194330654888823 
655	 0.194547050628516 
656	 0.194768955352006 
657	 0.195049251700483 
658	 0.195422452656554 
659	 0.195866395598969 
660	 0.196395454055373 
661	 0.196962819559725 
662	 0.197538469324409 
663	 0.198257256023977 
664	 0.199036217057108 
665	 0.199845506916202 
666	 0.200710832638022 
667	 0.201627973827815 
668	 0.202588370724134 
669	 0.203589996183084 
670	 0.204655283401594 
671	 0.205739209278607 
672	 0.206834626625208 
673	 0.207953985690876 
674	 0.209082178053254 
675	 0.210230879198931 
676	 0.211412288389785 
677	 0.212631532130088 
678	 0.213791789923859 
679	 0.214940116827465 
680	 0.216123424036601 
681	 0.21722284827045 
682	 0.218333367153045 
683	 0.219456692839078 
684	 0.220533462989308 
685	 0.221639140116688 
686	 0.222709602395198 
687	 0.223729858281306 
688	 0.22482786494889 
689	 0.225848667744313 
690	 0.226818500214743 
691	 0.227806657999043 
692	 0.228742953683577 
693	 0.229621973969911 
694	 0.230440596424363 
695	 0.231199581274275 
696	 0.23195739391021 
697	 0.232657775878847 
698	 0.233266341289161 
699	 0.233875821176672 
700	 0.23439399369096 
701	 0.234839520487169 
702	 0.235269028164253 
703	 0.23557116450357 
704	 0.235744795229929 
705	 0.235831313312529 
706	 0.235913121335 
707	 0.235869921038862 
708	 0.235713383782054 
709	 0.235485048718774 
710	 0.235196551916579 
711	 0.234816192060893 
712	 0.234342542777202 
713	 0.233798587979319 
714	 0.233218023839245 
715	 0.232619441312182 
716	 0.232010755425361 
717	 0.231383325819166 
718	 0.230782291276572 
719	 0.230215479787603 
720	 0.229682381529896 
721	 0.229202464640967 
722	 0.228787198998971 
723	 0.228472382209193 
724	 0.228304915485244 
725	 0.228164140389225 
726	 0.22812782601192 
727	 0.228244530117047 
728	 0.228424110927299 
729	 0.228780313383105 
730	 0.229235678770845 
731	 0.229693529805426 
732	 0.230345235932641 
733	 0.231121353704746 
734	 0.231994639107075 
735	 0.232986815052399 
736	 0.234045314120189 
737	 0.235200114724017 
738	 0.236461960252011 
739	 0.237754874863135 
740	 0.239157325682832 
741	 0.240643507519774 
742	 0.24216164191735 
743	 0.243768614824073 
744	 0.245409536585886 
745	 0.247073121550041 
746	 0.248795627812747 
747	 0.25050655297299 
748	 0.252209103467034 
749	 0.253908739195804 
750	 0.255579242753709 
751	 0.257227578775436 
752	 0.258858473334552 
753	 0.260474016159478 
754	 0.262066659339791 
755	 0.263578083976368 
756	 0.265008979722401 
757	 0.266419041820823 
758	 0.267769030305414 
759	 0.269015047094502 
760	 0.270152263542199 
761	 0.271275285964879 
762	 0.27234863943665 
763	 0.273330447105055 
764	 0.274196580957886 
765	 0.275042969878358 
766	 0.275783876168014 
767	 0.276399616390683 
768	 0.27694309997652 
769	 0.277448544777031 
770	 0.277874296863863 
771	 0.278204885719555 
772	 0.27851184337914 
773	 0.278793810679773 
774	 0.279011044768893 
775	 0.279131577447552 
776	 0.27922372124631 
777	 0.27934389514421 
778	 0.279479716816981 
779	 0.279568888767216 
780	 0.279657110653277 
781	 0.27978363342647 
782	 0.279954844351781 
783	 0.280119708511503 
784	 0.280380790609809 
785	 0.280733230491112 
786	 0.281144403781372 
787	 0.281604955380967 
788	 0.282192506312107 
789	 0.282895863854448 
790	 0.283655671344117 
791	 0.284535079364411 
792	 0.285532856674987 
793	 0.28665320838359 
794	 0.28791613337427 
795	 0.289285816006891 
796	 0.290791440833001 
797	 0.292439839652424 
798	 0.294139104873326 
799	 0.295934048122456 
800	 0.297871195740565 
801	 0.299974861686557 
802	 0.30213378923273 
803	 0.304389853990387 
804	 0.306740636433408 
805	 0.309143641964562 
806	 0.311656448467213 
807	 0.314261765609125 
808	 0.316935780199092 
809	 0.31965010897185 
810	 0.322417804454893 
811	 0.32526912715878 
812	 0.328204586128447 
813	 0.331124214097673 
814	 0.334118215778084 
815	 0.337174495640925 
816	 0.340234986797159 
817	 0.343337094920515 
818	 0.346483246513403 
819	 0.349671623134837 
820	 0.352886657896833 
821	 0.356104448395747 
822	 0.359358278149068 
823	 0.36265257379853 
824	 0.365921716624995 
825	 0.369169062191284 
826	 0.372442938144016 
827	 0.375786264895537 
828	 0.379161728737381 
829	 0.382495330438753 
830	 0.3857894979436 
831	 0.389096659757577 
832	 0.39249724732541 
833	 0.395872340251108 
834	 0.399171860617879 
835	 0.402445734666697 
836	 0.405770399923275 
837	 0.409093900216989 
838	 0.412368634421346 
839	 0.415611014912306 
840	 0.41888717976884 
841	 0.422145798923187 
842	 0.425332418098114 
843	 0.428509697191213 
844	 0.431672329179531 
845	 0.434830675144169 
846	 0.437988980357931 
847	 0.441068676613344 
848	 0.444149399991814 
849	 0.447229712088021 
850	 0.45023110567711 
851	 0.453185987348111 
852	 0.456088915231117 
853	 0.458954614179132 
854	 0.461837739216316 
855	 0.46465585943835 
856	 0.46740539068885 
857	 0.47011919306993 
858	 0.472848845376747 
859	 0.475485007415777 
860	 0.478074002207316 
861	 0.480673209002629 
862	 0.483171555841608 
863	 0.485627117698299 
864	 0.488042138731911 
865	 0.490396307885093 
866	 0.492715921200138 
867	 0.494991622570143 
868	 0.497214545470036 
869	 0.499375478516733 
870	 0.501468685828836 
871	 0.503505462366822 
872	 0.505503349939881 
873	 0.507486590569948 
874	 0.509421357599084 
875	 0.511267507012351 
876	 0.513025781023349 
877	 0.514778711185065 
878	 0.51647255882909 
879	 0.51812419345155 
880	 0.519753312609734 
881	 0.521323684416864 
882	 0.522886452605036 
883	 0.52437160777255 
884	 0.525709706784944 
885	 0.527064196632714 
886	 0.52839764725994 
887	 0.529713416721787 
888	 0.531029429852273 
889	 0.53228270070552 
890	 0.533478027299024 
891	 0.534640652858432 
892	 0.535801585854309 
893	 0.536874443814197 
894	 0.537898476091832 
895	 0.538888690532864 
896	 0.53980941413968 
897	 0.540741298943682 
898	 0.541676093449651 
899	 0.542582107813629 
900	 0.543425427721847 
901	 0.544193683574569 
902	 0.544921017753587 
903	 0.545644011491349 
904	 0.546370597268716 
905	 0.547083821933201 
906	 0.547793747956994 
907	 0.548498183109222 
908	 0.549140847604605 
909	 0.549756192827839 
910	 0.550375769838161 
911	 0.551004036485692 
912	 0.551550238559024 
913	 0.552105783223537 
914	 0.552660443252312 
915	 0.553167367655434 
916	 0.553686188963804 
917	 0.554169239849584 
918	 0.554668725354681 
919	 0.555248098358012 
920	 0.555633433139643 
921	 0.556019474578146 
922	 0.556482257976332 
923	 0.55696813991419 
924	 0.557437565755768 
925	 0.557814215002839 
926	 0.55817890138011 
927	 0.558707794050831 
928	 0.559076459640367 
929	 0.559352532915193 
930	 0.559650094143061 
931	 0.560052536580587 
932	 0.560422070750657 
933	 0.560733695995366 
934	 0.560995811689176 
935	 0.561238553348446 
936	 0.561512952491705 
937	 0.561810826962753 
938	 0.562087060068032 
939	 0.562278255129014 
940	 0.562617725588477 
941	 0.563007177535486 
942	 0.563323036503434 
943	 0.563526371588025 
944	 0.563812863101753 
945	 0.56408764547713 
946	 0.564332276706497 
947	 0.564743847624674 
948	 0.564956272849372 
949	 0.565201758099743 
950	 0.56560877816761 
951	 0.5658908792182 
952	 0.566129181954926 
953	 0.566403543378424 
954	 0.566711030435103 
955	 0.566898887026942 
956	 0.56717239835963 
957	 0.567464783380181 
958	 0.567721767355031 
959	 0.568035602277183 
960	 0.568308692724706 
961	 0.568602864553398 
962	 0.568936703315847 
963	 0.569185037646132 
964	 0.569254927095054 
965	 0.569379828137241 
966	 0.569650403793091 
967	 0.569771806277094 
968	 0.570054749325481 
969	 0.570249030134557 
970	 0.570262508698304 
971	 0.570467930327569 
972	 0.570698112520367 
973	 0.570933030113193 
974	 0.57114014866766 
975	 0.571237344713363 
976	 0.571317394038631 
977	 0.571357891312021 
978	 0.571440047558963 
979	 0.571784222433363 
980	 0.572026110271864 
981	 0.572237928877353 
982	 0.572405948687143 
983	 0.57234824525222 
984	 0.572492806025204 
985	 0.572611914107069 
986	 0.572626631277378 
987	 0.572731213436063 
988	 0.572852394345569 
989	 0.572922691068753 
990	 0.572984031196616 
991	 0.573166422983149 
992	 0.573460237132708 
993	 0.573582960217946 
994	 0.57357158098566 
995	 0.573668669306423 
996	 0.573491710504173 
997	 0.573486777757202 
998	 0.573703415209666 
999	 0.573881744973662 
1000	 0.57391769223795 
1001	 0.573404983231315 
1002	 0.573463935001377 
1003	 0.57353034035328 
1004	 0.573572476769964 
1005	 0.573651634739012 
1006	 0.573722466180636 
1007	 0.573771108550396 
1008	 0.573836305523925 
1009	 0.573863735846133 
1010	 0.573906235321849 
1011	 0.573971272170724 
1012	 0.574001264615101 
1013	 0.573994018025567 
1014	 0.574000236962133 
1015	 0.574013374691804 
1016	 0.574026268974251 
1017	 0.574037675981414 
1018	 0.574091650273142 
1019	 0.57412873086311 
1020	 0.574135951076022 
1021	 0.574150094151248 
1022	 0.574157753964534 
1023	 0.574156244479145 
1024	 0.574153059434058 
1025	 0.574159263637164 
1026	 0.574174211355373 
1027	 0.574169262160418 
1028	 0.574155605812813 
1029	 0.574152737423164 
1030	 0.574166685707854 
1031	 0.5741896252193 
1032	 0.574214639452823 
1033	 0.574264593163854 
1034	 0.574292902234095 
1035	 0.574299242373969 
1036	 0.574307165253789 
1037	 0.574309477053976 
1038	 0.574318229571292 
1039	 0.574330880921942 
1040	 0.574323909876485 
1041	 0.574307304520039 
1042	 0.57428257842438 
1043	 0.574264595125275 
1044	 0.574244866052563 
1045	 0.574243250209679 
1046	 0.574281594655157 
1047	 0.574290838175531 
1048	 0.574298652109116 
1049	 0.574290161698896 
1050	 0.57426958556016 
1051	 0.574220245296985 
1052	 0.574199169680515 
1053	 0.574186752466074 
1054	 0.57415909644687 
1055	 0.574139460195792 
1056	 0.574115750072257 
1057	 0.574091311845788 
1058	 0.574071263460982 
1059	 0.574064066972902 
1060	 0.574050362087683 
1061	 0.574019147095609 
1062	 0.574013309612488 
1063	 0.574029195985117 
1064	 0.574028079903824 
1065	 0.574013088316995 
1066	 0.573999431784508 
1067	 0.573973835683734 
1068	 0.573945742023955 
1069	 0.573925930568459 
1070	 0.573889249075917 
1071	 0.573860612163168 
1072	 0.573853004004938 
1073	 0.573842423212659 
1074	 0.573861663682962 
1075	 0.573847536510996 
1076	 0.573822870499576 
1077	 0.5737758647357 
1078	 0.573708230008219 
1079	 0.573636913220983 
1080	 0.573538408677793 
1081	 0.573462402621615 
1082	 0.573401695020266 
1083	 0.573332963909818 
1084	 0.573306549508851 
1085	 0.573263302369061 
1086	 0.573196953244393 
1087	 0.573152164531777 
1088	 0.573088420166656 
1089	 0.573002601731748 
1090	 0.572937055632703 
1091	 0.572884342656937 
1092	 0.572810795761584 
1093	 0.572739523973714 
1094	 0.572656590200518 
1095	 0.572564803034233 
1096	 0.572456678481882 
1097	 0.572335951194922 
1098	 0.572214102360905 
1099	 0.572093413782749 
1100	 0.571958466763492 
1101	 0.571794394334451 
1102	 0.571619076677166 
1103	 0.571419673096616 
1104	 0.57117437074154 
1105	 0.570944303693039 
1106	 0.570718019883763 
1107	 0.570475682994033 
1108	 0.570216722500923 
1109	 0.569959854885857 
1110	 0.569703070838174 
1111	 0.569431717999906 
1112	 0.569144842981804 
1113	 0.568865662305483 
1114	 0.568595254482094 
1115	 0.568320258576801 
1116	 0.568056049126422 
1117	 0.567822177270653 
1118	 0.567583346655601 
1119	 0.567337175817373 
1120	 0.567127175769851 
1121	 0.566933542660797 
1122	 0.566763731493303 
1123	 0.566606882765549 
1124	 0.566487920167464 
1125	 0.566390455711509 
1126	 0.566326346840937 
1127	 0.56629108540073 
1128	 0.566288795405009 
1129	 0.566330224243068 
1130	 0.566377155676192 
1131	 0.566417261425502 
1132	 0.566487579772089 
1133	 0.566588706387834 
1134	 0.566681927067515 
1135	 0.566806745901789 
1136	 0.566974340154674 
1137	 0.567143034678182 
1138	 0.567314084345463 
1139	 0.56750628439889 
1140	 0.567730834570807 
1141	 0.567941969888263 
1142	 0.56815203382242 
1143	 0.568375645876744 
1144	 0.56859814161149 
1145	 0.568841669974287 
1146	 0.569099794916447 
1147	 0.569372001558523 
1148	 0.569660179355523 
1149	 0.569948202295799 
1150	 0.570228184855628 
1151	 0.570498252669538 
1152	 0.570761138680751 
1153	 0.571010628144397 
1154	 0.571262680133748 
1155	 0.571522850180817 
1156	 0.571754683496202 
1157	 0.571976403670314 
1158	 0.572181149957095 
1159	 0.572364394764808 
1160	 0.572541120950222 
1161	 0.572709291804154 
1162	 0.572865580115944 
1163	 0.573003304080076 
1164	 0.573139245415735 
1165	 0.573280346962835 
1166	 0.57339696830175 
1167	 0.573489346632965 
1168	 0.573564752397252 
1169	 0.573637847096454 
1170	 0.573681188299101 
1171	 0.573737824239957 
1172	 0.57380636696535 
1173	 0.573853439289124 
1174	 0.573882636991846 
1175	 0.573917477950656 
1176	 0.573959649851806 
1177	 0.573975558939288 
1178	 0.573980444702382 
1179	 0.573977197094697 
1180	 0.573947119785131 
1181	 0.573922355967187 
1182	 0.57389401999694 
1183	 0.573867786461245 
1184	 0.573840756599171 
1185	 0.573810941923239 
1186	 0.573780204496124 
1187	 0.573749661259924 
1188	 0.57372035696493 
1189	 0.573683517684712 
1190	 0.573660572905529 
1191	 0.573643499350937 
1192	 0.57363235592369 
1193	 0.573630898757417 
1194	 0.573628487443225 
1195	 0.573622511864591 
1196	 0.573633337112462 
1197	 0.573655652975052 
1198	 0.573677631865881 
1199	 0.573708606868545 
1200	 0.57374512142022 
1201	 0.573781165153965 
1202	 0.573823545376734 
1203	 0.573872810965585 
1204	 0.573932483767258 
1205	 0.573995166220301 
1206	 0.574059522635435 
1207	 0.574134406740576 
1208	 0.574230152760733 
1209	 0.574302335939329 
1210	 0.574373515858172 
1211	 0.574436949918367 
1212	 0.574482699805588 
1213	 0.574535259633839 
1214	 0.574591778754375 
1215	 0.574641557527318 
1216	 0.57469220496756 
1217	 0.57473225739492 
1218	 0.574761905623104 
1219	 0.574791839875186 
1220	 0.574809672396955 
1221	 0.574832844315401 
1222	 0.574861943547806 
1223	 0.574898852176693 
1224	 0.574924932819244 
1225	 0.574948426837522 
1226	 0.574977241983235 
1227	 0.574999447999124 
1228	 0.575030628734044 
1229	 0.57507094467464 
1230	 0.575112202362636 
1231	 0.575148345122409 
1232	 0.575199712928116 
1233	 0.57526021921199 
1234	 0.575327091997627 
1235	 0.575406808693633 
1236	 0.575486930927012 
1237	 0.575572577349778 
1238	 0.575661101854798 
1239	 0.575758664494646 
1240	 0.575849841363531 
1241	 0.575940396979466 
1242	 0.576035828344774 
1243	 0.576119248577175 
1244	 0.576194805458288 
1245	 0.576269501071928 
1246	 0.576335085546128 
1247	 0.576409226766139 
1248	 0.576485746872584 
1249	 0.576560578556376 
1250	 0.576639675057467 
1251	 0.576715056509431 
1252	 0.576784513613191 
1253	 0.576858348646087 
1254	 0.576940441250048 
1255	 0.577010968378419 
1256	 0.577072269078685 
1257	 0.57714061450485 
1258	 0.577214558223141 
1259	 0.577273620761629 
1260	 0.577327331488751 
1261	 0.577382898583841 
1262	 0.577431545168197 
1263	 0.577469045087171 
1264	 0.577499759660209 
1265	 0.577534682182656 
1266	 0.577549461149629 
1267	 0.577532268393466 
1268	 0.577542486129788 
1269	 0.577553193998412 
1270	 0.577572787385529 
1271	 0.577611300906276 
1272	 0.577637172398287 
1273	 0.577668122165164 
1274	 0.577683398687473 
1275	 0.577677900913127 
1276	 0.577689144428351 
1277	 0.577692674949839 
1278	 0.577710728724785 
1279	 0.57774564755452 
1280	 0.57778143742666 
1281	 0.577820179489042 
1282	 0.57786149558202 
1283	 0.57791426090136 
1284	 0.57798115672468 
1285	 0.578041022455891 
1286	 0.578107714826585 
1287	 0.578170481936254 
1288	 0.578222768748521 
1289	 0.578294343893552 
1290	 0.578385971999038 
1291	 0.578456240830787 
1292	 0.578527140551239 
1293	 0.578592782166949 
1294	 0.578643818371438 
1295	 0.578698663431087 
1296	 0.578764260907926 
1297	 0.578809521179199 
1298	 0.578842991418503 
1299	 0.578872420440396 
1300	 0.578890495915323 
1301	 0.578907797616744 
1302	 0.578922422055244 
1303	 0.578923375530968 
1304	 0.578942471639634 
1305	 0.578963862520854 
1306	 0.57899599361654 
1307	 0.579036838940194 
1308	 0.579054636667853 
1309	 0.579056418494222 
1310	 0.579068470122314 
1311	 0.579076084594166 
1312	 0.579080405853483 
1313	 0.579094989030505 
1314	 0.579093515129364 
1315	 0.579072922448909 
1316	 0.579062005530592 
1317	 0.579050624490583 
1318	 0.579036557978948 
1319	 0.579021937033154 
1320	 0.579005657817291 
1321	 0.578994154052282 
1322	 0.578971749359271 
1323	 0.578946139659092 
1324	 0.578915433984465 
1325	 0.578883343513154 
1326	 0.578823688878454 
1327	 0.578779312897265 
1328	 0.578737151223326 
1329	 0.578687927370061 
1330	 0.578642614673082 
1331	 0.578574033658858 
1332	 0.578491144452049 
1333	 0.578408892790921 
1334	 0.578317225204179 
1335	 0.578212801337048 
1336	 0.5781070485116 
1337	 0.577981219159605 
1338	 0.577834901031498 
1339	 0.577688569344404 
1340	 0.577534588948563 
1341	 0.577371809584222 
1342	 0.577204787735401 
1343	 0.57701984600403 
1344	 0.576821845402347 
1345	 0.576618797378721 
1346	 0.576394774494771 
1347	 0.576176569716245 
1348	 0.57596649638255 
1349	 0.57573747208835 
1350	 0.575481654734548 
1351	 0.575229796545599 
1352	 0.574968253973811 
1353	 0.574690414513187 
1354	 0.574428712073274 
1355	 0.574168537105856 
1356	 0.57389149480928 
1357	 0.573615212688687 
1358	 0.573335892500732 
1359	 0.573046155870444 
1360	 0.572775264384529 
1361	 0.572510379761819 
1362	 0.572247157310923 
1363	 0.571994819760442 
1364	 0.57174191268334 
1365	 0.57148443483027 
1366	 0.571239627402398 
1367	 0.571002280276046 
1368	 0.570773887594803 
1369	 0.570551731049955 
1370	 0.570337530646841 
1371	 0.570132105064504 
1372	 0.569934327546133 
1373	 0.569759710657313 
1374	 0.569564436303679 
1375	 0.569363598077544 
1376	 0.569166589990589 
1377	 0.568958022754117 
1378	 0.568720234897566 
1379	 0.568490610689308 
1380	 0.568233085111144 
1381	 0.56789835920706 
1382	 0.567534140317806 
1383	 0.567112826162337 
1384	 0.566651812071227 
1385	 0.566196860371385 
1386	 0.565730187412136 
1387	 0.565240624678524 
1388	 0.564722622487685 
1389	 0.564225716406582 
1390	 0.563690876931739 
1391	 0.563229526003592 
1392	 0.562807290681852 
1393	 0.562396735646098 
1394	 0.562047632270525 
1395	 0.561653940928104 
1396	 0.561262528762873 
1397	 0.560850908542343 
1398	 0.560430738004088 
1399	 0.559976316651418 
1400	 0.559535559395975 
1401	 0.559011132276227 
1402	 0.558451054582258 
1403	 0.55781865194471 
1404	 0.557113461849952 
1405	 0.556352055696734 
1406	 0.555553844439533 
1407	 0.554711587069851 
1408	 0.553834786492798 
1409	 0.552933654462342 
1410	 0.552011775521956 
1411	 0.551081572144109 
1412	 0.550161463491569 
1413	 0.549270963666051 
1414	 0.548437564916182 
1415	 0.547654688766136 
1416	 0.546921688865355 
1417	 0.546260650818486 
1418	 0.545611072574133 
1419	 0.545000799900378 
1420	 0.54440161454902 
1421	 0.543838221065356 
1422	 0.543275209117949 
1423	 0.542735590559266 
1424	 0.54218681380126 
1425	 0.541634409266098 
1426	 0.541103427501954 
1427	 0.540572962076786 
1428	 0.540062298183907 
1429	 0.539577824158077 
1430	 0.539092430203611 
1431	 0.538611477164091 
1432	 0.538146742482831 
1433	 0.537677505307117 
1434	 0.537248928747507 
1435	 0.536845276500848 
1436	 0.53645913747915 
1437	 0.536100055396592 
1438	 0.535765849044082 
1439	 0.535441220752275 
1440	 0.535133965726809 
1441	 0.534854594293099 
1442	 0.534582518531967 
1443	 0.534314748591477 
1444	 0.534061797598512 
1445	 0.533814271381872 
1446	 0.533590324697819 
1447	 0.533384956145835 
1448	 0.533187010439285 
1449	 0.533002888901952 
1450	 0.532825483607154 
1451	 0.532661348103498 
1452	 0.532509842265397 
1453	 0.532362567336127 
1454	 0.532233425334728 
1455	 0.532092751501363 
1456	 0.531955518726674 
1457	 0.531810512089602 
1458	 0.531651235916285 
1459	 0.531508923246414 
1460	 0.531367391166194 
1461	 0.531233919039341 
1462	 0.531119559776889 
1463	 0.530993591989751 
1464	 0.53085615781874 
1465	 0.530736423040297 
1466	 0.530616299537193 
1467	 0.530512164000051 
1468	 0.530434185763632 
1469	 0.530344344461716 
1470	 0.530257704943958 
1471	 0.530169901114521 
1472	 0.5300761335614 
1473	 0.52998692337969 
1474	 0.529897256004211 
1475	 0.52981929566429 
1476	 0.529746539983903 
1477	 0.529672016346777 
1478	 0.529627286985964 
1479	 0.52958639523219 
1480	 0.529563023174122 
1481	 0.52957053864047 
1482	 0.529590679791452 
1483	 0.529614194897895 
1484	 0.529642582141055 
1485	 0.529672210989472 
1486	 0.529706909037547 
1487	 0.529756069012023 
1488	 0.529800871271134 
1489	 0.529853451244527 
1490	 0.529922144041754 
1491	 0.529991922651243 
1492	 0.530085113418898 
1493	 0.53020871545687 
1494	 0.530331742541786 
1495	 0.53046757664896 
1496	 0.530602623854567 
1497	 0.530743433062635 
1498	 0.530891267340179 
1499	 0.531046289080157 
1500	 0.531202189099694 
1501	 0.531361646276718 
1502	 0.531528834843964 
1503	 0.531701366357978 
1504	 0.531874298610287 
1505	 0.53205886384234 
1506	 0.532239430919489 
1507	 0.532413333141816 
1508	 0.532591815153568 
1509	 0.532779527532195 
1510	 0.532956600890485 
1511	 0.533135762334482 
1512	 0.533303484319567 
1513	 0.533454956830995 
1514	 0.533612742734857 
1515	 0.533774772997702 
1516	 0.533922521352173 
1517	 0.534065302590682 
1518	 0.53420739372266 
1519	 0.534331779163147 
1520	 0.534462170499732 
1521	 0.534609111397861 
1522	 0.534733450247659 
1523	 0.534844755192642 
1524	 0.534955407879519 
1525	 0.535047464156698 
1526	 0.53514591722122 
1527	 0.535246167444023 
1528	 0.535351029489955 
1529	 0.535441215238041 
1530	 0.535542892987744 
1531	 0.535638903559533 
1532	 0.53570587863822 
1533	 0.535782793436732 
1534	 0.535850491268183 
1535	 0.535914579105351 
1536	 0.53598998328918 
1537	 0.536042256493142 
1538	 0.536095139857253 
1539	 0.536151795017917 
1540	 0.536200759463656 
1541	 0.536255438817297 
1542	 0.536312413500511 
1543	 0.536367754878989 
1544	 0.536424566450947 
1545	 0.536488059748188 
1546	 0.536556554721832 
1547	 0.536629789941638 
1548	 0.536704971051987 
1549	 0.536776779274125 
1550	 0.536848653204025 
1551	 0.536926820829333 
1552	 0.53700271942822 
1553	 0.537086602082487 
1554	 0.537186950965529 
1555	 0.537268030097185 
1556	 0.537332602949845 
1557	 0.537425250788535 
1558	 0.537527848583394 
1559	 0.537617505952504 
1560	 0.537724458911915 
1561	 0.537812064045765 
1562	 0.537872122014207 
1563	 0.537953799492554 
1564	 0.53805280946237 
1565	 0.53812471550564 
1566	 0.538188352658904 
1567	 0.538249548713459 
1568	 0.538295256480497 
1569	 0.538345899320232 
1570	 0.538393896361506 
1571	 0.538449548070484 
1572	 0.538498760715383 
1573	 0.538563723183905 
1574	 0.538642648801636 
1575	 0.538721521302674 
1576	 0.538806062997552 
1577	 0.538894294931593 
1578	 0.538991107718452 
1579	 0.539086033082955 
1580	 0.539182123565982 
1581	 0.539279253810607 
1582	 0.539372662915344 
1583	 0.539476704786089 
1584	 0.539578897580547 
1585	 0.539703981592034 
1586	 0.539842503776952 
1587	 0.539990329072157 
1588	 0.540148951370192 
1589	 0.540329359407512 
1590	 0.540517087566278 
1591	 0.540734966959944 
1592	 0.540987812172437 
1593	 0.541241912624391 
1594	 0.541517927392933 
1595	 0.541797519886207 
1596	 0.542085754439573 
1597	 0.542377994402766 
1598	 0.542679924459052 
1599	 0.542981959757415 
1600	 0.543282834183244 
1601	 0.543598101776932 
1602	 0.543920346117994 
1603	 0.544250787834582 
1604	 0.544596326953287 
1605	 0.544941025485999 
1606	 0.545291499930528 
1607	 0.545644806845273 
1608	 0.546019453820431 
1609	 0.546360503665602 
1610	 0.546678150931961 
1611	 0.547007752030474 
1612	 0.547337079306792 
1613	 0.547641324479598 
1614	 0.547964276423636 
1615	 0.548239722098085 
1616	 0.548457578932812 
1617	 0.54867987780857 
1618	 0.548881595111899 
1619	 0.549076503176065 
1620	 0.549265209618268 
1621	 0.549439524288314 
1622	 0.549598923594697 
1623	 0.54975106171611 
1624	 0.549879305830038 
1625	 0.550023873791107 
1626	 0.550160877612137 
1627	 0.550314003082674 
1628	 0.550491996200146 
1629	 0.550656602741358 
1630	 0.550809971329911 
1631	 0.550985312645515 
1632	 0.551172494660844 
1633	 0.551353692762564 
1634	 0.551555040333226 
1635	 0.551743626897898 
1636	 0.551911542205582 
1637	 0.552090389747406 
1638	 0.552275521318095 
1639	 0.55245955482851 
1640	 0.552648698624353 
1641	 0.552830941636199 
1642	 0.553037370377356 
1643	 0.553192089346973 
1644	 0.553347547822538 
1645	 0.553435364350886 
1646	 0.553468951771954 
1647	 0.553456245246967 
1648	 0.553394698811083 
1649	 0.553278481275561 
1650	 0.553137440920238 
1651	 0.552895319807237 
1652	 0.55257142127345 
1653	 0.552184392489782 
1654	 0.551691117982861 
1655	 0.551167290281418 
1656	 0.550568855566769 
1657	 0.549961289897193 
1658	 0.549313697579917 
1659	 0.548640175907807 
1660	 0.547939132013738 
1661	 0.547219497436302 
1662	 0.546438814729908 
1663	 0.545691156927927 
1664	 0.544943807348583 
1665	 0.54420408456547 
1666	 0.543479534847224 
1667	 0.542757706757586 
1668	 0.542024588518194 
1669	 0.541325325953166 
1670	 0.54063450836504 
1671	 0.539984607867709 
1672	 0.5393314874808 
1673	 0.538780275301642 
1674	 0.538280637541357 
1675	 0.537863542852712 
1676	 0.537532270994702 
1677	 0.53728009750578 
1678	 0.537112591126915 
1679	 0.537001679097453 
1680	 0.53697785389584 
1681	 0.537008201381064 
1682	 0.537122015264362 
1683	 0.537244125208216 
1684	 0.537442793750991 
1685	 0.537624236668389 
1686	 0.537828424437312 
1687	 0.538006215857695 
1688	 0.538196029858075 
1689	 0.538352181751785 
1690	 0.538487142714786 
1691	 0.538590589029073 
1692	 0.538656136117737 
1693	 0.538727384890625 
1694	 0.538781330818165 
1695	 0.538816129468199 
1696	 0.538835842314132 
1697	 0.538862147425056 
1698	 0.538864901788124 
1699	 0.53887630223195 
1700	 0.538894260423705 
1701	 0.538925418268779 
1702	 0.53894906308881 
1703	 0.538991937066546 
1704	 0.539080613112998 
1705	 0.539119514102438 
1706	 0.539132430189766 
1707	 0.539161962309775 
1708	 0.539165293688851 
1709	 0.539207396590413 
1710	 0.539255395832764 
1711	 0.539359597174612 
1712	 0.539484815072242 
1713	 0.53966910521705 
1714	 0.539912626445296 
1715	 0.540189873096095 
1716	 0.540491448741107 
1717	 0.540880821250204 
1718	 0.541342872246171 
1719	 0.541835611501534 
1720	 0.542404593820657 
1721	 0.542981277076241 
1722	 0.543595537185232 
1723	 0.544205188323198 
1724	 0.544862862167444 
1725	 0.545461059741831 
1726	 0.546063416122212 
1727	 0.546563954540886 
1728	 0.547031077484024 
1729	 0.547361038610529 
1730	 0.547631498025637 
1731	 0.547824749282185 
1732	 0.547928023709077 
1733	 0.547982523591313 
1734	 0.547954314974907 
1735	 0.547855829464405 
1736	 0.547709657825269 
1737	 0.547481483077267 
1738	 0.547223131994332 
1739	 0.546930063294743 
1740	 0.54659246226775 
1741	 0.546257542218866 
1742	 0.545925757791528 
1743	 0.545600208058545 
1744	 0.545257239619208 
1745	 0.544885053774916 
1746	 0.544542628899818 
1747	 0.544168738806069 
1748	 0.54385471824753 
1749	 0.543595675204005 
1750	 0.543348785203499 
1751	 0.543105617625498 
1752	 0.542947265043701 
1753	 0.542820507560004 
1754	 0.542765652867668 
1755	 0.542811623333776 
1756	 0.542876878849815 
1757	 0.542998722867988 
1758	 0.54313801261652 
1759	 0.543318839610534 
1760	 0.543519103828478 
1761	 0.543786330070998 
1762	 0.5439815492082 
1763	 0.544182575120658 
1764	 0.544325697303207 
1765	 0.544402830767966 
1766	 0.544475489308633 
1767	 0.54454149889561 
1768	 0.544536802346136 
1769	 0.544476499692333 
1770	 0.544402347048416 
1771	 0.54426410999891 
1772	 0.544176376845513 
1773	 0.544076477238183 
1774	 0.544021346267602 
1775	 0.543984777962486 
1776	 0.543953727862825 
1777	 0.543987358665132 
1778	 0.54403101813743 
1779	 0.544094147384577 
1780	 0.544204031335255 
1781	 0.544334637807169 
1782	 0.544457013214401 
1783	 0.544606818585913 
1784	 0.544709626592019 
1785	 0.54476256744997 
1786	 0.544817622319878 
1787	 0.54483820718949 
1788	 0.544873523548928 
1789	 0.54491733235646 
1790	 0.54491647800065 
1791	 0.54491602875537 
1792	 0.544922126826852 
1793	 0.54497096280056 
1794	 0.545066189177687 
1795	 0.545176330357101 
1796	 0.545307956458586 
1797	 0.545455627394861 
1798	 0.545644643057956 
1799	 0.545821198040732 
1800	 0.545986989813236 
1801	 0.542131586194061 
1802	 0.542303452853448 
1803	 0.542471245529859 
1804	 0.542637509227195 
1805	 0.542840823862743 
1806	 0.543040834413504 
1807	 0.543221937556449 
1808	 0.543403129671893 
1809	 0.543573668761027 
1810	 0.543732974403776 
1811	 0.543884356325346 
1812	 0.544036845277401 
1813	 0.544188416867098 
1814	 0.544304241498648 
1815	 0.544439627314429 
1816	 0.544564459641556 
1817	 0.5446920297218 
1818	 0.544822490757237 
1819	 0.544985773330563 
1820	 0.545094255093876 
1821	 0.545204291907743 
1822	 0.545356234304869 
1823	 0.545493116571954 
1824	 0.54564541757081 
1825	 0.545818344191639 
1826	 0.545982413622006 
1827	 0.546175319978732 
1828	 0.546376586425895 
1829	 0.546611519749272 
1830	 0.546864919599713 
1831	 0.547119685038932 
1832	 0.547368811556728 
1833	 0.547619203582601 
1834	 0.547868045294978 
1835	 0.548125687882063 
1836	 0.548385565586689 
1837	 0.548641808480847 
1838	 0.548893166569968 
1839	 0.549158581185376 
1840	 0.549413286486729 
1841	 0.549640542049191 
1842	 0.549844977449869 
1843	 0.550006777409562 
1844	 0.550181526301787 
1845	 0.550378280637455 
1846	 0.550579506384582 
1847	 0.550829278909266 
1848	 0.5510318250852 
1849	 0.551217551515316 
1850	 0.551394610994958 
1851	 0.551557514581033 
1852	 0.551671346892547 
1853	 0.5518048809423 
1854	 0.551913357635581 
1855	 0.55199969124383 
1856	 0.552098414935497 
1857	 0.552148957441913 
1858	 0.552185960070384 
1859	 0.552169480233615 
1860	 0.552110069903321 
1861	 0.552007120039052 
1862	 0.55189148332968 
1863	 0.551740736528381 
1864	 0.551576522319443 
1865	 0.551413020032647 
1866	 0.551215722300757 
1867	 0.550999994924043 
1868	 0.550750021429686 
1869	 0.550465848296581 
1870	 0.550161746723944 
1871	 0.549827245197991 
1872	 0.549484702790501 
1873	 0.549115346945429 
1874	 0.54870752010258 
1875	 0.548246070276441 
1876	 0.547723781809324 
1877	 0.547140577458966 
1878	 0.546523181643835 
1879	 0.545808309716131 
1880	 0.545047903910001 
1881	 0.544165863897994 
1882	 0.54319118973182 
1883	 0.542106112986663 
1884	 0.540948601940616 
1885	 0.539668288896786 
1886	 0.538275635098772 
1887	 0.536777848363278 
1888	 0.535175102282852 
1889	 0.533416042638206 
1890	 0.531614979718161 
1891	 0.529675700838857 
1892	 0.5277424796919 
1893	 0.525726441265759 
1894	 0.523701683511969 
1895	 0.521694000063937 
1896	 0.519699407725358 
1897	 0.517757510852449 
1898	 0.515827346971365 
1899	 0.513972862992028 
1900	 0.512141612169739 
1901	 0.510413705039421 
1902	 0.508743611513204 
1903	 0.507170225567829 
1904	 0.505686985610671 
1905	 0.504292747128842 
1906	 0.502984760394834 
1907	 0.501768590159167 
1908	 0.500618248496755 
1909	 0.499554248234733 
1910	 0.498554138683391 
1911	 0.497626483531348 
1912	 0.496768453818198 
1913	 0.49598251504466 
1914	 0.495266418015871 
1915	 0.494629229812831 
1916	 0.494053415795502 
1917	 0.493533518272937 
1918	 0.493088102951536 
1919	 0.492684291815681 
1920	 0.49233466857059 
1921	 0.492038219307145 
1922	 0.491798966084196 
1923	 0.4916062985024 
1924	 0.491498319934046 
1925	 0.491382637578686 
1926	 0.491288655539206 
1927	 0.491244639347094 
1928	 0.491213563425591 
1929	 0.491198339668954 
1930	 0.491204197303054 
1931	 0.4912332832456 
1932	 0.491299504169655 
1933	 0.491390281139202 
1934	 0.491499092203886 
1935	 0.491650679135947 
1936	 0.491813459715348 
1937	 0.491960652861994 
1938	 0.492166962909303 
1939	 0.492426459900592 
1940	 0.492705544700921 
1941	 0.492998681987149 
1942	 0.493329035469452 
1943	 0.493666099115643 
1944	 0.494017202152392 
1945	 0.494377932068231 
1946	 0.494771849334893 
1947	 0.495154216815728 
1948	 0.495538637690806 
1949	 0.495921116555736 
1950	 0.496315479043115 
1951	 0.496694152224275 
1952	 0.49706465373361 
1953	 0.497434369359506 
1954	 0.497782315934758 
1955	 0.498122838322782 
1956	 0.4984359980134 
1957	 0.49871065035304 
1958	 0.499005352887017 
1959	 0.49927944935709 
1960	 0.499569916105394 
1961	 0.499870963167079 
1962	 0.500180810379925 
1963	 0.500497381909814 
1964	 0.500810491385433 
1965	 0.501151659660431 
1966	 0.501505528751332 
1967	 0.501882116617892 
1968	 0.502265193597088 
1969	 0.502692092748454 
1970	 0.503168060848039 
1971	 0.50363307580494 
1972	 0.504142656546256 
1973	 0.504626880481258 
1974	 0.505096071496894 
1975	 0.505567493584035 
1976	 0.506036989763965 
1977	 0.506499955231308 
1978	 0.506971764534586 
1979	 0.507455516871086 
1980	 0.507918598453913 
1981	 0.50837810058534 
1982	 0.508832137637578 
1983	 0.5092773046568 
1984	 0.509710739731162 
1985	 0.510139059082835 
1986	 0.510560843758773 
1987	 0.510973100213462 
1988	 0.511363174551654 
1989	 0.511770865404895 
1990	 0.512190313831059 
1991	 0.512583781194376 
1992	 0.512970721577938 
1993	 0.513352051014884 
1994	 0.513733606515527 
1995	 0.514080103602701 
1996	 0.514415511255806 
1997	 0.514730299798038 
1998	 0.515024234730493 
1999	 0.515283398249423 
2000	 0.515531374357341 
2001	 0.515753341723402 
2002	 0.515907524946915 
2003	 0.516011185049584 
2004	 0.516068809970312 
2005	 0.516075250532371 
2006	 0.516036567877379 
2007	 0.515939170985937 
2008	 0.515815827925299 
2009	 0.515639992276954 
2010	 0.51544551703791 
2011	 0.515240910372909 
2012	 0.514974679297182 
2013	 0.514656732238136 
2014	 0.514303036080794 
2015	 0.51393694740286 
2016	 0.513517597913821 
2017	 0.51310260495185 
2018	 0.512687716169446 
2019	 0.512240411308574 
2020	 0.511758004762455 
2021	 0.511272291279038 
2022	 0.510775160569676 
2023	 0.510256536865643 
2024	 0.509728971887032 
2025	 0.509171150211882 
2026	 0.508579957631871 
2027	 0.507988176645624 
2028	 0.507362792097102 
2029	 0.506714586768191 
2030	 0.506033045942466 
2031	 0.505320894219206 
2032	 0.504592033536724 
2033	 0.503832420619577 
2034	 0.503055035936321 
2035	 0.502253991631302 
2036	 0.501441773351965 
2037	 0.500605840971143 
2038	 0.499756855649621 
2039	 0.498890723697842 
2040	 0.498024964504612 
2041	 0.497118560740531 
2042	 0.49619652252248 
2043	 0.495297759031064 
2044	 0.494398451724638 
2045	 0.493497345970261 
2046	 0.49262362950097 
2047	 0.491706158155547 
2048	 0.49074991822745 
2049	 0.489813444483108 
2050	 0.488849144485959 
2051	 0.487922860693674 
2052	 0.487041264631534 
2053	 0.486130133751408 
2054	 0.485214568889329 
2055	 0.484304936019866 
2056	 0.483396880397312 
2057	 0.482460962126154 
2058	 0.481571000589673 
2059	 0.480714420426057 
2060	 0.479853249752814 
2061	 0.479006866382587 
2062	 0.478158193774526 
2063	 0.477310659241194 
2064	 0.476472220016141 
2065	 0.475602144511493 
2066	 0.474810537487276 
2067	 0.474083243650248 
2068	 0.473331340781591 
2069	 0.472608956582981 
2070	 0.471916537361874 
2071	 0.471261493253224 
2072	 0.470598630726114 
2073	 0.470014896771625 
2074	 0.469504490772742 
2075	 0.469009727503198 
2076	 0.46853794243575 
2077	 0.468119130472658 
2078	 0.467773010637157 
2079	 0.467421103620944 
2080	 0.467099551535827 
2081	 0.466794467413998 
2082	 0.466512893335194 
2083	 0.466226509112659 
2084	 0.46597598217042 
2085	 0.465751880085833 
2086	 0.465522207137729 
2087	 0.465306852108246 
2088	 0.465074699822658 
2089	 0.464842747826461 
2090	 0.464601629754696 
2091	 0.464340530463223 
2092	 0.464101332294 
2093	 0.463878954467809 
2094	 0.463635592547298 
2095	 0.463380918468284 
2096	 0.463146385532367 
2097	 0.46288110335751 
2098	 0.462663490297482 
2099	 0.462487896021398 
2100	 0.462311114386733 
2101	 0.462167533314042 
2102	 0.462051863620488 
2103	 0.46196873917649 
2104	 0.461923618266455 
2105	 0.461887298758486 
2106	 0.461879561627228 
2107	 0.461892021998124 
2108	 0.461930285867622 
2109	 0.461966890009721 
2110	 0.462046586415467 
2111	 0.462085291768321 
2112	 0.46209933151452 
2113	 0.462129109431305 
2114	 0.462131099261277 
2115	 0.462173501802388 
2116	 0.462252640276423 
2117	 0.462315173800143 
2118	 0.46237336813638 
2119	 0.462407158170901 
2120	 0.462431908838413 
2121	 0.462428903422022 
2122	 0.46242548744804 
2123	 0.462436882367819 
2124	 0.462395012510388 
2125	 0.46233048709298 
2126	 0.462228980941932 
2127	 0.462129350591212 
2128	 0.461922078036148 
2129	 0.46167942833102 
2130	 0.461329291326923 
2131	 0.460848459143693 
2132	 0.460344806628829 
2133	 0.459741548030728 
2134	 0.459123166609965 
2135	 0.458490636735682 
2136	 0.457848628485929 
2137	 0.457220913599861 
2138	 0.456647448571824 
2139	 0.456201321740036 
2140	 0.455779493260432 
2141	 0.455560168650708 
2142	 0.455510345760198 
2143	 0.45553290761027 
2144	 0.45571070237236 
2145	 0.455951044824509 
2146	 0.456331187653811 
2147	 0.456704301223053 
2148	 0.457246788156365 
2149	 0.457643774686712 
2150	 0.45802541127296 
2151	 0.458342741613508 
2152	 0.458499674169099 
2153	 0.458636349937851 
2154	 0.458650738067047 
2155	 0.458602720834432 
2156	 0.458498775291646 
2157	 0.458299871233133 
2158	 0.458121179225075 
2159	 0.457857781670963 
2160	 0.457675999655759 
2161	 0.457462419269788 
2162	 0.457372447732881 
2163	 0.457311088503161 
2164	 0.457383740275927 
2165	 0.457573546951727 
2166	 0.457837005129004 
2167	 0.458207674263808 
2168	 0.458645396093071 
2169	 0.459188111746707 
2170	 0.459774074475737 
2171	 0.460466991901774 
2172	 0.461167471157022 
2173	 0.461926908999591 
2174	 0.462636195953728 
2175	 0.463285121991499 
2176	 0.463977772643803 
2177	 0.464529718845362 
2178	 0.465023312437894 
2179	 0.465410350541614 
2180	 0.465687502501644 
2181	 0.465901049084489 
2182	 0.465967763334175 
2183	 0.466101121988708 
2184	 0.466141514805177 
2185	 0.466286450533212 
2186	 0.466456670227797 
2187	 0.466694095840431 
2188	 0.466989929524451 
2189	 0.467329975063177 
2190	 0.467747036981715 
2191	 0.468185991313368 
2192	 0.468696522634177 
2193	 0.469215027506883 
2194	 0.469667915047127 
2195	 0.470136796759931 
2196	 0.470554083703462 
2197	 0.470909995681328 
2198	 0.471203658491642 
2199	 0.471490588337479 
2200	 0.471655204796402 
2201	 0.471667501202854 
2202	 0.471738761984224 
2203	 0.47173661534838 
2204	 0.471785514572331 
2205	 0.471832008903104 
2206	 0.471926899112798 
2207	 0.472018108300846 
2208	 0.472188716729776 
2209	 0.472388180036668 
2210	 0.47268506249166 
2211	 0.473087611675401 
2212	 0.473519215618297 
2213	 0.474074836286218 
2214	 0.474581727466495 
2215	 0.475140016238075 
2216	 0.475624059547371 
2217	 0.476055824197425 
2218	 0.476497380813938 
2219	 0.476839551748857 
2220	 0.47712512794529 
2221	 0.477292898538219 
2222	 0.477389401447353 
2223	 0.477349410976557 
2224	 0.477162649572143 
2225	 0.476938654361779 
2226	 0.476621917564062 
2227	 0.476212662711718 
2228	 0.475786162958032 
2229	 0.475133136552668 
2230	 0.474315413140927 
2231	 0.473385527962015 
2232	 0.472284918250203 
2233	 0.471064096636545 
2234	 0.469721867184453 
2235	 0.468246760581447 
2236	 0.466607613157577 
2237	 0.464862739509023 
2238	 0.462968293074445 
2239	 0.46099715215025 
2240	 0.458838630689077 
2241	 0.456696646293949 
2242	 0.454500443258521 
2243	 0.452240241543393 
2244	 0.449985538999072 
2245	 0.447736130020262 
2246	 0.44559370533806 
2247	 0.44350175125271 
2248	 0.441492235543069 
2249	 0.439572707337973 
2250	 0.437763135118948 
2251	 0.436020409571847 
2252	 0.434383333601155 
2253	 0.432896198462259 
2254	 0.431451093985372 
2255	 0.430084949494364 
2256	 0.428764816773044 
2257	 0.427561893827174 
2258	 0.42634551839815 
2259	 0.425130300291132 
2260	 0.424003370579927 
2261	 0.422919862386277 
2262	 0.421912937233278 
2263	 0.421024587204404 
2264	 0.420130575729998 
2265	 0.419278895868965 
2266	 0.41845636570397 
2267	 0.417617224917851 
2268	 0.416875994779299 
2269	 0.416221799825307 
2270	 0.415601090295594 
2271	 0.415055481954584 
2272	 0.414546225176553 
2273	 0.414091424736872 
2274	 0.413654810138374 
2275	 0.413272247164165 
2276	 0.412886078397465 
2277	 0.412469334969145 
2278	 0.412056460555162 
2279	 0.411672999396144 
2280	 0.411310832169718 
2281	 0.410911548322435 
2282	 0.410576686822076 
2283	 0.410070658709681 
2284	 0.40944633015138 
2285	 0.408851297322195 
2286	 0.408181914055529 
2287	 0.407511494471702 
2288	 0.406832260038684 
2289	 0.406160359709225 
2290	 0.405418452255124 
2291	 0.40474565019657 
2292	 0.404072080189596 
2293	 0.403508820653784 
2294	 0.402969716655408 
2295	 0.402555463394513 
2296	 0.402268962048723 
2297	 0.402046992195438 
2298	 0.401868939167509 
2299	 0.401863796767674 
2300	 0.402013104854163 
2301	 0.402240532627786 
2302	 0.402683801938649 
2303	 0.403094833943992 
2304	 0.403575454308529 
2305	 0.4040659757887 
2306	 0.40468331436944 
2307	 0.405144367104336 
2308	 0.405666826181685 
2309	 0.405953044776817 
2310	 0.406065490743145 
2311	 0.406011091247727 
2312	 0.405772020731954 
2313	 0.405357522772238 
2314	 0.404673432161154 
2315	 0.403933219437224 
2316	 0.403162803164127 
2317	 0.402248712252583 
2318	 0.401341388939939 
2319	 0.400401430306743 
2320	 0.399504065546733 
2321	 0.398515103424494 
2322	 0.397663265786956 
2323	 0.396905693530849 
2324	 0.396155850209966 
2325	 0.395408597222206 
2326	 0.39476621627762 
2327	 0.39422286614623 
2328	 0.393657322805842 
2329	 0.393177157448068 
2330	 0.392619085499698 
2331	 0.391993219285585 
2332	 0.391466234071182 
2333	 0.390999857290627 
2334	 0.39044885579791 
2335	 0.389898885432119 
2336	 0.389374388376634 
2337	 0.388688901799392 
2338	 0.3882711847077 
2339	 0.388099822167284 
2340	 0.387796484849881 
2341	 0.387492882151377 
2342	 0.387330560834011 
2343	 0.387158641332717 
2344	 0.387095558090678 
2345	 0.38726603439224 
2346	 0.387372360701239 
2347	 0.387443500763633 
2348	 0.387608334951962 
2349	 0.387943311131147 
2350	 0.388122975178376 
2351	 0.388232161785543 
2352	 0.388402635102211 
2353	 0.388478034552222 
2354	 0.388654394944749 
2355	 0.388927749061531 
2356	 0.389223995789278 
2357	 0.38954020269328 
2358	 0.389908830724007 
2359	 0.390324182936993 
2360	 0.390819638867442 
2361	 0.39139554919777 
2362	 0.391998166470061 
2363	 0.392737124255054 
2364	 0.393416806935339 
2365	 0.394074910142094 
2366	 0.394745531267922 
2367	 0.395435129082963 
2368	 0.396073418399995 
2369	 0.396719569265101 
2370	 0.397316254614723 
2371	 0.397909135300868 
2372	 0.398375631434968 
2373	 0.398636540045119 
2374	 0.399047123996337 
2375	 0.399342506197237 
2376	 0.399808393619196 
2377	 0.400514008296682 
2378	 0.401192632263592 
2379	 0.402050161588821 
2380	 0.40273961515202 
2381	 0.403330528860673 
2382	 0.403902851384398 
2383	 0.404164228860907 
2384	 0.404445297705032 
2385	 0.404859364839389 
2386	 0.405289970544796 
2387	 0.405586804341922 
2388	 0.40595301000354 
2389	 0.406181265192328 
2390	 0.406223741296858 
2391	 0.406291402072825 
2392	 0.406311950806461 
2393	 0.406452949582008 
2394	 0.406592640827799 
2395	 0.406831407194057 
2396	 0.407181360498231 
2397	 0.407401009676902 
2398	 0.407356681910688 
2399	 0.407207447591314 
2400	 0.407085602011955 
2401	 0.407032779122548 
2402	 0.407080000163877 
2403	 0.406857887928195 
2404	 0.406613320544749 
2405	 0.406226605421313 
2406	 0.405613795999001 
2407	 0.405345137631251 
2408	 0.405313513901143 
2409	 0.405254728654815 
2410	 0.405065542018299 
2411	 0.404847794593862 
2412	 0.404583880609746 
2413	 0.404365907976404 
2414	 0.404281857199811 
2415	 0.404173787764505 
2416	 0.403751465183743 
2417	 0.402954629349278 
2418	 0.402067882135672 
2419	 0.401256787000007 
2420	 0.400739802454145 
2421	 0.400459366365098 
2422	 0.400123739145789 
2423	 0.399411871375674 
2424	 0.398453142773051 
2425	 0.397593633250547 
2426	 0.396862871633096 
2427	 0.396096274986389 
2428	 0.395315005982054 
2429	 0.394692746460864 
2430	 0.393665803066466 
2431	 0.392557316608788 
2432	 0.392141202666189 
2433	 0.391340556276877 
2434	 0.390006034789007 
2435	 0.388926454421124 
2436	 0.387582579862985 
2437	 0.386242904183578 
2438	 0.385405570861936 
2439	 0.384778008915588 
2440	 0.384006521645441 
2441	 0.38295679994293 
2442	 0.381789768828783 
2443	 0.380228852083064 
2444	 0.378814406812168 
2445	 0.37772774394014 
2446	 0.376407935631518 
2447	 0.375231405466343 
2448	 0.373924513661737 
2449	 0.372480677886144 
2450	 0.371066524928904 
2451	 0.369236892744583 
2452	 0.367635572868166 
2453	 0.365952218006909 
2454	 0.363650322557786 
2455	 0.36191342060145 
2456	 0.360465618603909 
2457	 0.359158889273054 
2458	 0.357890009681741 
2459	 0.356999686584542 
2460	 0.355661973325987 
2461	 0.353988775409022 
2462	 0.352606432085438 
2463	 0.350890298554135 
2464	 0.349543119622731 
2465	 0.34830030082997 
2466	 0.347420732039 
2467	 0.347510017929582 
2468	 0.347145469162073 
2469	 0.346906203024025 
2470	 0.346667460066268 
2471	 0.345892999481225 
2472	 0.345271101069394 
2473	 0.345175336972267 
2474	 0.344760927530586 
2475	 0.343777161541477 
2476	 0.343316630222587 
2477	 0.343202457443445 
2478	 0.342839263292812 
2479	 0.342559043958804 
2480	 0.342372879808455 
2481	 0.341772983851097 
2482	 0.341995890747725 
2483	 0.343016946995082 
2484	 0.343432102189429 
2485	 0.344447357371848 
2486	 0.345773371436904 
2487	 0.346133469899256 
2488	 0.348419435669205 
2489	 0.353357606793327 
2490	 0.352503799573568 
2491	 0.353854541047918 
2492	 0.352701819546706 
2493	 0.350059869008248 
2494	 0.350440768492126 
2495	 0.350284056608471 
2496	 0.349603311165241 
2497	 0.350367984835869 
2498	 0.35189043333895 
2499	 0.351200238760397 
2500	 0.351157978802572 
