Wavelength	C:\Documents and Settings\All Users\Application Data\ASD\Indico Pro\Projects\McBeth_080818\#8.txt
350	 0.117874310196969 
351	 0.121055780603869 
352	 0.113881728571612 
353	 0.111491141230538 
354	 0.114972070869459 
355	 0.107261332581113 
356	 0.102843399464298 
357	 0.104825828650885 
358	 0.109526437979304 
359	 0.102790971059448 
360	 9.96759866373975E-02 
361	 0.101518264112601 
362	 0.103633432685838 
363	 0.102281618793528 
364	 0.102520808929926 
365	 0.104206878367891 
366	 0.102027417953942 
367	 0.10551263078152 
368	 0.107287296956355 
369	 0.103937278567549 
370	 0.1083278734905 
371	 0.107194612364837 
372	 0.104790055023872 
373	 0.108941973516297 
374	 0.10899628666174 
375	 0.111789831999998 
376	 0.11625127821094 
377	 0.114258737628191 
378	 0.115805658746228 
379	 0.11792419338295 
380	 0.118537075663822 
381	 0.122378915435578 
382	 0.125461932990615 
383	 0.128006922615901 
384	 0.131314619199706 
385	 0.13487022334444 
386	 0.137472862634933 
387	 0.139735981772936 
388	 0.143730040856523 
389	 0.148802756957215 
390	 0.153304888547442 
391	 0.156820342354344 
392	 0.16180680673804 
393	 0.165762597667929 
394	 0.169515035034091 
395	 0.174376048975711 
396	 0.17869638887855 
397	 0.182467655454528 
398	 0.186363640562288 
399	 0.191398983566563 
400	 0.19516535036741 
401	 0.198700625180121 
402	 0.202964105468596 
403	 0.20753325272231 
404	 0.212501687270672 
405	 0.216908600870728 
406	 0.220112448496229 
407	 0.224920228757521 
408	 0.230090422518034 
409	 0.235485322305261 
410	 0.242069848344373 
411	 0.247860842832897 
412	 0.253948180875322 
413	 0.261033706188213 
414	 0.267808968650936 
415	 0.274358926587904 
416	 0.281215716807355 
417	 0.288772601173833 
418	 0.295582602004729 
419	 0.301791130466286 
420	 0.307802096813738 
421	 0.314121258150369 
422	 0.319880399333348 
423	 0.324779026622968 
424	 0.3289907109016 
425	 0.333499460229859 
426	 0.337638674287245 
427	 0.341451935777686 
428	 0.345210491484246 
429	 0.348362601591983 
430	 0.351419147725983 
431	 0.354462871756926 
432	 0.356900379442455 
433	 0.359878353821187 
434	 0.362833918146074 
435	 0.365168592010304 
436	 0.367686510120514 
437	 0.369862860653706 
438	 0.371935284973798 
439	 0.374487469005975 
440	 0.376111963103494 
441	 0.377484632746624 
442	 0.379104587043912 
443	 0.380678994881573 
444	 0.382040716210905 
445	 0.383051929046751 
446	 0.383704945504598 
447	 0.384440704032437 
448	 0.385109711371123 
449	 0.385525270554006 
450	 0.385524387695061 
451	 0.385715289121175 
452	 0.385792547668584 
453	 0.385473369197462 
454	 0.384981234760333 
455	 0.384327889907505 
456	 0.38355592191024 
457	 0.382706545171436 
458	 0.38174960154099 
459	 0.380787925584779 
460	 0.379745303621195 
461	 0.378301353221705 
462	 0.376756987502536 
463	 0.375186463054991 
464	 0.373509202804943 
465	 0.371258956801316 
466	 0.369152091066139 
467	 0.367135980631515 
468	 0.364623196432511 
469	 0.361990956452276 
470	 0.35920578604256 
471	 0.356228813188725 
472	 0.353148579687594 
473	 0.349898741559904 
474	 0.346423685039879 
475	 0.342671551729688 
476	 0.338640623154505 
477	 0.33447398023056 
478	 0.33028670284856 
479	 0.326141745047624 
480	 0.321278031184196 
481	 0.316201824242184 
482	 0.311359575271983 
483	 0.306106357597087 
484	 0.300752954004127 
485	 0.295403712929555 
486	 0.290020578513712 
487	 0.284451299730833 
488	 0.278808964386305 
489	 0.273213844835265 
490	 0.267709242376771 
491	 0.262158065379557 
492	 0.256584910081628 
493	 0.251075361577386 
494	 0.245800912675004 
495	 0.240565740143292 
496	 0.235332263271219 
497	 0.23026611412295 
498	 0.225434327786124 
499	 0.220744833913344 
500	 0.216095607933635 
501	 0.211414197205507 
502	 0.206978839199099 
503	 0.202747319260476 
504	 0.198516654775066 
505	 0.194479451788007 
506	 0.190467609838131 
507	 0.186437330810739 
508	 0.182640431677191 
509	 0.178810144901843 
510	 0.175029316146203 
511	 0.171415955868398 
512	 0.167670457214152 
513	 0.164101812413752 
514	 0.160691990554121 
515	 0.157097426200963 
516	 0.153740710549728 
517	 0.150483407446545 
518	 0.147213280711422 
519	 0.144233881058033 
520	 0.141226147979237 
521	 0.138296053608603 
522	 0.13572323750956 
523	 0.133063778124433 
524	 0.130533817397168 
525	 0.128264013524423 
526	 0.126107768256466 
527	 0.124064253352847 
528	 0.122133233218198 
529	 0.120330698251571 
530	 0.11872482212529 
531	 0.117198691006504 
532	 0.115732841394896 
533	 0.114414483136639 
534	 0.113030617084546 
535	 0.111782178585721 
536	 0.11079772249268 
537	 0.109739363657893 
538	 0.108727985782623 
539	 0.107775038574973 
540	 0.106835534199277 
541	 0.105972889535254 
542	 0.105205593972549 
543	 0.104502007849753 
544	 0.103742530667659 
545	 0.1031106457197 
546	 0.102507162906396 
547	 0.101783405697441 
548	 0.101119491161027 
549	 0.10047144156227 
550	 0.099792365791072 
551	 9.90483552242142E-02 
552	 9.83560357641972E-02 
553	 0.097719918955534 
554	 0.097093345750588 
555	 9.63584137698142E-02 
556	 9.56946181518618E-02 
557	 9.51101802749206E-02 
558	 9.44927966732208E-02 
559	 0.093848171800149 
560	 9.32768732714214E-02 
561	 9.28096314967653E-02 
562	 9.22961835265658E-02 
563	 9.18345160016241E-02 
564	 9.14324399298259E-02 
565	 9.10674823512592E-02 
566	 9.07645097007471E-02 
567	 9.04725878253264E-02 
568	 9.02092742188521E-02 
569	 0.090090687269497 
570	 8.98990164830046E-02 
571	 8.96970741652321E-02 
572	 8.95897450465159E-02 
573	 8.95180226359111E-02 
574	 0.089470437127715 
575	 8.94151459911356E-02 
576	 8.93169290883742E-02 
577	 0.089355275660829 
578	 8.94029589749892E-02 
579	 8.93869512129272E-02 
580	 8.94987737817327E-02 
581	 8.95842953153934E-02 
582	 8.96465321648073E-02 
583	 8.97519192046263E-02 
584	 8.98662902627332E-02 
585	 9.00153276362538E-02 
586	 9.02101657194668E-02 
587	 9.04366747276104E-02 
588	 9.06366579933405E-02 
589	 9.07880923238054E-02 
590	 9.09100451656874E-02 
591	 9.11361109547936E-02 
592	 9.13010653549702E-02 
593	 9.14077142987945E-02 
594	 9.16097265790143E-02 
595	 0.091750565704559 
596	 9.18829101674201E-02 
597	 9.20424507986449E-02 
598	 9.21020525133542E-02 
599	 9.22070096115168E-02 
600	 9.23345183668075E-02 
601	 9.23853777224473E-02 
602	 0.092439616036015 
603	 0.09250701506338 
604	 9.25814199021657E-02 
605	 0.092643691573577 
606	 9.27049068111107E-02 
607	 9.27590537987733E-02 
608	 9.27900768223074E-02 
609	 9.27574281395145E-02 
610	 0.092726436641379 
611	 9.27389407860536E-02 
612	 9.28027880938172E-02 
613	 9.27899481380856E-02 
614	 9.27576225752328E-02 
615	 9.27696226489775E-02 
616	 9.27873410858842E-02 
617	 9.27835479023625E-02 
618	 9.27705230125444E-02 
619	 9.27892434867625E-02 
620	 9.28993573490141E-02 
621	 9.30174403450413E-02 
622	 9.31052829009648E-02 
623	 9.32318148945335E-02 
624	 9.34387967108826E-02 
625	 9.36835255813671E-02 
626	 9.39212115801269E-02 
627	 9.42710759337367E-02 
628	 9.46826465374621E-02 
629	 9.51179779653088E-02 
630	 9.55646644207163E-02 
631	 9.61478843079632E-02 
632	 9.68036506072385E-02 
633	 9.74592642423166E-02 
634	 9.81535925211698E-02 
635	 9.88765999474129E-02 
636	 9.96668729209157E-02 
637	 0.100580485446585 
638	 0.10154054248378 
639	 0.102512443391764 
640	 0.103507124476818 
641	 0.104602010416698 
642	 0.105723503630231 
643	 0.106890395888832 
644	 0.108136440245101 
645	 0.109396832313315 
646	 0.110728735410811 
647	 0.112154572984923 
648	 0.113654337340492 
649	 0.115191944487096 
650	 0.116768309968306 
651	 0.118397340133216 
652	 0.120106882535803 
653	 0.121852462673511 
654	 0.123657919932188 
655	 0.125571372346663 
656	 0.127475252324611 
657	 0.129449714354448 
658	 0.131523332358099 
659	 0.133601171104905 
660	 0.135747071986504 
661	 0.137971921908454 
662	 0.140270083122558 
663	 0.142648781407699 
664	 0.145072804024008 
665	 0.147551880662408 
666	 0.150131727120139 
667	 0.152752150325654 
668	 0.155457438067734 
669	 0.15828123129293 
670	 0.161180655120594 
671	 0.164213348676061 
672	 0.16732581911745 
673	 0.170439209141774 
674	 0.173642481357545 
675	 0.176960585830718 
676	 0.180399528508708 
677	 0.183931431140448 
678	 0.187561004841183 
679	 0.191287208891347 
680	 0.195101212203232 
681	 0.198958790587629 
682	 0.202964545040464 
683	 0.207087090351908 
684	 0.211221522899383 
685	 0.215535310515302 
686	 0.219938863471874 
687	 0.224382098965018 
688	 0.22895699071191 
689	 0.233568872711817 
690	 0.238233536669719 
691	 0.242995491186345 
692	 0.247874666118517 
693	 0.252792940704837 
694	 0.257738887642443 
695	 0.262790680400281 
696	 0.267846778645911 
697	 0.272918916403695 
698	 0.278049463123538 
699	 0.283263019796071 
700	 0.288436681965131 
701	 0.293622819878136 
702	 0.298933073041574 
703	 0.304153057838039 
704	 0.309332071372798 
705	 0.31452788930826 
706	 0.319767549613677 
707	 0.324912904124202 
708	 0.330010640961085 
709	 0.335111596644257 
710	 0.340103261362007 
711	 0.345048802528249 
712	 0.349938466519274 
713	 0.354722377033721 
714	 0.35945156714855 
715	 0.36412117233675 
716	 0.368711050468856 
717	 0.373199382874988 
718	 0.377639192003108 
719	 0.382002553973808 
720	 0.386245257302786 
721	 0.390385462509521 
722	 0.394438304260496 
723	 0.398441174154997 
724	 0.402424235985535 
725	 0.406275656782811 
726	 0.410029747980443 
727	 0.41371967461695 
728	 0.417345867697398 
729	 0.420979926136025 
730	 0.424526747221544 
731	 0.427893885856574 
732	 0.431291692562242 
733	 0.434663465834414 
734	 0.437970314773981 
735	 0.441194857859691 
736	 0.444375567622773 
737	 0.447505810283907 
738	 0.450556501830192 
739	 0.453458600764075 
740	 0.456367401734112 
741	 0.459254084410629 
742	 0.46203312648779 
743	 0.464763006515495 
744	 0.467408167227561 
745	 0.469968461735705 
746	 0.472482131359473 
747	 0.474935995410003 
748	 0.477308064850912 
749	 0.479578974018859 
750	 0.481739124977441 
751	 0.483839336469147 
752	 0.485856972044202 
753	 0.487764322855547 
754	 0.489699841039622 
755	 0.491524402595007 
756	 0.493210691621123 
757	 0.494860882950345 
758	 0.496451791293363 
759	 0.497923825046339 
760	 0.499268356641926 
761	 0.500620911878882 
762	 0.501953726753244 
763	 0.503194777583974 
764	 0.504291249980526 
765	 0.505406619794401 
766	 0.506482256200689 
767	 0.507449885067143 
768	 0.508259112923622 
769	 0.509122680379215 
770	 0.509991104914366 
771	 0.510787679501987 
772	 0.51148387047984 
773	 0.512197264837802 
774	 0.512881606662753 
775	 0.513458879286875 
776	 0.513986415409138 
777	 0.514568086626696 
778	 0.515170451045985 
779	 0.515658473737762 
780	 0.516125322687715 
781	 0.516626304712504 
782	 0.517151518312533 
783	 0.517588550111523 
784	 0.518031613333051 
785	 0.518505289920752 
786	 0.518998015808954 
787	 0.519442033364668 
788	 0.519912402704025 
789	 0.520419686016531 
790	 0.520927047890256 
791	 0.521395475266197 
792	 0.521880387633635 
793	 0.522405632903329 
794	 0.52293991144347 
795	 0.523511895325004 
796	 0.524093773027939 
797	 0.524674792341333 
798	 0.525341753365925 
799	 0.525902096022703 
800	 0.526439682525253 
801	 0.527114792983924 
802	 0.527767220251543 
803	 0.528400848687208 
804	 0.529022409445523 
805	 0.529635767462161 
806	 0.530259175876428 
807	 0.530907636145046 
808	 0.531579351389664 
809	 0.532242935135278 
810	 0.532882075733867 
811	 0.533521145719132 
812	 0.534177481942758 
813	 0.534796149846203 
814	 0.535442943177731 
815	 0.536091793537403 
816	 0.536677228786798 
817	 0.537249985095142 
818	 0.537806303483684 
819	 0.538371456422466 
820	 0.538996276825894 
821	 0.539570714311786 
822	 0.540114803689865 
823	 0.540674238113906 
824	 0.541299481730479 
825	 0.5418516725564 
826	 0.542346582480459 
827	 0.542860885552022 
828	 0.54348686125356 
829	 0.544083979389942 
830	 0.544591917643664 
831	 0.545029618230499 
832	 0.545557050128832 
833	 0.546130012287798 
834	 0.546673802399315 
835	 0.547118773388255 
836	 0.547645328872919 
837	 0.548178714819197 
838	 0.548656310711893 
839	 0.549131278760988 
840	 0.549610143593672 
841	 0.550110164716376 
842	 0.550640184953164 
843	 0.55119021836099 
844	 0.551648739939591 
845	 0.552075521759804 
846	 0.552588695901342 
847	 0.553091910702204 
848	 0.55354304312973 
849	 0.553966809717917 
850	 0.554438306139699 
851	 0.554958410674844 
852	 0.555443659387478 
853	 0.555874064226285 
854	 0.556336762884582 
855	 0.556743682846736 
856	 0.557171210467054 
857	 0.557668234169389 
858	 0.558127234173709 
859	 0.558562030897767 
860	 0.559005714400258 
861	 0.559487535234048 
862	 0.559990025697827 
863	 0.560468213783297 
864	 0.560896117905112 
865	 0.561285933640116 
866	 0.561779425297488 
867	 0.562271490390713 
868	 0.562711059455713 
869	 0.563118857123824 
870	 0.56353771272071 
871	 0.564002277358789 
872	 0.564491532851752 
873	 0.564920355838752 
874	 0.565352265385233 
875	 0.56581700881756 
876	 0.566311299139107 
877	 0.566782513469144 
878	 0.56722273543354 
879	 0.567664945826228 
880	 0.568133336102952 
881	 0.568569793834042 
882	 0.569118269136102 
883	 0.569672589342189 
884	 0.570077992457026 
885	 0.570475752531706 
886	 0.570937529706414 
887	 0.571450363007597 
888	 0.571943654375502 
889	 0.572365414052176 
890	 0.572809254597216 
891	 0.57332305657241 
892	 0.573887156390897 
893	 0.574375903911896 
894	 0.574804953317302 
895	 0.575205777923727 
896	 0.575602832092384 
897	 0.57608732887061 
898	 0.576615237126423 
899	 0.577116244030757 
900	 0.577532048772327 
901	 0.57797964031546 
902	 0.578459303284241 
903	 0.578919964956374 
904	 0.579262662010783 
905	 0.579642939543507 
906	 0.580143572305436 
907	 0.580730330331387 
908	 0.58111194850081 
909	 0.581494688980337 
910	 0.581951473334994 
911	 0.582471617271248 
912	 0.582943020884616 
913	 0.583468799512828 
914	 0.583978658362522 
915	 0.584378188922331 
916	 0.58491747951914 
917	 0.585367694090159 
918	 0.585797904066735 
919	 0.586409069920025 
920	 0.586919814374505 
921	 0.587387749613065 
922	 0.587853927971794 
923	 0.588338733466484 
924	 0.588970604749422 
925	 0.589456519308385 
926	 0.589836287708008 
927	 0.590443253685195 
928	 0.590980282896325 
929	 0.591492571958812 
930	 0.592030422716731 
931	 0.592597339437668 
932	 0.593170512998734 
933	 0.593617598484462 
934	 0.593978718286135 
935	 0.594506477623345 
936	 0.595181799662375 
937	 0.59565264385449 
938	 0.595922175408882 
939	 0.59652382783053 
940	 0.597102655226648 
941	 0.597602114464633 
942	 0.598042703641427 
943	 0.59847958246185 
944	 0.598935086682881 
945	 0.599440587276522 
946	 0.600021767028059 
947	 0.600683576064702 
948	 0.601000226263797 
949	 0.601320122372358 
950	 0.601867099409028 
951	 0.60232724475125 
952	 0.602715433506088 
953	 0.603167222191261 
954	 0.603705819299944 
955	 0.604096917294795 
956	 0.604575850673662 
957	 0.605031842421146 
958	 0.605403763185376 
959	 0.605870234760361 
960	 0.606298579358326 
961	 0.606733865843882 
962	 0.607177326298599 
963	 0.607483255746811 
964	 0.60795297653266 
965	 0.608432114836794 
966	 0.608775617337337 
967	 0.609065533044389 
968	 0.609492199412088 
969	 0.609856202952772 
970	 0.610069889377196 
971	 0.610386857147316 
972	 0.610796871789747 
973	 0.611250229217308 
974	 0.611664140825231 
975	 0.611950542634644 
976	 0.612357258213619 
977	 0.612746052393826 
978	 0.613079533293816 
979	 0.613553020165797 
980	 0.613825789067698 
981	 0.614119734655534 
982	 0.614526856015523 
983	 0.614851049721264 
984	 0.615163055596561 
985	 0.615622510993537 
986	 0.61612906290941 
987	 0.616356054681129 
988	 0.616855828387545 
989	 0.617317591677648 
990	 0.61757486882804 
991	 0.617766401045866 
992	 0.61828440742788 
993	 0.618608316920402 
994	 0.618879807988734 
995	 0.619611868941567 
996	 0.619578802914719 
997	 0.619899258967319 
998	 0.620577837079118 
999	 0.620884696162606 
1000	 0.621059068967017 
1001	 0.621031418453627 
1002	 0.621371952889352 
1003	 0.621743045185118 
1004	 0.622130375928406 
1005	 0.62253292055387 
1006	 0.622928296376802 
1007	 0.623310587551731 
1008	 0.623660118528302 
1009	 0.624040116173862 
1010	 0.624464585006573 
1011	 0.624800716305823 
1012	 0.625135190690808 
1013	 0.625513539652464 
1014	 0.625858198022919 
1015	 0.626228642884294 
1016	 0.6265925155778 
1017	 0.626968189679716 
1018	 0.627323913861593 
1019	 0.627683172394316 
1020	 0.628036015973784 
1021	 0.628387100449272 
1022	 0.628718909937275 
1023	 0.629053204031092 
1024	 0.629391732590299 
1025	 0.629756476019698 
1026	 0.630153124994664 
1027	 0.630513054750417 
1028	 0.630867564657269 
1029	 0.631237326238716 
1030	 0.631602735400488 
1031	 0.631964974496978 
1032	 0.632328830736007 
1033	 0.632706290113533 
1034	 0.633051038543338 
1035	 0.63338866926975 
1036	 0.633726467088829 
1037	 0.634029456736371 
1038	 0.634358555665462 
1039	 0.634693944119692 
1040	 0.63500764035258 
1041	 0.635366135211952 
1042	 0.635706232665328 
1043	 0.636017720977523 
1044	 0.636325781343503 
1045	 0.636612210790089 
1046	 0.636860867643145 
1047	 0.637133842897196 
1048	 0.637399066350885 
1049	 0.637676752998735 
1050	 0.637962572748309 
1051	 0.638215967524959 
1052	 0.6384650909138 
1053	 0.638698316061201 
1054	 0.638908915723981 
1055	 0.639138549060726 
1056	 0.639384032040319 
1057	 0.639635474174259 
1058	 0.63988523129378 
1059	 0.640126244672526 
1060	 0.640364134720906 
1061	 0.640576130377938 
1062	 0.64080826110172 
1063	 0.641048334249633 
1064	 0.641298892196657 
1065	 0.641533065024202 
1066	 0.641766147698564 
1067	 0.642018404164816 
1068	 0.642272203731202 
1069	 0.64251696695487 
1070	 0.642748344678667 
1071	 0.642974880330871 
1072	 0.643214592401984 
1073	 0.643466288229936 
1074	 0.643758425633514 
1075	 0.644006462041854 
1076	 0.64424469936377 
1077	 0.64446870782741 
1078	 0.644656403415836 
1079	 0.644867983820782 
1080	 0.645078349059711 
1081	 0.6453071475056 
1082	 0.645531700229951 
1083	 0.645759571926943 
1084	 0.646004773813124 
1085	 0.646224391937538 
1086	 0.646445591740012 
1087	 0.64667400575933 
1088	 0.646894901617923 
1089	 0.647100197621631 
1090	 0.64732670545135 
1091	 0.647573407290638 
1092	 0.647797894668586 
1093	 0.648021401151344 
1094	 0.648235201488064 
1095	 0.648434761123631 
1096	 0.648622957366628 
1097	 0.648820614424538 
1098	 0.649041844248185 
1099	 0.649277321956307 
1100	 0.649506182046203 
1101	 0.64970214041464 
1102	 0.649902806563041 
1103	 0.650109560153241 
1104	 0.650308642169562 
1105	 0.65049116414975 
1106	 0.650682839662688 
1107	 0.650858721496319 
1108	 0.650999999119089 
1109	 0.65116165903553 
1110	 0.651334596348503 
1111	 0.651507141723455 
1112	 0.651693710626971 
1113	 0.651847734960715 
1114	 0.651999596747337 
1115	 0.652149369979656 
1116	 0.65227670133808 
1117	 0.652406458249035 
1118	 0.652531549135574 
1119	 0.652626860431678 
1120	 0.65271712687373 
1121	 0.652792295834792 
1122	 0.652858096724541 
1123	 0.652924805634545 
1124	 0.652961770252308 
1125	 0.652986469912152 
1126	 0.652983950771109 
1127	 0.652944503668453 
1128	 0.652906450729005 
1129	 0.652867547726883 
1130	 0.652793048279524 
1131	 0.652702127066494 
1132	 0.652614480127464 
1133	 0.652480630325761 
1134	 0.652331139582701 
1135	 0.65219939239267 
1136	 0.652057897568163 
1137	 0.65193516462658 
1138	 0.651818353865781 
1139	 0.651718272004953 
1140	 0.651626546209008 
1141	 0.651545806015416 
1142	 0.65148472055522 
1143	 0.651426764307856 
1144	 0.651365701973983 
1145	 0.651326755676945 
1146	 0.651306966706127 
1147	 0.651291803999836 
1148	 0.651276782727047 
1149	 0.651277376377609 
1150	 0.65127264400639 
1151	 0.651263852110006 
1152	 0.651254352829111 
1153	 0.651248979985193 
1154	 0.65123792881547 
1155	 0.651227389670396 
1156	 0.651202107965163 
1157	 0.651180801380934 
1158	 0.651134824158314 
1159	 0.651064492279768 
1160	 0.650994964381832 
1161	 0.650922704954721 
1162	 0.650830189525193 
1163	 0.650720147177173 
1164	 0.65060910548841 
1165	 0.650488326889507 
1166	 0.650350022472428 
1167	 0.650215111438708 
1168	 0.650085490899907 
1169	 0.649937596823481 
1170	 0.649777255635683 
1171	 0.649610504009773 
1172	 0.649425205697607 
1173	 0.649256294834163 
1174	 0.649095426365283 
1175	 0.648917715258791 
1176	 0.648755283525107 
1177	 0.648558147229984 
1178	 0.648322486488429 
1179	 0.648097660590457 
1180	 0.647858466329795 
1181	 0.647623827354683 
1182	 0.647392752510292 
1183	 0.647159313639321 
1184	 0.646924412515632 
1185	 0.646690425703592 
1186	 0.6464451921767 
1187	 0.646191267195548 
1188	 0.645947660298032 
1189	 0.645689750391862 
1190	 0.645458638391184 
1191	 0.645237974379875 
1192	 0.645035273645147 
1193	 0.644841948060563 
1194	 0.644673104417809 
1195	 0.644529067987436 
1196	 0.644392292168818 
1197	 0.644283785780617 
1198	 0.644167398048591 
1199	 0.644039922915816 
1200	 0.643941303621838 
1201	 0.643847942682376 
1202	 0.643775952029762 
1203	 0.643724856529905 
1204	 0.643702316602144 
1205	 0.643687358059581 
1206	 0.643688118152996 
1207	 0.64369871416852 
1208	 0.643733562080938 
1209	 0.643758039250863 
1210	 0.643777786625077 
1211	 0.643820176367215 
1212	 0.643869252565393 
1213	 0.643929419905673 
1214	 0.644017693836688 
1215	 0.644094848878993 
1216	 0.64417041631374 
1217	 0.644250140810214 
1218	 0.644321886359501 
1219	 0.644411554329412 
1220	 0.644512033740284 
1221	 0.644620451598739 
1222	 0.64472990092212 
1223	 0.644848777323965 
1224	 0.644973691243415 
1225	 0.645090276787953 
1226	 0.645240399599806 
1227	 0.64541564304263 
1228	 0.645589608191724 
1229	 0.6457812927821 
1230	 0.645974152081845 
1231	 0.646165438572264 
1232	 0.646372229839866 
1233	 0.646594316348497 
1234	 0.646816655946386 
1235	 0.647050549356801 
1236	 0.647284443025386 
1237	 0.647519845309087 
1238	 0.647760280050503 
1239	 0.648020557969162 
1240	 0.648254182181708 
1241	 0.648493591968187 
1242	 0.64873447366469 
1243	 0.64897042182711 
1244	 0.649202516577231 
1245	 0.649426748049042 
1246	 0.649650886738804 
1247	 0.64986380287295 
1248	 0.650066589585197 
1249	 0.650263077594865 
1250	 0.650455296585747 
1251	 0.650637711050316 
1252	 0.6508004935007 
1253	 0.650975007700289 
1254	 0.651149633052059 
1255	 0.651321439981394 
1256	 0.651505010431396 
1257	 0.651672913233299 
1258	 0.651837234494482 
1259	 0.651986414984811 
1260	 0.652125746319362 
1261	 0.652249303187987 
1262	 0.652362036357446 
1263	 0.652458981327832 
1264	 0.652549360310016 
1265	 0.652621115442515 
1266	 0.652706192748113 
1267	 0.652779436159122 
1268	 0.652872524281315 
1269	 0.652983511279007 
1270	 0.653083407113899 
1271	 0.653184935981064 
1272	 0.653289475183407 
1273	 0.653386648466083 
1274	 0.65349307120987 
1275	 0.653599590753897 
1276	 0.653722445719452 
1277	 0.653854886979473 
1278	 0.65399522148174 
1279	 0.65415128065011 
1280	 0.654310320740832 
1281	 0.65447670280329 
1282	 0.65462986495986 
1283	 0.654809493805958 
1284	 0.655015615878464 
1285	 0.655204381915696 
1286	 0.655407609266928 
1287	 0.655594328617432 
1288	 0.655759906294504 
1289	 0.655941314536145 
1290	 0.656132205957139 
1291	 0.656312684432002 
1292	 0.656499591228918 
1293	 0.656671794878573 
1294	 0.656840603121659 
1295	 0.656986778228509 
1296	 0.657118220080178 
1297	 0.657237368362692 
1298	 0.657335007585754 
1299	 0.657432506604768 
1300	 0.657526967735616 
1301	 0.65761025857719 
1302	 0.657692377216406 
1303	 0.657742876313428 
1304	 0.657810347392929 
1305	 0.657861367561011 
1306	 0.65789194885004 
1307	 0.65793775925499 
1308	 0.65797517444705 
1309	 0.657996757075895 
1310	 0.658025954515094 
1311	 0.65806474478207 
1312	 0.65809386530135 
1313	 0.658131720141929 
1314	 0.658134311883676 
1315	 0.658129601815608 
1316	 0.658099034137001 
1317	 0.658023162393316 
1318	 0.657964502940126 
1319	 0.657902898544995 
1320	 0.657830876704847 
1321	 0.657759577004469 
1322	 0.657676988044205 
1323	 0.657583075309242 
1324	 0.6574838098692 
1325	 0.657386671877677 
1326	 0.657266234059694 
1327	 0.657135083237747 
1328	 0.656986771368306 
1329	 0.656815449148478 
1330	 0.65663025015076 
1331	 0.656426325921801 
1332	 0.656205871505076 
1333	 0.65596497360818 
1334	 0.655704459119393 
1335	 0.655428884995918 
1336	 0.655140551051312 
1337	 0.654821673260128 
1338	 0.65449561501695 
1339	 0.654120905332453 
1340	 0.65369606704025 
1341	 0.653271822608124 
1342	 0.65282315241831 
1343	 0.652354173400481 
1344	 0.651890347491234 
1345	 0.6513763027523 
1346	 0.650816494201213 
1347	 0.650242871281556 
1348	 0.649641832953371 
1349	 0.649011697568046 
1350	 0.648369969340285 
1351	 0.647711319179576 
1352	 0.647025286999725 
1353	 0.646317088184079 
1354	 0.645602038455703 
1355	 0.644882266756515 
1356	 0.644168099818659 
1357	 0.643469665231864 
1358	 0.642767170570508 
1359	 0.642056759095611 
1360	 0.641380038178189 
1361	 0.640708619836966 
1362	 0.640065273305203 
1363	 0.639446606871748 
1364	 0.638856394966141 
1365	 0.638283332301016 
1366	 0.637744193524126 
1367	 0.637244239900684 
1368	 0.636756087187533 
1369	 0.636293848873435 
1370	 0.635841513432191 
1371	 0.635410406422634 
1372	 0.634985866226333 
1373	 0.634586443822363 
1374	 0.634176297436344 
1375	 0.63376977974293 
1376	 0.633361826637405 
1377	 0.632944514992227 
1378	 0.632501927990708 
1379	 0.63204606331897 
1380	 0.631570146842576 
1381	 0.631064434117033 
1382	 0.630520817086247 
1383	 0.629936179115786 
1384	 0.629328420160105 
1385	 0.628690634489756 
1386	 0.628026768309622 
1387	 0.627316855935076 
1388	 0.626586919199181 
1389	 0.625789673049695 
1390	 0.62494133291739 
1391	 0.624044715436493 
1392	 0.623096528005138 
1393	 0.6220992771595 
1394	 0.621062899249162 
1395	 0.619954170788038 
1396	 0.618779988027797 
1397	 0.617572071337979 
1398	 0.616307762083427 
1399	 0.614996209510711 
1400	 0.613664411297455 
1401	 0.612241160010522 
1402	 0.610780230713189 
1403	 0.609204232205395 
1404	 0.607543445638208 
1405	 0.6057879950945 
1406	 0.603924290870616 
1407	 0.601972392560998 
1408	 0.599936884156024 
1409	 0.597852555760209 
1410	 0.595741928104091 
1411	 0.593600395369142 
1412	 0.591459908193791 
1413	 0.58938246509109 
1414	 0.587398041740666 
1415	 0.585491432766324 
1416	 0.583696711941112 
1417	 0.582029277454408 
1418	 0.580411062194965 
1419	 0.578885353284417 
1420	 0.57739629956929 
1421	 0.575992760583487 
1422	 0.574597420362718 
1423	 0.573258885337135 
1424	 0.571903862355597 
1425	 0.570565341068424 
1426	 0.569243303415207 
1427	 0.56791402943266 
1428	 0.566625594747157 
1429	 0.565362714173029 
1430	 0.564128323686536 
1431	 0.56289850098866 
1432	 0.561742615503819 
1433	 0.560619047985317 
1434	 0.559564546841936 
1435	 0.558590295194767 
1436	 0.557641822802476 
1437	 0.556729715216435 
1438	 0.555883782862102 
1439	 0.555081176475098 
1440	 0.554312743648063 
1441	 0.553593687534835 
1442	 0.552916882022026 
1443	 0.552268838245291 
1444	 0.551641437843172 
1445	 0.551051180837814 
1446	 0.550482653513213 
1447	 0.549913934938661 
1448	 0.549379134207451 
1449	 0.548883790407427 
1450	 0.548409451865369 
1451	 0.547969419616699 
1452	 0.547582369166437 
1453	 0.547183011308546 
1454	 0.546802197630199 
1455	 0.546424074478837 
1456	 0.546058738014125 
1457	 0.545685270368813 
1458	 0.545311998208217 
1459	 0.544946409666894 
1460	 0.54457822391471 
1461	 0.544217414829898 
1462	 0.543870152107154 
1463	 0.543513648325567 
1464	 0.543145884477999 
1465	 0.542802618774224 
1466	 0.542459996604342 
1467	 0.542140973614291 
1468	 0.541848981371531 
1469	 0.541553191274603 
1470	 0.541265085052161 
1471	 0.540988585735291 
1472	 0.540715639135089 
1473	 0.540456590706261 
1474	 0.540203337205063 
1475	 0.539977572627869 
1476	 0.539763127744778 
1477	 0.539573374607519 
1478	 0.539430426908624 
1479	 0.539313487123187 
1480	 0.539222957386879 
1481	 0.539172216741024 
1482	 0.539143599800413 
1483	 0.539136720436925 
1484	 0.539178666304134 
1485	 0.539256764327204 
1486	 0.539359636324507 
1487	 0.539483951913655 
1488	 0.539621973777225 
1489	 0.539775341061008 
1490	 0.539948266330089 
1491	 0.540148432889257 
1492	 0.540364725704213 
1493	 0.54059593841777 
1494	 0.54084475335641 
1495	 0.541115012086651 
1496	 0.541392692008118 
1497	 0.54167706946915 
1498	 0.541996052327968 
1499	 0.542339888786264 
1500	 0.542686281560875 
1501	 0.543063620047615 
1502	 0.543428865076847 
1503	 0.543788146718988 
1504	 0.544165503499577 
1505	 0.544558781693906 
1506	 0.544949380835017 
1507	 0.54534221600341 
1508	 0.545742448849671 
1509	 0.546146920397421 
1510	 0.546555219253512 
1511	 0.546977187011566 
1512	 0.547393216198255 
1513	 0.547806234935856 
1514	 0.548218453084612 
1515	 0.548641167347727 
1516	 0.549044107196046 
1517	 0.549448032945299 
1518	 0.549829468354402 
1519	 0.550187001263624 
1520	 0.550537067775741 
1521	 0.550877783391251 
1522	 0.551195971460273 
1523	 0.551495240206602 
1524	 0.551786560725817 
1525	 0.552055370835685 
1526	 0.552322309926004 
1527	 0.552589653718388 
1528	 0.552837632371806 
1529	 0.553072110651458 
1530	 0.553296085994691 
1531	 0.553513432044927 
1532	 0.553731671720119 
1533	 0.553936149320988 
1534	 0.554122388266826 
1535	 0.554302426930392 
1536	 0.554468731862924 
1537	 0.554629402840708 
1538	 0.554789335131188 
1539	 0.554928863217243 
1540	 0.555073114736039 
1541	 0.555239047876185 
1542	 0.555412715249265 
1543	 0.5556004584994 
1544	 0.555797024212336 
1545	 0.555986741673873 
1546	 0.556170423084507 
1547	 0.556365483571501 
1548	 0.556577736522116 
1549	 0.556797164826505 
1550	 0.557035594684173 
1551	 0.55726704541204 
1552	 0.557500149577756 
1553	 0.557737393104812 
1554	 0.557973653054034 
1555	 0.558220134556436 
1556	 0.558479069946602 
1557	 0.558729274126316 
1558	 0.558982690902958 
1559	 0.559230697517863 
1560	 0.559474534810073 
1561	 0.559719883272852 
1562	 0.55997128033692 
1563	 0.560204304098847 
1564	 0.560423289802206 
1565	 0.560649546733266 
1566	 0.560871253671858 
1567	 0.561089968442187 
1568	 0.561324343851843 
1569	 0.561524916592379 
1570	 0.561691897771453 
1571	 0.561879858437893 
1572	 0.562051862626724 
1573	 0.562245146971825 
1574	 0.56246063041295 
1575	 0.562668337999676 
1576	 0.562878181320191 
1577	 0.563093643371778 
1578	 0.563313483017752 
1579	 0.563535030838814 
1580	 0.56375374601268 
1581	 0.563984900818638 
1582	 0.56421096216805 
1583	 0.564467621747805 
1584	 0.564741257057274 
1585	 0.56503700019339 
1586	 0.565345940378952 
1587	 0.565691655527981 
1588	 0.566058967830373 
1589	 0.56646417268757 
1590	 0.566899358505445 
1591	 0.56738369748931 
1592	 0.567916699839102 
1593	 0.5684661521093 
1594	 0.569054250085645 
1595	 0.569672972447326 
1596	 0.570328264193177 
1597	 0.570987141659532 
1598	 0.571685111524838 
1599	 0.572376799064996 
1600	 0.573055563246762 
1601	 0.5737675642241 
1602	 0.574508932480501 
1603	 0.575250221824744 
1604	 0.576002895193777 
1605	 0.57676743426055 
1606	 0.577547208324655 
1607	 0.578324597061 
1608	 0.579139093324451 
1609	 0.579907183141392 
1610	 0.580644114369277 
1611	 0.581381822386244 
1612	 0.582102485383443 
1613	 0.58280856473409 
1614	 0.583527532074205 
1615	 0.584201872152364 
1616	 0.584837277535372 
1617	 0.585457698683025 
1618	 0.586053011518116 
1619	 0.586623220342072 
1620	 0.587178014939993 
1621	 0.587697270075126 
1622	 0.588178428544842 
1623	 0.588645182790752 
1624	 0.589073082145675 
1625	 0.589503095615625 
1626	 0.589905186252817 
1627	 0.590325751676699 
1628	 0.590745708473534 
1629	 0.59117609325923 
1630	 0.591622040186841 
1631	 0.592065964226468 
1632	 0.592503626253503 
1633	 0.592962455589258 
1634	 0.59343778644412 
1635	 0.593912804043362 
1636	 0.594404805759459 
1637	 0.594892444989142 
1638	 0.595370598749522 
1639	 0.595862207204296 
1640	 0.596386539688502 
1641	 0.5968716191594 
1642	 0.597358795211086 
1643	 0.597809605580996 
1644	 0.598234976984063 
1645	 0.598619442750149 
1646	 0.598993736375476 
1647	 0.599296153115832 
1648	 0.599558847281025 
1649	 0.599738204839077 
1650	 0.599871569521471 
1651	 0.599890513915514 
1652	 0.599811675323116 
1653	 0.59964944456819 
1654	 0.599377757420812 
1655	 0.599032558750187 
1656	 0.598593460716027 
1657	 0.598093967907544 
1658	 0.597488866458992 
1659	 0.596858766364517 
1660	 0.59616138946442 
1661	 0.595442256962982 
1662	 0.594670382399403 
1663	 0.593892527297299 
1664	 0.593084317492331 
1665	 0.592267850504914 
1666	 0.59144268868143 
1667	 0.590596647788226 
1668	 0.589705369037544 
1669	 0.588852456602247 
1670	 0.587971261280745 
1671	 0.587161148326957 
1672	 0.586370698788985 
1673	 0.5856709895065 
1674	 0.585035947213774 
1675	 0.584468278167526 
1676	 0.583965725236601 
1677	 0.583556847405303 
1678	 0.58322985001165 
1679	 0.582969759597843 
1680	 0.582803812007551 
1681	 0.582702334250083 
1682	 0.582684931748377 
1683	 0.582697973147285 
1684	 0.582821002402871 
1685	 0.582904223261634 
1686	 0.58301793298325 
1687	 0.583094717831295 
1688	 0.583165859798266 
1689	 0.583205505425477 
1690	 0.583217233473081 
1691	 0.583211330553522 
1692	 0.58317564582794 
1693	 0.583134256188563 
1694	 0.583068239056846 
1695	 0.583007316077992 
1696	 0.582938912514702 
1697	 0.582867565730236 
1698	 0.582782562632109 
1699	 0.582720830726155 
1700	 0.582662710892037 
1701	 0.582615157642233 
1702	 0.582582711580233 
1703	 0.582558921439345 
1704	 0.582543708807184 
1705	 0.582532394123021 
1706	 0.582513830259172 
1707	 0.582549755700281 
1708	 0.582607618219768 
1709	 0.582685032567534 
1710	 0.582805397694356 
1711	 0.582946171031155 
1712	 0.583069811232543 
1713	 0.58329476435873 
1714	 0.583589868886973 
1715	 0.583917355179428 
1716	 0.584300796251504 
1717	 0.584736218179457 
1718	 0.58521182228788 
1719	 0.585752636890362 
1720	 0.586377744915947 
1721	 0.58700404997298 
1722	 0.587684791026098 
1723	 0.588346487742186 
1724	 0.589050278112394 
1725	 0.589659541301856 
1726	 0.590259412303097 
1727	 0.590765096242477 
1728	 0.591224205074599 
1729	 0.591531949411155 
1730	 0.591717361831551 
1731	 0.591776615755667 
1732	 0.591747274708395 
1733	 0.591666392465273 
1734	 0.591507656979285 
1735	 0.591278296718179 
1736	 0.590978503652035 
1737	 0.590601048817365 
1738	 0.590210134514383 
1739	 0.589775872681882 
1740	 0.589278832384118 
1741	 0.588790871634684 
1742	 0.588320292525353 
1743	 0.587860551946627 
1744	 0.587390165200172 
1745	 0.586902799664238 
1746	 0.586446503001911 
1747	 0.585971943647422 
1748	 0.585546648008522 
1749	 0.585173436726172 
1750	 0.584817172790542 
1751	 0.584468548202907 
1752	 0.584184446454949 
1753	 0.583930088080107 
1754	 0.583734244794805 
1755	 0.583599165702097 
1756	 0.58351371916921 
1757	 0.583497970584205 
1758	 0.583498847395105 
1759	 0.583560702052182 
1760	 0.58362476922331 
1761	 0.583728726062944 
1762	 0.58379939794612 
1763	 0.583890082410052 
1764	 0.583928294395233 
1765	 0.583945109444222 
1766	 0.583903894548685 
1767	 0.583816826149781 
1768	 0.583696145518752 
1769	 0.583507243849962 
1770	 0.583339959427833 
1771	 0.58314555142099 
1772	 0.58298862081612 
1773	 0.58282682797381 
1774	 0.58270404670334 
1775	 0.582604728011178 
1776	 0.582509711147957 
1777	 0.582480198268318 
1778	 0.582481493174591 
1779	 0.582515179239412 
1780	 0.582603122703281 
1781	 0.582721536281718 
1782	 0.58283749290886 
1783	 0.582967212951747 
1784	 0.583085097706211 
1785	 0.583158399461976 
1786	 0.583221192058422 
1787	 0.583282821449323 
1788	 0.583342328404963 
1789	 0.583396967564337 
1790	 0.583430891268539 
1791	 0.583451488928188 
1792	 0.583516929066063 
1793	 0.583588919008736 
1794	 0.583701364387043 
1795	 0.583818476499072 
1796	 0.583910605349865 
1797	 0.584042921908112 
1798	 0.584208350534675 
1799	 0.584398397537057 
1800	 0.584628663169341 
1801	 0.580036622769565 
1802	 0.58021714564576 
1803	 0.580435700861023 
1804	 0.580667372268666 
1805	 0.5809115680238 
1806	 0.581143131883401 
1807	 0.581360913982535 
1808	 0.581569984580932 
1809	 0.58176097711671 
1810	 0.581916921623413 
1811	 0.582117975824713 
1812	 0.582313966353377 
1813	 0.582493214757464 
1814	 0.582710297327988 
1815	 0.582892306526578 
1816	 0.583028820674468 
1817	 0.583184262332046 
1818	 0.583338674276049 
1819	 0.583495179942498 
1820	 0.583658229202141 
1821	 0.583849949600289 
1822	 0.58404744073256 
1823	 0.584241345678474 
1824	 0.584438364109706 
1825	 0.584634257211369 
1826	 0.584843234006204 
1827	 0.585078793464335 
1828	 0.585329421838238 
1829	 0.585602182157535 
1830	 0.585910169433556 
1831	 0.586234092263027 
1832	 0.586576606538609 
1833	 0.586940077721542 
1834	 0.587304797077715 
1835	 0.587685871314043 
1836	 0.588063514708121 
1837	 0.58843084780805 
1838	 0.58879215504999 
1839	 0.589151033524336 
1840	 0.589510529710677 
1841	 0.589881523537585 
1842	 0.590221548778104 
1843	 0.59057230064998 
1844	 0.590929959073725 
1845	 0.591247825325962 
1846	 0.591558707778569 
1847	 0.591880907237144 
1848	 0.592165464493646 
1849	 0.59241602651556 
1850	 0.592663242060216 
1851	 0.592902998730504 
1852	 0.593115710091855 
1853	 0.593299397311209 
1854	 0.593442121148765 
1855	 0.593548001583702 
1856	 0.593635432456091 
1857	 0.593670342702532 
1858	 0.593677870562648 
1859	 0.593626602556637 
1860	 0.593536768377623 
1861	 0.593369811151577 
1862	 0.593156069339798 
1863	 0.592889631134695 
1864	 0.592582598174009 
1865	 0.592250054056673 
1866	 0.591861091315666 
1867	 0.591432875476078 
1868	 0.590958979805988 
1869	 0.590451081110858 
1870	 0.589864080402375 
1871	 0.589230832837301 
1872	 0.588532983366737 
1873	 0.587763043273544 
1874	 0.586918994931332 
1875	 0.5859991373986 
1876	 0.585029484279118 
1877	 0.583956065168387 
1878	 0.582821362590492 
1879	 0.581548580894283 
1880	 0.580211765475606 
1881	 0.578703654705382 
1882	 0.57707229749279 
1883	 0.575287931684556 
1884	 0.573333994970683 
1885	 0.571195445099598 
1886	 0.56889266236467 
1887	 0.5663849696735 
1888	 0.563755164424918 
1889	 0.560962071569256 
1890	 0.558032282566314 
1891	 0.554881930356588 
1892	 0.551695893563339 
1893	 0.548368393968726 
1894	 0.544948290254236 
1895	 0.541504321209711 
1896	 0.538071751804875 
1897	 0.534667936467879 
1898	 0.531219193562951 
1899	 0.527879740594976 
1900	 0.524529176847623 
1901	 0.521343981508743 
1902	 0.518242123936907 
1903	 0.515262202539521 
1904	 0.51239777220488 
1905	 0.50966283590367 
1906	 0.507047987407954 
1907	 0.504579881888774 
1908	 0.502231940716242 
1909	 0.500025648997838 
1910	 0.497941519982801 
1911	 0.495983158909699 
1912	 0.494147229054664 
1913	 0.492471897192342 
1914	 0.490870012585589 
1915	 0.489368225702442 
1916	 0.487976020135818 
1917	 0.486703289510297 
1918	 0.485526496430651 
1919	 0.484489383777938 
1920	 0.48360680963305 
1921	 0.48278613804497 
1922	 0.482080199546613 
1923	 0.481450440773623 
1924	 0.480924908718345 
1925	 0.480461120421015 
1926	 0.480076311295939 
1927	 0.479784085557986 
1928	 0.479543027590562 
1929	 0.479370524640029 
1930	 0.479254821435613 
1931	 0.479201249250847 
1932	 0.479222299080299 
1933	 0.479318758714223 
1934	 0.479457983243633 
1935	 0.479673248697841 
1936	 0.47992848454405 
1937	 0.480225901807325 
1938	 0.480577281101275 
1939	 0.480987350343708 
1940	 0.481444788612277 
1941	 0.481948643674486 
1942	 0.482497301264656 
1943	 0.483099998405025 
1944	 0.483788181357191 
1945	 0.484454344821631 
1946	 0.485173382667648 
1947	 0.485872279756996 
1948	 0.486569622812493 
1949	 0.487265238558069 
1950	 0.48797833602891 
1951	 0.488668836349764 
1952	 0.48934980290873 
1953	 0.490022903221813 
1954	 0.49068054188508 
1955	 0.491328560106031 
1956	 0.491956456402441 
1957	 0.492566871450975 
1958	 0.493167022267766 
1959	 0.493733654850686 
1960	 0.494318530425574 
1961	 0.494890608298793 
1962	 0.495481546680002 
1963	 0.496083315322063 
1964	 0.496683270864433 
1965	 0.497331477529483 
1966	 0.498003785812258 
1967	 0.498696620617927 
1968	 0.499419006291615 
1969	 0.500168604233396 
1970	 0.500948264942784 
1971	 0.501734896841331 
1972	 0.502562345223702 
1973	 0.503384365384312 
1974	 0.504201925885508 
1975	 0.505037746623986 
1976	 0.50588114221891 
1977	 0.506744460444793 
1978	 0.507595121782098 
1979	 0.508459599430318 
1980	 0.509302713572456 
1981	 0.510147100212142 
1982	 0.510964533082938 
1983	 0.51176040190335 
1984	 0.512551272197873 
1985	 0.513323387772662 
1986	 0.514088632377266 
1987	 0.514845135653302 
1988	 0.51559932627911 
1989	 0.51633140397751 
1990	 0.517044428500559 
1991	 0.51775383440968 
1992	 0.518455688172897 
1993	 0.519139579317332 
1994	 0.519828166286914 
1995	 0.520474963094454 
1996	 0.521115317076807 
1997	 0.521698274324498 
1998	 0.522246004096205 
1999	 0.522747031984971 
2000	 0.523216467907416 
2001	 0.523620267766744 
2002	 0.523959261813959 
2003	 0.524255041325795 
2004	 0.524465427038147 
2005	 0.524597611050583 
2006	 0.524667427068675 
2007	 0.524659127517875 
2008	 0.524601045940837 
2009	 0.524476049288485 
2010	 0.524293984825387 
2011	 0.524065108637321 
2012	 0.523762192893863 
2013	 0.523386159658159 
2014	 0.522940030928593 
2015	 0.522458219438836 
2016	 0.521907071090517 
2017	 0.521328590261039 
2018	 0.520704791319195 
2019	 0.520049722446088 
2020	 0.519352963186993 
2021	 0.518615350205622 
2022	 0.517848657946008 
2023	 0.5170291656345 
2024	 0.516152303362981 
2025	 0.515246151902874 
2026	 0.514286228958557 
2027	 0.513312098014613 
2028	 0.512297424404146 
2029	 0.511252325970098 
2030	 0.510155294382113 
2031	 0.509019563208587 
2032	 0.507841773663707 
2033	 0.506613390726697 
2034	 0.505354167019654 
2035	 0.504044152377722 
2036	 0.502720576850759 
2037	 0.501363603214494 
2038	 0.499982117395876 
2039	 0.498586343253917 
2040	 0.497154868065365 
2041	 0.495676912955825 
2042	 0.494169771861909 
2043	 0.492659114411281 
2044	 0.491110542058415 
2045	 0.48958591116225 
2046	 0.488068494532896 
2047	 0.486530494172464 
2048	 0.484973188512094 
2049	 0.483434973785644 
2050	 0.481881850238205 
2051	 0.480349275252351 
2052	 0.478834976502011 
2053	 0.477332165509722 
2054	 0.475832114801951 
2055	 0.474345922294185 
2056	 0.472891984335502 
2057	 0.471472827026211 
2058	 0.470039787639639 
2059	 0.468616873852359 
2060	 0.46721213415606 
2061	 0.465802365981664 
2062	 0.464427108188753 
2063	 0.463088379478715 
2064	 0.461753375664077 
2065	 0.460410603204755 
2066	 0.459121001525401 
2067	 0.457859073352734 
2068	 0.456619317178442 
2069	 0.455434860532088 
2070	 0.454305631362527 
2071	 0.45320615848748 
2072	 0.452136153791443 
2073	 0.45113086652835 
2074	 0.450162127965271 
2075	 0.449264682887691 
2076	 0.448424638775375 
2077	 0.44765045873505 
2078	 0.44697101503924 
2079	 0.446296602575393 
2080	 0.445659318523567 
2081	 0.445080018446083 
2082	 0.444541662625654 
2083	 0.444041039013785 
2084	 0.443602650342612 
2085	 0.443196481966821 
2086	 0.442802957897077 
2087	 0.442415995115931 
2088	 0.442048978216518 
2089	 0.441721816304656 
2090	 0.441368944705184 
2091	 0.441011568288723 
2092	 0.440668167234771 
2093	 0.440320982848675 
2094	 0.439983912026837 
2095	 0.439651529324131 
2096	 0.439345840610081 
2097	 0.439023934421516 
2098	 0.438762684121007 
2099	 0.43854563809648 
2100	 0.438352447736608 
2101	 0.438207891489649 
2102	 0.43809088596386 
2103	 0.438015468211152 
2104	 0.437975252841901 
2105	 0.437979045928843 
2106	 0.438036647607555 
2107	 0.438110317748146 
2108	 0.438217005684385 
2109	 0.438343978308767 
2110	 0.438484702163618 
2111	 0.438675451333022 
2112	 0.438925478895733 
2113	 0.439178429860388 
2114	 0.439458429937752 
2115	 0.439775246746423 
2116	 0.440067541583904 
2117	 0.440370648933522 
2118	 0.440724726881718 
2119	 0.441031975902678 
2120	 0.441365746466849 
2121	 0.441727197651027 
2122	 0.442064943078018 
2123	 0.442408065096837 
2124	 0.442723189514852 
2125	 0.443037965971439 
2126	 0.443303687656021 
2127	 0.443562903184253 
2128	 0.443737752966207 
2129	 0.443888590729726 
2130	 0.443936609036016 
2131	 0.443879774151808 
2132	 0.443797232297517 
2133	 0.443649648443737 
2134	 0.443427994213419 
2135	 0.443158826695692 
2136	 0.442865442226695 
2137	 0.442553969250936 
2138	 0.442274673584458 
2139	 0.442100220692789 
2140	 0.441952413772679 
2141	 0.441967309531673 
2142	 0.442087974570253 
2143	 0.442311208533863 
2144	 0.442702787881888 
2145	 0.44310757503111 
2146	 0.443629925211935 
2147	 0.444137319560248 
2148	 0.444741869060023 
2149	 0.445265827486488 
2150	 0.445780092408847 
2151	 0.44627940707749 
2152	 0.44667712752836 
2153	 0.447036179734887 
2154	 0.447289870886784 
2155	 0.44744892060462 
2156	 0.447575382726528 
2157	 0.44760482468925 
2158	 0.447651706094462 
2159	 0.447631887884504 
2160	 0.447690692406428 
2161	 0.447710354806263 
2162	 0.447842561849148 
2163	 0.448023109769617 
2164	 0.448293336332921 
2165	 0.448612842541702 
2166	 0.449056188514088 
2167	 0.449605275425863 
2168	 0.450249622029204 
2169	 0.451045391744647 
2170	 0.451867747763077 
2171	 0.452804619637134 
2172	 0.453738795102558 
2173	 0.454730659203995 
2174	 0.455709650061783 
2175	 0.456614073169672 
2176	 0.457489755208069 
2177	 0.458254670446468 
2178	 0.458931618041936 
2179	 0.459534715760098 
2180	 0.46003876807058 
2181	 0.460511720774919 
2182	 0.46084413987006 
2183	 0.461265546305879 
2184	 0.461675487929023 
2185	 0.462110594294439 
2186	 0.46256063632099 
2187	 0.463052004867444 
2188	 0.463546573093952 
2189	 0.464087157231093 
2190	 0.464683284169517 
2191	 0.46529938003086 
2192	 0.465959668988797 
2193	 0.466653263588851 
2194	 0.467289193170854 
2195	 0.467964731120498 
2196	 0.468564544063242 
2197	 0.469045001920272 
2198	 0.469462969978821 
2199	 0.469819971028553 
2200	 0.470091766539004 
2201	 0.470230629093878 
2202	 0.470408770282475 
2203	 0.470510033193606 
2204	 0.470661512861162 
2205	 0.470770012126127 
2206	 0.4709819369205 
2207	 0.47118786069955 
2208	 0.471535229482647 
2209	 0.472005962518309 
2210	 0.472529051074108 
2211	 0.473183531670076 
2212	 0.473837059461416 
2213	 0.474519859992823 
2214	 0.475261389171909 
2215	 0.476077650208837 
2216	 0.476917997799885 
2217	 0.477711679283669 
2218	 0.478512084271619 
2219	 0.479155441248877 
2220	 0.479683343478297 
2221	 0.480090378430787 
2222	 0.480400084759952 
2223	 0.480552572091278 
2224	 0.480527906605138 
2225	 0.480471763833063 
2226	 0.48032578863036 
2227	 0.48004947532566 
2228	 0.479712911006965 
2229	 0.479174126513317 
2230	 0.478473882697937 
2231	 0.477621160934907 
2232	 0.476610967064277 
2233	 0.475435505496433 
2234	 0.474059158819006 
2235	 0.472574445773177 
2236	 0.470929956376407 
2237	 0.469160382807915 
2238	 0.46723144423648 
2239	 0.465216315567111 
2240	 0.462979181800047 
2241	 0.460777212758449 
2242	 0.458518340646909 
2243	 0.45622389825218 
2244	 0.453880844306113 
2245	 0.451593974512026 
2246	 0.449329780432804 
2247	 0.447002241898709 
2248	 0.44477772754696 
2249	 0.442603025141764 
2250	 0.44048978742463 
2251	 0.438379044281687 
2252	 0.436454392959107 
2253	 0.43465526821806 
2254	 0.43291933214725 
2255	 0.431378087383029 
2256	 0.429744316401027 
2257	 0.428133733309215 
2258	 0.426539299585568 
2259	 0.424927713269651 
2260	 0.4233678319822 
2261	 0.421836296725468 
2262	 0.420353428613892 
2263	 0.418912086085844 
2264	 0.417505914374232 
2265	 0.416108855047581 
2266	 0.41482252390225 
2267	 0.413560262189878 
2268	 0.412426915091513 
2269	 0.411392187088785 
2270	 0.410494308738623 
2271	 0.409723516658262 
2272	 0.409066850134376 
2273	 0.40859664689076 
2274	 0.408180030600135 
2275	 0.407825779574405 
2276	 0.40753692832049 
2277	 0.407292660420068 
2278	 0.407149338413875 
2279	 0.407010026856509 
2280	 0.406975553337413 
2281	 0.406850940083636 
2282	 0.406728640511696 
2283	 0.4065534358318 
2284	 0.406391784083481 
2285	 0.406061311042586 
2286	 0.405629576587846 
2287	 0.405176244241198 
2288	 0.404554061475547 
2289	 0.404035329898145 
2290	 0.403538430055305 
2291	 0.403028320025134 
2292	 0.402492178945395 
2293	 0.402016875502611 
2294	 0.401529922191063 
2295	 0.401138319641761 
2296	 0.400789964321378 
2297	 0.400543616501009 
2298	 0.400341443581186 
2299	 0.400296848102098 
2300	 0.400443176509907 
2301	 0.40058612395484 
2302	 0.400871609957467 
2303	 0.40114573795044 
2304	 0.401511688254766 
2305	 0.401765308764549 
2306	 0.402064642361383 
2307	 0.402227434818083 
2308	 0.402401632759592 
2309	 0.402259491282211 
2310	 0.4019554221925 
2311	 0.401410677421129 
2312	 0.400487208046524 
2313	 0.399462146390421 
2314	 0.398186673046229 
2315	 0.396870401354603 
2316	 0.395498833868838 
2317	 0.393978984877936 
2318	 0.392505235850568 
2319	 0.390964040019483 
2320	 0.389596474164509 
2321	 0.388223210923021 
2322	 0.386996037045037 
2323	 0.385956020993674 
2324	 0.384844750134356 
2325	 0.383690294106781 
2326	 0.382750207186647 
2327	 0.381915662373381 
2328	 0.381122688282985 
2329	 0.380526361179753 
2330	 0.379823466056047 
2331	 0.37905960011889 
2332	 0.378416447776514 
2333	 0.377870013550621 
2334	 0.377240751792455 
2335	 0.376601291274608 
2336	 0.376044474879938 
2337	 0.375340996962123 
2338	 0.374979939883083 
2339	 0.374919651759767 
2340	 0.374787345773225 
2341	 0.374814833121003 
2342	 0.374835606725957 
2343	 0.374816109292091 
2344	 0.374917278774435 
2345	 0.37519991230284 
2346	 0.375392132140881 
2347	 0.375570070061136 
2348	 0.375801755757899 
2349	 0.376037268952783 
2350	 0.376292252653537 
2351	 0.376686851616576 
2352	 0.376927877638144 
2353	 0.376989463053438 
2354	 0.377212978926486 
2355	 0.377428734624298 
2356	 0.377696257134591 
2357	 0.378075093192517 
2358	 0.378496730163599 
2359	 0.37889790676265 
2360	 0.379410953071202 
2361	 0.38008668352974 
2362	 0.380746869037969 
2363	 0.381436842860384 
2364	 0.38218174071025 
2365	 0.383046546639419 
2366	 0.38381113470941 
2367	 0.384663141424416 
2368	 0.385360096226483 
2369	 0.385776375784075 
2370	 0.386372160771604 
2371	 0.386991083623859 
2372	 0.387579918422947 
2373	 0.388305404976151 
2374	 0.388966148611495 
2375	 0.389460041407337 
2376	 0.390094883894569 
2377	 0.390793770727358 
2378	 0.391518218970293 
2379	 0.392400026896043 
2380	 0.393216432483619 
2381	 0.393856433712108 
2382	 0.39438266707848 
2383	 0.394812111586128 
2384	 0.395240696234156 
2385	 0.395774758373707 
2386	 0.396276981635105 
2387	 0.396541934017221 
2388	 0.396689057121331 
2389	 0.396807147547596 
2390	 0.396971959869309 
2391	 0.397230549732723 
2392	 0.397400050655768 
2393	 0.397718179966744 
2394	 0.39825265782777 
2395	 0.39857693702984 
2396	 0.398814947635285 
2397	 0.398838830221858 
2398	 0.398519236396102 
2399	 0.398370120004773 
2400	 0.398444968404639 
2401	 0.398579172058715 
2402	 0.398557266095204 
2403	 0.398310923737891 
2404	 0.398030761660985 
2405	 0.397486562112721 
2406	 0.397080157320762 
2407	 0.396873925612058 
2408	 0.396525127019138 
2409	 0.39631849628024 
2410	 0.395864291546101 
2411	 0.395387122901213 
2412	 0.395136837136819 
2413	 0.394843237764747 
2414	 0.394613840677167 
2415	 0.394508813928491 
2416	 0.394110513470073 
2417	 0.39333578937281 
2418	 0.392491599478142 
2419	 0.391369199249104 
2420	 0.390495384364808 
2421	 0.389848145025882 
2422	 0.38900002715435 
2423	 0.387913845903016 
2424	 0.386625510742781 
2425	 0.385551370405279 
2426	 0.384492696313918 
2427	 0.383295518285705 
2428	 0.38214974918273 
2429	 0.380778266765936 
2430	 0.379164069492108 
2431	 0.377644925188953 
2432	 0.376122714746256 
2433	 0.374666552521532 
2434	 0.373376458460086 
2435	 0.372410998288799 
2436	 0.371267192654441 
2437	 0.369460123873512 
2438	 0.36799125759231 
2439	 0.366698143361077 
2440	 0.364977401307429 
2441	 0.363802713943059 
2442	 0.362533945900405 
2443	 0.360321018718665 
2444	 0.358749234217226 
2445	 0.357407722486421 
2446	 0.355279210721338 
2447	 0.353381220869226 
2448	 0.351541973989115 
2449	 0.349362116416032 
2450	 0.347315366287835 
2451	 0.345692641962525 
2452	 0.343878381369461 
2453	 0.341657291099322 
2454	 0.339810553318352 
2455	 0.337732380397578 
2456	 0.335585778143909 
2457	 0.333525990826888 
2458	 0.331716232136294 
2459	 0.330113281210423 
2460	 0.328343935763659 
2461	 0.326772085325537 
2462	 0.325234362289252 
2463	 0.323477812621934 
2464	 0.322138818984462 
2465	 0.321163009984167 
2466	 0.320113249730362 
2467	 0.319594809962446 
2468	 0.31835076025427 
2469	 0.316654374685252 
2470	 0.31521885328544 
2471	 0.312908455540475 
2472	 0.311333729048627 
2473	 0.310432145743838 
2474	 0.309976230999569 
2475	 0.310404125914984 
2476	 0.310127401694415 
2477	 0.310025381488862 
2478	 0.309977358080093 
2479	 0.309309627142582 
2480	 0.30896847239806 
2481	 0.309732913326474 
2482	 0.309002457306637 
2483	 0.306473418493034 
2484	 0.305948847856153 
2485	 0.305502416523478 
2486	 0.306768055475934 
2487	 0.311114640780426 
2488	 0.312491441193506 
2489	 0.313514112135712 
2490	 0.312519256931246 
2491	 0.31150180450603 
2492	 0.311764449349648 
2493	 0.312323476869803 
2494	 0.311840263111416 
2495	 0.312410737193106 
2496	 0.313933321602229 
2497	 0.312958545824336 
2498	 0.312852944023769 
2499	 0.313491553479314 
2500	 0.31536843870885 
