Wavelength	C:\Documents and Settings\All Users\Application Data\ASD\Indico Pro\Projects\McBeth_080818\#14.txt
350	 0.114422872189437 
351	 0.100983486769025 
352	 0.103148847474159 
353	 0.106548850625529 
354	 0.103746455868729 
355	 9.98227315339299E-02 
356	 9.79043891954935E-02 
357	 9.92696939120898E-02 
358	 0.102656689841092 
359	 0.10292805986832 
360	 9.95596232322096E-02 
361	 9.64156232958068E-02 
362	 9.73201213934998E-02 
363	 9.34407944167946E-02 
364	 9.40422817865749E-02 
365	 9.83558021305322E-02 
366	 9.55535313750976E-02 
367	 9.66421738642365E-02 
368	 9.69239972153595E-02 
369	 0.094127445211217 
370	 9.87029724596366E-02 
371	 9.57222104885891E-02 
372	 9.11185392057232E-02 
373	 9.49534006514321E-02 
374	 9.40750115260137E-02 
375	 9.48037257266117E-02 
376	 9.69073557654283E-02 
377	 0.093971996143084 
378	 9.46418454387615E-02 
379	 9.44729120398284E-02 
380	 9.16012032737692E-02 
381	 9.47226531406525E-02 
382	 0.095517714538851 
383	 9.55690814837572E-02 
384	 9.79723580249342E-02 
385	 9.57417423256202E-02 
386	 9.45410822377238E-02 
387	 9.52394545556946E-02 
388	 9.43329295973779E-02 
389	 9.42235182293379E-02 
390	 9.40870734936955E-02 
391	 9.36290282054747E-02 
392	 9.47054429150272E-02 
393	 9.51982801767213E-02 
394	 9.52654521126507E-02 
395	 9.55808527215949E-02 
396	 9.54059844320813E-02 
397	 9.51764494281469E-02 
398	 9.51058566101809E-02 
399	 9.51517438094142E-02 
400	 9.50118056367839E-02 
401	 9.48544748384606E-02 
402	 9.48614339529487E-02 
403	 9.51021906859819E-02 
404	 0.095444525382975 
405	 9.55212948249681E-02 
406	 0.095059877155053 
407	 9.45043274090373E-02 
408	 9.45278593249967E-02 
409	 9.49989367961249E-02 
410	 9.51237699267939E-02 
411	 9.53277377250591E-02 
412	 0.095252747242617 
413	 9.47526958283983E-02 
414	 9.43422066319679E-02 
415	 9.41392025502816E-02 
416	 9.43124434134544E-02 
417	 9.48176159880203E-02 
418	 9.44648056948116E-02 
419	 9.42250097093882E-02 
420	 9.44518160778604E-02 
421	 9.47171105605446E-02 
422	 9.46655593758447E-02 
423	 0.094451751556125 
424	 0.094356053882989 
425	 9.47424370604482E-02 
426	 9.47106905136333E-02 
427	 9.44557591405091E-02 
428	 9.45921457568244E-02 
429	 9.45852488416656E-02 
430	 9.46164690409986E-02 
431	 9.47651138324535E-02 
432	 9.48937700188482E-02 
433	 9.53191035519182E-02 
434	 9.56944961186865E-02 
435	 9.57412964106151E-02 
436	 9.59913346083591E-02 
437	 0.096085157083233 
438	 9.61101074648906E-02 
439	 9.64075622338056E-02 
440	 9.66583219325058E-02 
441	 9.69372931976727E-02 
442	 9.72858734596328E-02 
443	 0.097580070706776 
444	 9.80904071487438E-02 
445	 9.85678692222698E-02 
446	 9.87648887303687E-02 
447	 9.93096747034826E-02 
448	 9.98719012256893E-02 
449	 0.100327924180141 
450	 0.100794764116422 
451	 0.101525267567871 
452	 0.102337035797896 
453	 0.10305941430138 
454	 0.103771022007716 
455	 0.104550522211111 
456	 0.105440089992663 
457	 0.106449532991706 
458	 0.10751254937628 
459	 0.108637669150479 
460	 0.109815453370618 
461	 0.110994080648129 
462	 0.112315480543817 
463	 0.113807117560088 
464	 0.11542297473697 
465	 0.11698475794561 
466	 0.118840320267794 
467	 0.120810283197375 
468	 0.12240110330692 
469	 0.124151240109795 
470	 0.126200324033333 
471	 0.128502158719463 
472	 0.130749905085749 
473	 0.133218097595536 
474	 0.135751513278953 
475	 0.138163029387463 
476	 0.140951279449172 
477	 0.143949412171803 
478	 0.147012993759113 
479	 0.150073129247372 
480	 0.153076354074027 
481	 0.156161370876831 
482	 0.159443198465901 
483	 0.16281418521368 
484	 0.166274281391086 
485	 0.169866502535404 
486	 0.173622409730215 
487	 0.177178790146538 
488	 0.18089122108881 
489	 0.184899958081233 
490	 0.18884739647749 
491	 0.192872886729907 
492	 0.197044829780384 
493	 0.201385234672375 
494	 0.205714988810455 
495	 0.210152015059691 
496	 0.214734394911368 
497	 0.219385461051039 
498	 0.224241752560323 
499	 0.229151977231548 
500	 0.233996857520919 
501	 0.238916765041635 
502	 0.244018930325066 
503	 0.249145194119849 
504	 0.254055561594773 
505	 0.259121708106574 
506	 0.264196089151775 
507	 0.269173641132449 
508	 0.274093036535204 
509	 0.278894901808838 
510	 0.283510785188949 
511	 0.287860906107291 
512	 0.291818703832427 
513	 0.295686244512484 
514	 0.299447704100949 
515	 0.302784852073179 
516	 0.305852710152269 
517	 0.308634709144936 
518	 0.311099865028264 
519	 0.313260946918655 
520	 0.315118382845912 
521	 0.316686884007617 
522	 0.317992819740227 
523	 0.319096690899737 
524	 0.31991150495058 
525	 0.320439345745676 
526	 0.320875048831352 
527	 0.320958946933904 
528	 0.320799367295508 
529	 0.320560554745017 
530	 0.320051148753501 
531	 0.319323701007384 
532	 0.31842409379836 
533	 0.317380734405492 
534	 0.316156123133184 
535	 0.314886163943709 
536	 0.31362816931623 
537	 0.312116589837202 
538	 0.310433645346682 
539	 0.308628835896998 
540	 0.306735394072983 
541	 0.304832333488417 
542	 0.30285824612925 
543	 0.300756419121508 
544	 0.298503745544762 
545	 0.296292360760413 
546	 0.294037173792216 
547	 0.291587148291715 
548	 0.289018499685838 
549	 0.286400888516754 
550	 0.283753593849302 
551	 0.281033148142694 
552	 0.278284948808042 
553	 0.275538036304216 
554	 0.272808628604137 
555	 0.270114840825314 
556	 0.267399154745163 
557	 0.264638216347263 
558	 0.261836633578944 
559	 0.25901333677398 
560	 0.256261197580632 
561	 0.253586213988165 
562	 0.25078735967492 
563	 0.248080220923915 
564	 0.245447688803364 
565	 0.242785750345132 
566	 0.240107751680308 
567	 0.237475773772576 
568	 0.234865148616647 
569	 0.232132357379535 
570	 0.229328272006545 
571	 0.226540714276062 
572	 0.223818275118455 
573	 0.220997511117521 
574	 0.218081089620056 
575	 0.215117232695765 
576	 0.212178042234567 
577	 0.209148561789781 
578	 0.206094461032776 
579	 0.203074009131393 
580	 0.200060836296477 
581	 0.197049674445529 
582	 0.194039644725747 
583	 0.191032970626084 
584	 0.187985243618604 
585	 0.184941791079679 
586	 0.181932990495246 
587	 0.178940224101119 
588	 0.175949974968941 
589	 0.172969780809942 
590	 0.170013554893392 
591	 0.167110460153517 
592	 0.164241795515824 
593	 0.161446827497557 
594	 0.158811981893826 
595	 0.156170741248245 
596	 0.153606882632879 
597	 0.151203666698471 
598	 0.148903761643013 
599	 0.146689109521514 
600	 0.144600920279951 
601	 0.142693959609946 
602	 0.140838183524043 
603	 0.139121371886314 
604	 0.137582776926369 
605	 0.136145497235089 
606	 0.134780189238047 
607	 0.133498795248958 
608	 0.132318970959863 
609	 0.13119505940419 
610	 0.130177867086518 
611	 0.129276402610787 
612	 0.128454618677063 
613	 0.127702254779435 
614	 0.126993746837334 
615	 0.126319699063185 
616	 0.12572689400313 
617	 0.125137891184149 
618	 0.124585286696085 
619	 0.12415474988938 
620	 0.123775564271306 
621	 0.123408524533583 
622	 0.123036134105577 
623	 0.122663673657087 
624	 0.122378163864349 
625	 0.122125399290906 
626	 0.121830245604184 
627	 0.121597034033718 
628	 0.121362657784051 
629	 0.121105033052686 
630	 0.120855231005294 
631	 0.120671619639619 
632	 0.120503168084837 
633	 0.120302450449201 
634	 0.120109538872034 
635	 0.11991456994493 
636	 0.119738920619232 
637	 0.119610865482301 
638	 0.119451742917896 
639	 0.119267676863741 
640	 0.119086731954118 
641	 0.118957678525474 
642	 0.118821027266762 
643	 0.118682939672581 
644	 0.118561120923736 
645	 0.118410210606552 
646	 0.118273263267904 
647	 0.118171976531889 
648	 0.118100399521977 
649	 0.118019480138824 
650	 0.117994239827351 
651	 0.118059259104021 
652	 0.11809973412173 
653	 0.118166414824316 
654	 0.118284988054951 
655	 0.118459074375624 
656	 0.118621760289988 
657	 0.118801843654069 
658	 0.119021363970304 
659	 0.119273270642773 
660	 0.119524654934613 
661	 0.119822381473141 
662	 0.120207719959336 
663	 0.120577478737755 
664	 0.120953336328312 
665	 0.12137888161152 
666	 0.121903578082122 
667	 0.122383910230902 
668	 0.122865509927192 
669	 0.12340386221502 
670	 0.123992212604361 
671	 0.124538784390463 
672	 0.12507462180072 
673	 0.125678178275132 
674	 0.126275571086993 
675	 0.126886439936791 
676	 0.127520028174422 
677	 0.128157187338071 
678	 0.12877629526053 
679	 0.129429635518283 
680	 0.130141716208701 
681	 0.130756836818462 
682	 0.131373226323039 
683	 0.132014621674572 
684	 0.132648784282363 
685	 0.133280455723299 
686	 0.13391845575508 
687	 0.134556524194098 
688	 0.135154449918914 
689	 0.135713873443184 
690	 0.136284546724751 
691	 0.136902494359784 
692	 0.137430566083777 
693	 0.137945597722653 
694	 0.138475897213523 
695	 0.138986834757421 
696	 0.139417608142347 
697	 0.139839187952999 
698	 0.140296118147133 
699	 0.140682672477093 
700	 0.141000835670706 
701	 0.141298990077884 
702	 0.1416276389271 
703	 0.141846584893732 
704	 0.141985947930708 
705	 0.142086561995926 
706	 0.142178763628547 
707	 0.14219967980349 
708	 0.142154507240353 
709	 0.142062721113811 
710	 0.141919208554012 
711	 0.141753691489166 
712	 0.141534664439654 
713	 0.141205595701582 
714	 0.140904697893202 
715	 0.140617839280298 
716	 0.140318642595559 
717	 0.139994237783605 
718	 0.139719862474591 
719	 0.139473848061234 
720	 0.139221599900069 
721	 0.139022943881038 
722	 0.13886994699208 
723	 0.138778092151914 
724	 0.138778836271157 
725	 0.138810349342872 
726	 0.138886868752659 
727	 0.139036138039819 
728	 0.139288039779616 
729	 0.139622105447152 
730	 0.139980990370201 
731	 0.140332989222414 
732	 0.140843724081284 
733	 0.141437870908588 
734	 0.142085994794461 
735	 0.142812302257409 
736	 0.143585076862648 
737	 0.144408797136635 
738	 0.145287847933232 
739	 0.1462028794877 
740	 0.147229971799296 
741	 0.148340041551149 
742	 0.149468420893123 
743	 0.150623611333542 
744	 0.151816486637144 
745	 0.153056766985062 
746	 0.154348687324359 
747	 0.155637608597425 
748	 0.156961711160323 
749	 0.158326895430456 
750	 0.159610768855558 
751	 0.160902546369863 
752	 0.162221865194861 
753	 0.163553982915716 
754	 0.164866427807719 
755	 0.166124931180031 
756	 0.167346427708363 
757	 0.168592527526566 
758	 0.169768588014014 
759	 0.170879119357242 
760	 0.171939682453549 
761	 0.172945044162827 
762	 0.173932875975334 
763	 0.174864206973071 
764	 0.175693717911926 
765	 0.176523434773983 
766	 0.177270299280675 
767	 0.17791848250547 
768	 0.178524252293099 
769	 0.179094864131082 
770	 0.179629418997356 
771	 0.180115262510996 
772	 0.180519796414652 
773	 0.180914284436706 
774	 0.181279264938919 
775	 0.181575191887489 
776	 0.181824133308286 
777	 0.182089296407825 
778	 0.182379614491035 
779	 0.182657591142414 
780	 0.182919505485613 
781	 0.183218335457168 
782	 0.183575253442551 
783	 0.183941950124299 
784	 0.184334584620022 
785	 0.184796433347213 
786	 0.18536134870011 
787	 0.185989088332557 
788	 0.18672012844901 
789	 0.187552887906994 
790	 0.188461044632045 
791	 0.189466071824004 
792	 0.190591720810383 
793	 0.191840049038883 
794	 0.193186507193188 
795	 0.194676944483059 
796	 0.196334811401462 
797	 0.198144038406979 
798	 0.200006377224613 
799	 0.201963158757787 
800	 0.204070135704207 
801	 0.206363665219506 
802	 0.208721642324424 
803	 0.21119155922729 
804	 0.213798197100503 
805	 0.216537420435884 
806	 0.21939808034277 
807	 0.222381582225918 
808	 0.225483591499062 
809	 0.228668034434073 
810	 0.231933205048355 
811	 0.23531610087433 
812	 0.238828707546262 
813	 0.24237903023662 
814	 0.246022271322537 
815	 0.249770716633795 
816	 0.253614696243547 
817	 0.257548054370724 
818	 0.261554372059808 
819	 0.265634395943345 
820	 0.269791387378095 
821	 0.273974284494395 
822	 0.278241784174845 
823	 0.282613270042509 
824	 0.286997847775393 
825	 0.291448246421244 
826	 0.295941266733533 
827	 0.300454963889506 
828	 0.305057281099741 
829	 0.309706082905021 
830	 0.314368304110337 
831	 0.31902711148206 
832	 0.323786445022 
833	 0.32856252308423 
834	 0.333325333288445 
835	 0.338119952254216 
836	 0.342924157174023 
837	 0.347721552870659 
838	 0.352499644667323 
839	 0.357260706258826 
840	 0.362081842144332 
841	 0.366856199851023 
842	 0.371515490095691 
843	 0.376318574946035 
844	 0.381049858277299 
845	 0.385699842274304 
846	 0.390350657458499 
847	 0.394926112571609 
848	 0.399549012715224 
849	 0.404162716052612 
850	 0.408573365978155 
851	 0.413027288210486 
852	 0.417475241110106 
853	 0.421851744771991 
854	 0.426145490557847 
855	 0.430348058433596 
856	 0.434454281177454 
857	 0.438520548427615 
858	 0.442725387561325 
859	 0.446707828101269 
860	 0.450507795861428 
861	 0.454289723934747 
862	 0.458110501191185 
863	 0.461878246030262 
864	 0.465499901451005 
865	 0.468942382200808 
866	 0.472445135011764 
867	 0.475891029217973 
868	 0.479221140009197 
869	 0.48244759756672 
870	 0.485532689837054 
871	 0.488586682242651 
872	 0.491634746917007 
873	 0.494572009979785 
874	 0.497489448610236 
875	 0.500283118618087 
876	 0.502924260989844 
877	 0.505617621820087 
878	 0.508223217339585 
879	 0.510718917635102 
880	 0.513117224538663 
881	 0.515410997401442 
882	 0.517798683344238 
883	 0.520127039607386 
884	 0.522185478951171 
885	 0.524232735675039 
886	 0.52627526127855 
887	 0.528302580631364 
888	 0.53028620817998 
889	 0.53217821565064 
890	 0.533959217191693 
891	 0.535685615893355 
892	 0.53746320601128 
893	 0.539168703489269 
894	 0.540821975806873 
895	 0.542390433124505 
896	 0.543766845584373 
897	 0.545183964869883 
898	 0.546687573875268 
899	 0.548195201746603 
900	 0.54949595762173 
901	 0.550776942677378 
902	 0.552030322765952 
903	 0.553232371994155 
904	 0.554427574929331 
905	 0.55558047962605 
906	 0.556707927185938 
907	 0.557823253240245 
908	 0.55888280578655 
909	 0.560009133026937 
910	 0.561125938805306 
911	 0.562108965789193 
912	 0.562973144060033 
913	 0.563912711334365 
914	 0.564930106988393 
915	 0.565912803656962 
916	 0.566767152232571 
917	 0.56753122049931 
918	 0.568330184015358 
919	 0.569288972984713 
920	 0.570250942951658 
921	 0.571124271012294 
922	 0.571833157379807 
923	 0.572378397687442 
924	 0.573170239239872 
925	 0.57403954705382 
926	 0.574883922615561 
927	 0.575708537124111 
928	 0.576332569351752 
929	 0.576910419493449 
930	 0.577587907477434 
931	 0.578416503007296 
932	 0.579191139651244 
933	 0.579734478657417 
934	 0.580144054139539 
935	 0.580812271246268 
936	 0.581648392966805 
937	 0.582363439763346 
938	 0.582870192381687 
939	 0.583406527266861 
940	 0.583890985338493 
941	 0.584489679076877 
942	 0.585225679189373 
943	 0.585853817150501 
944	 0.586397853014084 
945	 0.586911314599644 
946	 0.58748107891229 
947	 0.588207397435097 
948	 0.588785914024383 
949	 0.589363962780375 
950	 0.589999792811347 
951	 0.590424479388458 
952	 0.590956000890143 
953	 0.591570764726277 
954	 0.592198491500158 
955	 0.592836148676079 
956	 0.593330269731684 
957	 0.593711447352143 
958	 0.594134643770001 
959	 0.594862676563195 
960	 0.595373494157872 
961	 0.595851681996225 
962	 0.596433269694044 
963	 0.596844981419715 
964	 0.597235466928519 
965	 0.597706544595203 
966	 0.598234298597455 
967	 0.598607326703459 
968	 0.599036514068686 
969	 0.599342731497509 
970	 0.599505463746244 
971	 0.599897644349273 
972	 0.600500928838405 
973	 0.60098975404963 
974	 0.601231326176608 
975	 0.60150762979583 
976	 0.601774227092783 
977	 0.602130218744125 
978	 0.602579572743659 
979	 0.602965188613938 
980	 0.603286539412226 
981	 0.603427647578727 
982	 0.603510412402494 
983	 0.603921675467139 
984	 0.604354059830753 
985	 0.604813704680957 
986	 0.605182489091502 
987	 0.605236229590323 
988	 0.605572716882526 
989	 0.60585541777474 
990	 0.60605586545501 
991	 0.606499869707393 
992	 0.606892454500202 
993	 0.606934183721276 
994	 0.606950385382595 
995	 0.607522025832912 
996	 0.607571158503538 
997	 0.607817895029008 
998	 0.608278438950955 
999	 0.608503037489169 
1000	 0.608744038954857 
1001	 0.608359403888282 
1002	 0.608567070676124 
1003	 0.60879582822884 
1004	 0.60904312212307 
1005	 0.609247643114766 
1006	 0.609450274025854 
1007	 0.609695629745357 
1008	 0.609893365591763 
1009	 0.610112253913631 
1010	 0.61037401448456 
1011	 0.610557469102643 
1012	 0.61072268519194 
1013	 0.610913127539193 
1014	 0.611070166435309 
1015	 0.611221181661749 
1016	 0.611400531537337 
1017	 0.611614557502723 
1018	 0.611815194278305 
1019	 0.611992459156687 
1020	 0.612191084021955 
1021	 0.612368734364715 
1022	 0.612516750680503 
1023	 0.612668167072271 
1024	 0.612816677282991 
1025	 0.612970620543491 
1026	 0.613120449020549 
1027	 0.613271114713097 
1028	 0.613443048387899 
1029	 0.613606618154167 
1030	 0.613775116323423 
1031	 0.613971403654272 
1032	 0.614152564645291 
1033	 0.614323451349208 
1034	 0.614480494110059 
1035	 0.614671269603047 
1036	 0.614852553871128 
1037	 0.614996753446776 
1038	 0.615134151384437 
1039	 0.615268953321338 
1040	 0.615376351066428 
1041	 0.615496126536067 
1042	 0.615646711209379 
1043	 0.615800546231031 
1044	 0.615958261676699 
1045	 0.616110923125972 
1046	 0.616287094200441 
1047	 0.616436069316927 
1048	 0.616573908458195 
1049	 0.616677543132351 
1050	 0.61679099409364 
1051	 0.616901031054374 
1052	 0.617003198176987 
1053	 0.617128248721762 
1054	 0.617245831318701 
1055	 0.617335999110065 
1056	 0.61742008134004 
1057	 0.617524347643221 
1058	 0.617640247183223 
1059	 0.617769442218334 
1060	 0.617888943622886 
1061	 0.61801867005959 
1062	 0.618122408421151 
1063	 0.618203879156858 
1064	 0.618295378074495 
1065	 0.618396778567199 
1066	 0.618530206950134 
1067	 0.618694127424438 
1068	 0.618825282118678 
1069	 0.618914552860684 
1070	 0.618981529433228 
1071	 0.619037814393996 
1072	 0.619141370043274 
1073	 0.61925022104458 
1074	 0.619400868554837 
1075	 0.619514882228841 
1076	 0.619625978826552 
1077	 0.619718394801902 
1078	 0.619796982353397 
1079	 0.619873228019142 
1080	 0.619941384285996 
1081	 0.619998549891966 
1082	 0.62005280665683 
1083	 0.62011682716969 
1084	 0.620186676719393 
1085	 0.620256929986952 
1086	 0.620336784131679 
1087	 0.620400735042916 
1088	 0.620458844793352 
1089	 0.620509110150734 
1090	 0.620557352966127 
1091	 0.620611652875984 
1092	 0.620647699357402 
1093	 0.620681482059102 
1094	 0.620692305686456 
1095	 0.620688574334525 
1096	 0.620656136039067 
1097	 0.620615909807239 
1098	 0.620581144954724 
1099	 0.620573347065884 
1100	 0.620541307091251 
1101	 0.620479669929936 
1102	 0.620432058846353 
1103	 0.620338577564643 
1104	 0.620199868290352 
1105	 0.620063982004206 
1106	 0.619909369695142 
1107	 0.619749540895421 
1108	 0.619570109278181 
1109	 0.619402730063009 
1110	 0.619251765080884 
1111	 0.619071120563308 
1112	 0.618885677303694 
1113	 0.618674833919128 
1114	 0.618449530669858 
1115	 0.618246553559953 
1116	 0.618054128375019 
1117	 0.617894160303817 
1118	 0.617750368994383 
1119	 0.617597673385247 
1120	 0.617477881742914 
1121	 0.617370355805055 
1122	 0.617297194799592 
1123	 0.617245539808807 
1124	 0.617219809500886 
1125	 0.617214181633132 
1126	 0.617243796311279 
1127	 0.617313702554092 
1128	 0.617385338000091 
1129	 0.617481065411321 
1130	 0.61759277544906 
1131	 0.617690922372779 
1132	 0.617805656017003 
1133	 0.617963677499297 
1134	 0.618130525739063 
1135	 0.618315555131125 
1136	 0.618537685477508 
1137	 0.618742749305407 
1138	 0.618944107355736 
1139	 0.619163384848959 
1140	 0.619377317624155 
1141	 0.619624429863766 
1142	 0.619910814117043 
1143	 0.620176564746908 
1144	 0.620444651375474 
1145	 0.620727613189589 
1146	 0.621006653592556 
1147	 0.621300982550914 
1148	 0.621605613582776 
1149	 0.62190216574556 
1150	 0.622198036971173 
1151	 0.622490599209979 
1152	 0.622772178288477 
1153	 0.623059316960714 
1154	 0.623329224605349 
1155	 0.623581143321288 
1156	 0.623828937211385 
1157	 0.624081842539797 
1158	 0.624308275115682 
1159	 0.624525061559875 
1160	 0.624716516688316 
1161	 0.624884275680264 
1162	 0.625039230179454 
1163	 0.62517004101822 
1164	 0.625295014150851 
1165	 0.625415278068717 
1166	 0.625514604646045 
1167	 0.625597689963497 
1168	 0.62566103305003 
1169	 0.625726881006275 
1170	 0.625779144349021 
1171	 0.625827382101722 
1172	 0.625877676970341 
1173	 0.625913811248552 
1174	 0.625939667547238 
1175	 0.625949057512924 
1176	 0.625944413468003 
1177	 0.625937175107393 
1178	 0.625929593800456 
1179	 0.625892647945892 
1180	 0.625832219080595 
1181	 0.625776694544037 
1182	 0.625702386132895 
1183	 0.625620048720861 
1184	 0.62553408257914 
1185	 0.625457522688907 
1186	 0.625363611789327 
1187	 0.625242984836192 
1188	 0.62514502990366 
1189	 0.625049448054554 
1190	 0.624964445403866 
1191	 0.624884020566755 
1192	 0.62481304441855 
1193	 0.624748453981785 
1194	 0.624697461494339 
1195	 0.624648211946287 
1196	 0.62462307853462 
1197	 0.624625282687172 
1198	 0.624625059821677 
1199	 0.624641164451622 
1200	 0.624657359632655 
1201	 0.624664210491164 
1202	 0.624690180523382 
1203	 0.624727790766882 
1204	 0.624772033895302 
1205	 0.624838605167638 
1206	 0.624932783475449 
1207	 0.625011385352473 
1208	 0.625102586210128 
1209	 0.625184233932498 
1210	 0.625249223939822 
1211	 0.625334898258806 
1212	 0.62542439530117 
1213	 0.625527130092189 
1214	 0.6256439053944 
1215	 0.625764502183656 
1216	 0.625906893104499 
1217	 0.626032838793548 
1218	 0.626154013814376 
1219	 0.62627667858973 
1220	 0.626388870490881 
1221	 0.626506125709153 
1222	 0.626626799241527 
1223	 0.626747252338302 
1224	 0.626885931124547 
1225	 0.627025757820178 
1226	 0.62718845856159 
1227	 0.627377455304167 
1228	 0.627559963798413 
1229	 0.627748943610171 
1230	 0.62794686565473 
1231	 0.628148494067221 
1232	 0.628359030129473 
1233	 0.628579305847768 
1234	 0.628808807936401 
1235	 0.629046762015869 
1236	 0.629291323617341 
1237	 0.629555150609269 
1238	 0.629811085529033 
1239	 0.630079064290533 
1240	 0.630328337819114 
1241	 0.630570128910359 
1242	 0.630803587715224 
1243	 0.631035978435362 
1244	 0.631254759588952 
1245	 0.631482949270578 
1246	 0.631716858375007 
1247	 0.631942399004706 
1248	 0.632167852183572 
1249	 0.632386789847469 
1250	 0.632604879414374 
1251	 0.632810621710722 
1252	 0.633007220085856 
1253	 0.633200611072291 
1254	 0.633375876186714 
1255	 0.633563067170042 
1256	 0.633756242582365 
1257	 0.633945390144418 
1258	 0.634150646659262 
1259	 0.634333305499367 
1260	 0.634504537045348 
1261	 0.634662406678254 
1262	 0.634817000071845 
1263	 0.63495778993484 
1264	 0.635096355218678 
1265	 0.635232648781662 
1266	 0.635360542520418 
1267	 0.635468741437097 
1268	 0.635592602253207 
1269	 0.63571414409432 
1270	 0.635845814364869 
1271	 0.63599335894569 
1272	 0.636131132079434 
1273	 0.636259431113573 
1274	 0.636403705016194 
1275	 0.63654266060895 
1276	 0.63669888474763 
1277	 0.636894065621024 
1278	 0.637061571658257 
1279	 0.637214168782738 
1280	 0.637375822992746 
1281	 0.637550986621864 
1282	 0.637710606860833 
1283	 0.637898173953967 
1284	 0.63810415696886 
1285	 0.638290834243999 
1286	 0.63846121702477 
1287	 0.638658269724238 
1288	 0.638862870086885 
1289	 0.639063947882005 
1290	 0.639285668991959 
1291	 0.639485421479003 
1292	 0.639668521442181 
1293	 0.63985979255228 
1294	 0.640061661275335 
1295	 0.640235094013785 
1296	 0.640401132436998 
1297	 0.640555054313584 
1298	 0.640679961721366 
1299	 0.640809319013947 
1300	 0.64093170702004 
1301	 0.641058509279352 
1302	 0.641187151400244 
1303	 0.641311741668169 
1304	 0.64143011022394 
1305	 0.641536743393019 
1306	 0.64164400328192 
1307	 0.641748710463935 
1308	 0.641833355703981 
1309	 0.641909047384739 
1310	 0.641984805469776 
1311	 0.642031372809623 
1312	 0.642107877109056 
1313	 0.64222891267859 
1314	 0.642284353876608 
1315	 0.642323213101097 
1316	 0.642347104473305 
1317	 0.642314162746963 
1318	 0.642312008128271 
1319	 0.642331785575129 
1320	 0.642324057364638 
1321	 0.642299879331126 
1322	 0.642283926480742 
1323	 0.64225974801031 
1324	 0.642233213111223 
1325	 0.642218967156126 
1326	 0.642189832690573 
1327	 0.642145888356955 
1328	 0.642091873158134 
1329	 0.642023332106883 
1330	 0.641943203777698 
1331	 0.641846826643419 
1332	 0.641733426407526 
1333	 0.641607619366734 
1334	 0.641472514890178 
1335	 0.641317970015565 
1336	 0.641151869553038 
1337	 0.640958443948606 
1338	 0.640745076754802 
1339	 0.640509471113992 
1340	 0.64025240174834 
1341	 0.63997447846988 
1342	 0.639676053502731 
1343	 0.639357405655418 
1344	 0.639012387821902 
1345	 0.638655229294347 
1346	 0.638285025884907 
1347	 0.637891883210142 
1348	 0.637477946810305 
1349	 0.63705003070493 
1350	 0.636606215504381 
1351	 0.636130637250982 
1352	 0.635639167619554 
1353	 0.635128329132373 
1354	 0.634597618245368 
1355	 0.634076426010667 
1356	 0.633565196240322 
1357	 0.633047903470441 
1358	 0.632535137181012 
1359	 0.632021817194704 
1360	 0.631519760106001 
1361	 0.63101540251539 
1362	 0.630537902868851 
1363	 0.630070317230054 
1364	 0.629626030821282 
1365	 0.629204237211274 
1366	 0.628795246477001 
1367	 0.628399804292175 
1368	 0.62803304060239 
1369	 0.627684631444472 
1370	 0.627354322649176 
1371	 0.627052870677634 
1372	 0.626759535932201 
1373	 0.626503185588554 
1374	 0.626222742885838 
1375	 0.625944260151136 
1376	 0.6256616978981 
1377	 0.625364314590534 
1378	 0.62502558102632 
1379	 0.624678765462894 
1380	 0.624272956757489 
1381	 0.623771121050803 
1382	 0.623210969611616 
1383	 0.622539445535771 
1384	 0.621809635092567 
1385	 0.621066433049993 
1386	 0.620263710192046 
1387	 0.619452620009434 
1388	 0.618609619366174 
1389	 0.617782073356397 
1390	 0.616885965550057 
1391	 0.616118273093942 
1392	 0.615387498090713 
1393	 0.614720765294093 
1394	 0.614191525620913 
1395	 0.613572752366739 
1396	 0.612988546983203 
1397	 0.612336024315832 
1398	 0.611658629287105 
1399	 0.610899055331891 
1400	 0.610145860708504 
1401	 0.609230201496387 
1402	 0.608229739668431 
1403	 0.60708929730095 
1404	 0.605808224783218 
1405	 0.604416358464899 
1406	 0.602924773753236 
1407	 0.601361997755183 
1408	 0.599711368463841 
1409	 0.597997949957233 
1410	 0.596263614720218 
1411	 0.59448446359558 
1412	 0.592716317931171 
1413	 0.59099102748543 
1414	 0.589302070340533 
1415	 0.587677110282019 
1416	 0.586151142211322 
1417	 0.584713408983184 
1418	 0.583344195250347 
1419	 0.58207075534638 
1420	 0.580819120813901 
1421	 0.579644842045596 
1422	 0.578473628698091 
1423	 0.577352043984716 
1424	 0.576215006296584 
1425	 0.575089373984731 
1426	 0.57397573662972 
1427	 0.572850413032782 
1428	 0.571765856244484 
1429	 0.570696034101803 
1430	 0.569671694653427 
1431	 0.568669062110278 
1432	 0.567719538783957 
1433	 0.566812618307103 
1434	 0.565954575891799 
1435	 0.565147281572405 
1436	 0.564372346811125 
1437	 0.563639165532425 
1438	 0.562948788019666 
1439	 0.562289333897688 
1440	 0.561670372128699 
1441	 0.561091970847638 
1442	 0.560537306982541 
1443	 0.560000928167593 
1444	 0.559496883243069 
1445	 0.559017225041283 
1446	 0.558559092201755 
1447	 0.558142137599091 
1448	 0.557747778247569 
1449	 0.55736479775888 
1450	 0.557015347207498 
1451	 0.556681009503575 
1452	 0.556366729102937 
1453	 0.556060082868675 
1454	 0.555782229332951 
1455	 0.55549091033763 
1456	 0.555203904114471 
1457	 0.554909562351553 
1458	 0.554608343451935 
1459	 0.554320673729122 
1460	 0.554026368363608 
1461	 0.553751841611748 
1462	 0.553502274294206 
1463	 0.553239519801542 
1464	 0.552971788512579 
1465	 0.552720553529056 
1466	 0.552460329352353 
1467	 0.552230858822331 
1468	 0.55203353597589 
1469	 0.551832633259424 
1470	 0.551646432814233 
1471	 0.551463654509938 
1472	 0.551280434567104 
1473	 0.551105887055521 
1474	 0.550931425836219 
1475	 0.550781445083809 
1476	 0.550634124294896 
1477	 0.550519825547878 
1478	 0.550445986917119 
1479	 0.550389169964647 
1480	 0.550365452773455 
1481	 0.550366120516348 
1482	 0.55038025225148 
1483	 0.55041922205325 
1484	 0.550476574522672 
1485	 0.55056094123966 
1486	 0.550682918731448 
1487	 0.550825149538344 
1488	 0.550984631442322 
1489	 0.551161122536669 
1490	 0.55133887677122 
1491	 0.55153524449765 
1492	 0.551765127155417 
1493	 0.552008383787434 
1494	 0.552256737695969 
1495	 0.552520739955392 
1496	 0.552795344768651 
1497	 0.553071364154669 
1498	 0.553376003616898 
1499	 0.553708976525139 
1500	 0.554037069166847 
1501	 0.554377102672933 
1502	 0.554721135745132 
1503	 0.555071712263443 
1504	 0.555427796865189 
1505	 0.555793297780577 
1506	 0.556163168306846 
1507	 0.55653195073718 
1508	 0.556911845153178 
1509	 0.557309267647945 
1510	 0.557694834164073 
1511	 0.558085083783043 
1512	 0.558473209615292 
1513	 0.558851605555558 
1514	 0.559235042745539 
1515	 0.559631755425527 
1516	 0.560007805982475 
1517	 0.560385682453061 
1518	 0.560742119588806 
1519	 0.561073698561921 
1520	 0.561401546674365 
1521	 0.561720296006387 
1522	 0.562023143206012 
1523	 0.562320120400919 
1524	 0.562599159026947 
1525	 0.562851943342558 
1526	 0.563103117852894 
1527	 0.563344970237041 
1528	 0.563579256031155 
1529	 0.563798234391787 
1530	 0.564010006094171 
1531	 0.564213054388444 
1532	 0.564411286714842 
1533	 0.564612530414764 
1534	 0.564814256414004 
1535	 0.565013529732963 
1536	 0.565204000290735 
1537	 0.565388707600321 
1538	 0.565571167242664 
1539	 0.565753854910406 
1540	 0.565948827925689 
1541	 0.566152778513695 
1542	 0.566368838379755 
1543	 0.56659431655893 
1544	 0.566812480120337 
1545	 0.567025839109121 
1546	 0.567235887197576 
1547	 0.567468493511628 
1548	 0.567709598892969 
1549	 0.567941277370871 
1550	 0.568189518635563 
1551	 0.568417608498828 
1552	 0.568619399508958 
1553	 0.568842795524352 
1554	 0.56907435591516 
1555	 0.569303602264112 
1556	 0.569539892333469 
1557	 0.569769326101981 
1558	 0.569992459905807 
1559	 0.570219595814845 
1560	 0.570452743983586 
1561	 0.570672889186022 
1562	 0.57088828041663 
1563	 0.571103810225798 
1564	 0.571305027724299 
1565	 0.571517566903313 
1566	 0.571745949739209 
1567	 0.571952885589853 
1568	 0.572148160169395 
1569	 0.572355403711473 
1570	 0.572551328538213 
1571	 0.572760209878766 
1572	 0.572978220747571 
1573	 0.573205194258739 
1574	 0.573439166398991 
1575	 0.573676621672578 
1576	 0.573935648976496 
1577	 0.574176002959832 
1578	 0.574404301139167 
1579	 0.574639794049433 
1580	 0.574858247820699 
1581	 0.575108258518446 
1582	 0.575368888295889 
1583	 0.575650438582927 
1584	 0.575956262465059 
1585	 0.576274455074691 
1586	 0.576603531364901 
1587	 0.576956775728815 
1588	 0.577315070614731 
1589	 0.577720260452993 
1590	 0.578162059006174 
1591	 0.578627888076532 
1592	 0.579131844730532 
1593	 0.579658741280255 
1594	 0.580202575830887 
1595	 0.580781244434915 
1596	 0.581406512865691 
1597	 0.582036922572942 
1598	 0.582693429410618 
1599	 0.583361656184854 
1600	 0.584048496348502 
1601	 0.584738585219835 
1602	 0.585433805931841 
1603	 0.586152718814322 
1604	 0.586895781090937 
1605	 0.587629386500117 
1606	 0.588387446624218 
1607	 0.589130057590985 
1608	 0.589859906172529 
1609	 0.590584466724231 
1610	 0.591302865344681 
1611	 0.592021058704822 
1612	 0.59273827964454 
1613	 0.593442894594635 
1614	 0.594164860394552 
1615	 0.594841356713677 
1616	 0.595494428805418 
1617	 0.596113308673558 
1618	 0.596681749504682 
1619	 0.597250829946761 
1620	 0.597803657678632 
1621	 0.598333490782525 
1622	 0.598861520360386 
1623	 0.599348810680756 
1624	 0.599784946427202 
1625	 0.600227028186819 
1626	 0.600619493305758 
1627	 0.601054854207534 
1628	 0.601515252657445 
1629	 0.601969855735303 
1630	 0.602445344713407 
1631	 0.602916548904267 
1632	 0.603375330538942 
1633	 0.603846979886045 
1634	 0.604336360538471 
1635	 0.60481547576384 
1636	 0.605287211076127 
1637	 0.605770705290707 
1638	 0.60625369300097 
1639	 0.606744627690332 
1640	 0.607269821762541 
1641	 0.607757183131548 
1642	 0.60824967767664 
1643	 0.608696430790001 
1644	 0.609115157079837 
1645	 0.609491316940696 
1646	 0.609842168291945 
1647	 0.610130329871434 
1648	 0.610376352132524 
1649	 0.610556616704115 
1650	 0.610676920024833 
1651	 0.61073502924965 
1652	 0.610727938296248 
1653	 0.610662714857388 
1654	 0.610538822149729 
1655	 0.610343900171629 
1656	 0.610064954208369 
1657	 0.609753929412166 
1658	 0.609368946129385 
1659	 0.608960158373223 
1660	 0.608511540109588 
1661	 0.608035585388792 
1662	 0.607514297243634 
1663	 0.606976653477303 
1664	 0.60639349307559 
1665	 0.605825900470716 
1666	 0.605237051136581 
1667	 0.60466463853623 
1668	 0.60409418317277 
1669	 0.603548976480295 
1670	 0.603006814635797 
1671	 0.602500216681959 
1672	 0.602007195770118 
1673	 0.601572828902899 
1674	 0.601167894567795 
1675	 0.600825075977068 
1676	 0.600545505464734 
1677	 0.600309275448563 
1678	 0.600134058460654 
1679	 0.599986272075292 
1680	 0.59987603058042 
1681	 0.599816223311321 
1682	 0.59981405235445 
1683	 0.59982133927607 
1684	 0.599893026410184 
1685	 0.599940352260768 
1686	 0.599993929144497 
1687	 0.600038781372367 
1688	 0.60009440141994 
1689	 0.600119698856129 
1690	 0.600141909656377 
1691	 0.600121052377021 
1692	 0.600057288707252 
1693	 0.599993280525642 
1694	 0.599909129867667 
1695	 0.599802045877602 
1696	 0.599671733495747 
1697	 0.599545643949181 
1698	 0.599387217352163 
1699	 0.599251931672608 
1700	 0.599120741337253 
1701	 0.599015338270251 
1702	 0.598905727738646 
1703	 0.598845742041775 
1704	 0.59883189197988 
1705	 0.598821921000146 
1706	 0.598831161996733 
1707	 0.598873096149287 
1708	 0.598930476924999 
1709	 0.599023856342929 
1710	 0.599148976253114 
1711	 0.599318488798526 
1712	 0.599507956715449 
1713	 0.599772006691618 
1714	 0.600107276149896 
1715	 0.600459699110106 
1716	 0.600852194566077 
1717	 0.601299191987303 
1718	 0.601781170016317 
1719	 0.602322634770642 
1720	 0.602952149869483 
1721	 0.603557939413898 
1722	 0.604190508964391 
1723	 0.604832073757068 
1724	 0.605502285581966 
1725	 0.606124009408998 
1726	 0.606769930866984 
1727	 0.607320042854186 
1728	 0.607834692715128 
1729	 0.608214754714994 
1730	 0.608505892370868 
1731	 0.608683394244886 
1732	 0.608748292539478 
1733	 0.608699443840957 
1734	 0.608563622989049 
1735	 0.608321487809458 
1736	 0.607985361601447 
1737	 0.6076073258399 
1738	 0.607192161085267 
1739	 0.606694419030535 
1740	 0.606185206761843 
1741	 0.605670011553334 
1742	 0.605197143206647 
1743	 0.604773529060681 
1744	 0.604350554286368 
1745	 0.603931212639477 
1746	 0.603549204208214 
1747	 0.603155987312879 
1748	 0.602837366016076 
1749	 0.602611963228497 
1750	 0.602361066681905 
1751	 0.602115923205403 
1752	 0.601934594408895 
1753	 0.601754622375818 
1754	 0.601640210101169 
1755	 0.601626461578705 
1756	 0.601604842614802 
1757	 0.601598659798799 
1758	 0.601623485281053 
1759	 0.601692715573396 
1760	 0.601755919518256 
1761	 0.601864169328472 
1762	 0.601923464406343 
1763	 0.601972324319984 
1764	 0.601983736926653 
1765	 0.601949153027325 
1766	 0.601922846556094 
1767	 0.601887493856364 
1768	 0.601822257718496 
1769	 0.601741426335379 
1770	 0.601649587407742 
1771	 0.601524505446348 
1772	 0.601406547655711 
1773	 0.601283421663059 
1774	 0.601172884341028 
1775	 0.601043283589156 
1776	 0.600973367638861 
1777	 0.600909980733424 
1778	 0.600873064712337 
1779	 0.600866766014162 
1780	 0.600884060231335 
1781	 0.600936642554771 
1782	 0.601005135226157 
1783	 0.601113028833809 
1784	 0.601230063099761 
1785	 0.60134160613961 
1786	 0.601491130806979 
1787	 0.601629861293127 
1788	 0.601763209762162 
1789	 0.601927792395523 
1790	 0.602066832112053 
1791	 0.60220870045162 
1792	 0.602363111958547 
1793	 0.602526533323394 
1794	 0.602728377352914 
1795	 0.602899917874975 
1796	 0.603061057963377 
1797	 0.603228351786637 
1798	 0.603369602458842 
1799	 0.60353194707871 
1800	 0.603708819592796 
1801	 0.597190108743381 
1802	 0.597438025426069 
1803	 0.597710047981517 
1804	 0.597979711423614 
1805	 0.598278362324112 
1806	 0.598565152214927 
1807	 0.598832321933495 
1808	 0.599089328663226 
1809	 0.599343124846556 
1810	 0.599570303701784 
1811	 0.599813917187925 
1812	 0.600090769287371 
1813	 0.60035630206797 
1814	 0.600575920942299 
1815	 0.600798400216367 
1816	 0.600991119319862 
1817	 0.60117778544251 
1818	 0.601336186104114 
1819	 0.601551589193333 
1820	 0.601751888789387 
1821	 0.60194595697536 
1822	 0.602167396350638 
1823	 0.602372621427856 
1824	 0.602574281990011 
1825	 0.602799948089421 
1826	 0.603061455798376 
1827	 0.603350379066055 
1828	 0.603671117567639 
1829	 0.604027010245857 
1830	 0.604397538723527 
1831	 0.604758005842998 
1832	 0.605118329952705 
1833	 0.60549266152907 
1834	 0.60587208098051 
1835	 0.606265429390078 
1836	 0.606702468466636 
1837	 0.607129313898846 
1838	 0.607569073467446 
1839	 0.608005962603967 
1840	 0.608442813617985 
1841	 0.608832534159818 
1842	 0.60919128687106 
1843	 0.609538281320107 
1844	 0.609869576845009 
1845	 0.610201796142652 
1846	 0.610515132273274 
1847	 0.610833137511662 
1848	 0.611112384940048 
1849	 0.611363426510972 
1850	 0.611599949034071 
1851	 0.611823951982121 
1852	 0.612038532930354 
1853	 0.612231304751676 
1854	 0.612363405344036 
1855	 0.612472680834234 
1856	 0.612576329459403 
1857	 0.612645644796242 
1858	 0.612710379624246 
1859	 0.612722898263019 
1860	 0.612704145858692 
1861	 0.612628519025505 
1862	 0.612518055222585 
1863	 0.612385692635096 
1864	 0.612237781346525 
1865	 0.612065145243553 
1866	 0.611822825045837 
1867	 0.611540624431397 
1868	 0.611202336467035 
1869	 0.610805373017817 
1870	 0.610351216150828 
1871	 0.609857214455013 
1872	 0.609312203660464 
1873	 0.608673231238263 
1874	 0.607946300741264 
1875	 0.607165867702007 
1876	 0.606310592406902 
1877	 0.605374001952968 
1878	 0.604395622111557 
1879	 0.603295111091746 
1880	 0.602131143815042 
1881	 0.600820675594112 
1882	 0.599409480163006 
1883	 0.597839722350543 
1884	 0.596162917738914 
1885	 0.594334921390559 
1886	 0.592370175986455 
1887	 0.590278285515462 
1888	 0.588034969234649 
1889	 0.585622293123634 
1890	 0.583093054999771 
1891	 0.580351851563713 
1892	 0.577593444350988 
1893	 0.57471517964073 
1894	 0.571766198005375 
1895	 0.568796961137657 
1896	 0.565821747141033 
1897	 0.562873648349103 
1898	 0.559892769220363 
1899	 0.556983946157215 
1900	 0.554061033634843 
1901	 0.551262632158877 
1902	 0.548495133730668 
1903	 0.545856111455877 
1904	 0.543320348561484 
1905	 0.540899324684984 
1906	 0.538578477843334 
1907	 0.536367690519777 
1908	 0.534253442436301 
1909	 0.532246867196773 
1910	 0.530339018278887 
1911	 0.52852763796177 
1912	 0.526822397076022 
1913	 0.525221946405735 
1914	 0.523719980564782 
1915	 0.522311559507475 
1916	 0.521031536965778 
1917	 0.519841574193982 
1918	 0.518755667060968 
1919	 0.517767321103358 
1920	 0.516891738015896 
1921	 0.51609158896214 
1922	 0.515373153054202 
1923	 0.514771797626015 
1924	 0.514279874986625 
1925	 0.513868027639173 
1926	 0.513574118966335 
1927	 0.513357228803771 
1928	 0.513192798331172 
1929	 0.513100952039387 
1930	 0.513073019220871 
1931	 0.513114225086708 
1932	 0.513218139008052 
1933	 0.51341387006483 
1934	 0.513621790243669 
1935	 0.513884955688539 
1936	 0.51418034843269 
1937	 0.514504314723809 
1938	 0.514872478116903 
1939	 0.515289538660562 
1940	 0.515745430040788 
1941	 0.516228956698576 
1942	 0.51674522230957 
1943	 0.517299397344382 
1944	 0.517899851398326 
1945	 0.518511361407438 
1946	 0.51917128814468 
1947	 0.5198225403348 
1948	 0.520493030764546 
1949	 0.521159138914371 
1950	 0.521830612642813 
1951	 0.522504087863085 
1952	 0.523174805751779 
1953	 0.523857131824695 
1954	 0.524508264856341 
1955	 0.52515588959794 
1956	 0.52577846015484 
1957	 0.526364039249989 
1958	 0.526961756393216 
1959	 0.527550935035731 
1960	 0.528138571482086 
1961	 0.528719720932704 
1962	 0.529307246403981 
1963	 0.529895438421435 
1964	 0.530473985637076 
1965	 0.531075009142446 
1966	 0.531675926909341 
1967	 0.532310548191161 
1968	 0.532948294970246 
1969	 0.533635787199718 
1970	 0.534370482516919 
1971	 0.535110760056912 
1972	 0.535890737871851 
1973	 0.536672248097087 
1974	 0.537457481540119 
1975	 0.538264116472972 
1976	 0.539082251830914 
1977	 0.539917964869202 
1978	 0.540760877458096 
1979	 0.541641496608685 
1980	 0.542476529978127 
1981	 0.543320402069455 
1982	 0.544124521255962 
1983	 0.544880866124995 
1984	 0.545645096726182 
1985	 0.546401412620934 
1986	 0.54714028332991 
1987	 0.547866512745473 
1988	 0.548600739659562 
1989	 0.549269512535008 
1990	 0.549888614212783 
1991	 0.550521987809763 
1992	 0.551114711459481 
1993	 0.55172524050284 
1994	 0.552382856555015 
1995	 0.552961108917424 
1996	 0.5535038690641 
1997	 0.55402323642537 
1998	 0.554507408514351 
1999	 0.554951531074708 
2000	 0.555384514448998 
2001	 0.555765237441752 
2002	 0.556084968480881 
2003	 0.556353771510514 
2004	 0.556558664812076 
2005	 0.556720122665042 
2006	 0.556792943751121 
2007	 0.5567814629904 
2008	 0.556724716122083 
2009	 0.55658648587457 
2010	 0.556409583839076 
2011	 0.556208799037736 
2012	 0.555918122650616 
2013	 0.555545226117422 
2014	 0.555122917635968 
2015	 0.554649205243842 
2016	 0.554093845957878 
2017	 0.553511878531614 
2018	 0.552885564336391 
2019	 0.552222115971183 
2020	 0.55151050194571 
2021	 0.550758317601218 
2022	 0.54994807371744 
2023	 0.549134264007751 
2024	 0.548286347576369 
2025	 0.547409713910054 
2026	 0.546519716527243 
2027	 0.545603934906721 
2028	 0.544649486721436 
2029	 0.543650312723404 
2030	 0.542628695160782 
2031	 0.541592807337892 
2032	 0.540500032069722 
2033	 0.539353696452744 
2034	 0.538192800557264 
2035	 0.536986632868063 
2036	 0.535765987580032 
2037	 0.534536339326835 
2038	 0.533262668406645 
2039	 0.531945233957965 
2040	 0.530620871521958 
2041	 0.529245663672414 
2042	 0.527843225774063 
2043	 0.526431459706245 
2044	 0.524995413271181 
2045	 0.523545408267672 
2046	 0.5220581963682 
2047	 0.520602629034119 
2048	 0.519129725822315 
2049	 0.517685822554319 
2050	 0.516270608658185 
2051	 0.514852798163018 
2052	 0.513433490379779 
2053	 0.512034288534852 
2054	 0.510636300619788 
2055	 0.509277358010178 
2056	 0.50792326405644 
2057	 0.506589500453978 
2058	 0.505261340654919 
2059	 0.503931271398391 
2060	 0.502646622554255 
2061	 0.501405115418908 
2062	 0.500144373536141 
2063	 0.498898190558399 
2064	 0.497664970492012 
2065	 0.496407411377939 
2066	 0.495200481461662 
2067	 0.49403543818414 
2068	 0.492886653408846 
2069	 0.491733573192341 
2070	 0.490611006977694 
2071	 0.489561708223598 
2072	 0.48854077109941 
2073	 0.487585332081458 
2074	 0.4867096552945 
2075	 0.485859745845423 
2076	 0.485033729485877 
2077	 0.484282089763807 
2078	 0.483597726777371 
2079	 0.482956901452991 
2080	 0.482366974295835 
2081	 0.481834547342717 
2082	 0.481390319545267 
2083	 0.480940862138881 
2084	 0.480510528277556 
2085	 0.480133593898499 
2086	 0.47973350596986 
2087	 0.479375071192422 
2088	 0.479033778996032 
2089	 0.478724906940599 
2090	 0.478427668942893 
2091	 0.47816338728174 
2092	 0.477879602476741 
2093	 0.477608446387189 
2094	 0.477343811559773 
2095	 0.477062193401375 
2096	 0.476807596520809 
2097	 0.476565255531079 
2098	 0.476345965604062 
2099	 0.476125337431747 
2100	 0.475947687327145 
2101	 0.475846186889787 
2102	 0.475737660387464 
2103	 0.475656626002717 
2104	 0.475603168551386 
2105	 0.475600995914693 
2106	 0.475618916263949 
2107	 0.475691154284132 
2108	 0.475823632599859 
2109	 0.475989178448617 
2110	 0.476185038999834 
2111	 0.476416724616466 
2112	 0.476721550264978 
2113	 0.477029137937949 
2114	 0.477350544426733 
2115	 0.477709089233779 
2116	 0.478101089430105 
2117	 0.478470462548127 
2118	 0.478862236380105 
2119	 0.479254842756059 
2120	 0.479642962230987 
2121	 0.480025138958585 
2122	 0.480425317060982 
2123	 0.480851034135239 
2124	 0.481234194867027 
2125	 0.481623023268647 
2126	 0.48197376974512 
2127	 0.482325135517409 
2128	 0.48257906132294 
2129	 0.482798678828689 
2130	 0.482951376954419 
2131	 0.482994364985241 
2132	 0.483020712654467 
2133	 0.483002688535097 
2134	 0.482943660947725 
2135	 0.482834592219397 
2136	 0.482739374347461 
2137	 0.482623279981383 
2138	 0.482527808755915 
2139	 0.482513428869224 
2140	 0.482498624419642 
2141	 0.482622118733815 
2142	 0.482833926296323 
2143	 0.483135972948808 
2144	 0.483582858158214 
2145	 0.484023280148049 
2146	 0.484565916938178 
2147	 0.485083788883413 
2148	 0.485655057964769 
2149	 0.486158357624091 
2150	 0.486662308259873 
2151	 0.48713170940377 
2152	 0.48750333172883 
2153	 0.48785460113273 
2154	 0.488084066809091 
2155	 0.488267525221285 
2156	 0.488379754549899 
2157	 0.488351958450675 
2158	 0.488425593363661 
2159	 0.488459203498878 
2160	 0.488563790219747 
2161	 0.488709920107439 
2162	 0.488895813887657 
2163	 0.489077055454118 
2164	 0.489363564481207 
2165	 0.489698765530391 
2166	 0.49014070511554 
2167	 0.490685376329559 
2168	 0.491297986100494 
2169	 0.492052930732012 
2170	 0.492800684371602 
2171	 0.493592611626032 
2172	 0.494434632965715 
2173	 0.495335316417316 
2174	 0.496174318021357 
2175	 0.497020170806774 
2176	 0.49789507278551 
2177	 0.498667447012762 
2178	 0.499397069419263 
2179	 0.500039906777445 
2180	 0.500607638026442 
2181	 0.5011266803323 
2182	 0.501527214213894 
2183	 0.501976924674171 
2184	 0.50238639144026 
2185	 0.502815275468941 
2186	 0.503226283737544 
2187	 0.50368810718698 
2188	 0.504149087299424 
2189	 0.504664706551213 
2190	 0.505262197774734 
2191	 0.505840477563145 
2192	 0.506432009313912 
2193	 0.507063772103456 
2194	 0.507679462215231 
2195	 0.508292242455003 
2196	 0.508859017656925 
2197	 0.509348815696514 
2198	 0.50975554830652 
2199	 0.5100627240273 
2200	 0.510353162076104 
2201	 0.510553981225165 
2202	 0.51077950180927 
2203	 0.510957243227716 
2204	 0.511170132163514 
2205	 0.511328475088763 
2206	 0.511609481471765 
2207	 0.511911663593662 
2208	 0.512321727694292 
2209	 0.512841683589224 
2210	 0.513418280985048 
2211	 0.514106936879887 
2212	 0.514805115829127 
2213	 0.51560675140757 
2214	 0.516356946161548 
2215	 0.51711912185586 
2216	 0.517861170157203 
2217	 0.51859788763071 
2218	 0.519309444695017 
2219	 0.519934835629067 
2220	 0.52050459747064 
2221	 0.52092426326154 
2222	 0.521212183987653 
2223	 0.52141928410953 
2224	 0.521509463907624 
2225	 0.521517007173935 
2226	 0.52143495261609 
2227	 0.521236315760364 
2228	 0.520950932917352 
2229	 0.520520889897447 
2230	 0.519966480417321 
2231	 0.519275015277049 
2232	 0.518445862138062 
2233	 0.517476339287615 
2234	 0.516383289634726 
2235	 0.515114039914263 
2236	 0.513631141306376 
2237	 0.512091516995982 
2238	 0.510380655835045 
2239	 0.508612337821388 
2240	 0.506755753797982 
2241	 0.504830813281467 
2242	 0.502819125382364 
2243	 0.500691504197209 
2244	 0.498516035343959 
2245	 0.496406379714305 
2246	 0.494341749324525 
2247	 0.492281275291439 
2248	 0.490269546679443 
2249	 0.488297010673832 
2250	 0.486396587000243 
2251	 0.484518462829114 
2252	 0.482741474377916 
2253	 0.481109192454227 
2254	 0.479420403116543 
2255	 0.477765346370336 
2256	 0.476113200022772 
2257	 0.474463697818774 
2258	 0.47282607045834 
2259	 0.471216567193083 
2260	 0.469605684054211 
2261	 0.467960288764336 
2262	 0.46639585739331 
2263	 0.464850101416539 
2264	 0.463384949552369 
2265	 0.461985921529712 
2266	 0.460644480537006 
2267	 0.459328919278072 
2268	 0.458132472698473 
2269	 0.456948580464342 
2270	 0.455989293980425 
2271	 0.455215522586374 
2272	 0.454552496108855 
2273	 0.454120304644774 
2274	 0.453754125645104 
2275	 0.453400254315091 
2276	 0.453112557682172 
2277	 0.452862357231992 
2278	 0.452658657198506 
2279	 0.452516491241537 
2280	 0.452501791177489 
2281	 0.45236962428694 
2282	 0.452281854772849 
2283	 0.452051420985236 
2284	 0.451728762181803 
2285	 0.451371325720735 
2286	 0.450923266470914 
2287	 0.450467797609398 
2288	 0.449923913037432 
2289	 0.44946842698444 
2290	 0.448965406408678 
2291	 0.448590692096227 
2292	 0.448347093025008 
2293	 0.448048419500443 
2294	 0.447774404652806 
2295	 0.447536884395513 
2296	 0.44722119112908 
2297	 0.447090911179829 
2298	 0.447071328391119 
2299	 0.447147861178437 
2300	 0.447366804824462 
2301	 0.447648075543513 
2302	 0.448130119541819 
2303	 0.448496027509594 
2304	 0.448980679057847 
2305	 0.449286531215459 
2306	 0.449456748766781 
2307	 0.449567649287418 
2308	 0.449718366281526 
2309	 0.4495431218666 
2310	 0.449186703980664 
2311	 0.448635651486858 
2312	 0.447708778644663 
2313	 0.446727098782555 
2314	 0.445567466038854 
2315	 0.444374988231454 
2316	 0.443101089031154 
2317	 0.44169603325012 
2318	 0.440316812124885 
2319	 0.438870515967301 
2320	 0.43750942790685 
2321	 0.436104679732644 
2322	 0.434847114317249 
2323	 0.433638048881175 
2324	 0.432586149937064 
2325	 0.431646382903182 
2326	 0.430787060165419 
2327	 0.430105083805174 
2328	 0.429366144146433 
2329	 0.428632338168513 
2330	 0.428021568518877 
2331	 0.427494093308178 
2332	 0.426961805806162 
2333	 0.426540540697275 
2334	 0.426073560242903 
2335	 0.425536666065831 
2336	 0.425121046471344 
2337	 0.42472960470551 
2338	 0.424478002050541 
2339	 0.424287169971076 
2340	 0.424273713848079 
2341	 0.424472189993174 
2342	 0.424672525453585 
2343	 0.425042772577418 
2344	 0.425365554743403 
2345	 0.425694964733566 
2346	 0.426074353393617 
2347	 0.4265691006508 
2348	 0.426930569747454 
2349	 0.427247551749602 
2350	 0.427568572034589 
2351	 0.427826907713303 
2352	 0.428051611694391 
2353	 0.42829965449569 
2354	 0.428487730492193 
2355	 0.428444598606848 
2356	 0.428643307433519 
2357	 0.429031116414913 
2358	 0.429295321946582 
2359	 0.429524266752339 
2360	 0.429931864102625 
2361	 0.430298475971407 
2362	 0.430814451450225 
2363	 0.431637528760493 
2364	 0.432398867238834 
2365	 0.433254393739227 
2366	 0.433989938462552 
2367	 0.434730823773578 
2368	 0.4353921366979 
2369	 0.435778954967057 
2370	 0.436390037273091 
2371	 0.437132115945825 
2372	 0.437832616664908 
2373	 0.438775033174875 
2374	 0.439483644664125 
2375	 0.439940994500154 
2376	 0.440493819309374 
2377	 0.440858487307821 
2378	 0.441406656612306 
2379	 0.442109272657139 
2380	 0.442852130398864 
2381	 0.443724404647679 
2382	 0.444639246998729 
2383	 0.445338528045046 
2384	 0.446055495656537 
2385	 0.446621516459818 
2386	 0.44686312209033 
2387	 0.446887965170582 
2388	 0.447108189150842 
2389	 0.447513551640778 
2390	 0.44793338769016 
2391	 0.448585699017615 
2392	 0.449179883542237 
2393	 0.449787176156727 
2394	 0.450362556727111 
2395	 0.450635846294207 
2396	 0.450945774281011 
2397	 0.450939554399307 
2398	 0.45052436691404 
2399	 0.450461276990348 
2400	 0.450479258713249 
2401	 0.45031448968799 
2402	 0.450253333787231 
2403	 0.449887344232258 
2404	 0.449272203474103 
2405	 0.448859788312661 
2406	 0.448479898256939 
2407	 0.448007709312499 
2408	 0.447693076870864 
2409	 0.447388748690529 
2410	 0.446960748788983 
2411	 0.446658418444839 
2412	 0.446260318507586 
2413	 0.445699908699133 
2414	 0.445216748242497 
2415	 0.444579877226917 
2416	 0.443836156185811 
2417	 0.443367168357883 
2418	 0.442840586371915 
2419	 0.442111336974287 
2420	 0.441500589831339 
2421	 0.440453121888119 
2422	 0.439009060228845 
2423	 0.438108108713462 
2424	 0.437403419375917 
2425	 0.436481627465588 
2426	 0.43556327526608 
2427	 0.434534633439681 
2428	 0.433460062737797 
2429	 0.432579956957135 
2430	 0.431598612773269 
2431	 0.43012975327128 
2432	 0.428643597900297 
2433	 0.427421045269056 
2434	 0.426131973343277 
2435	 0.425258375354664 
2436	 0.424232791387009 
2437	 0.422493217559877 
2438	 0.421049850521113 
2439	 0.419553171297694 
2440	 0.417903961384258 
2441	 0.416887345869845 
2442	 0.415887094423296 
2443	 0.414352217165838 
2444	 0.412734964682805 
2445	 0.410448108502271 
2446	 0.408019716617077 
2447	 0.406188489901685 
2448	 0.404493439882176 
2449	 0.40322295446998 
2450	 0.401394968882079 
2451	 0.399498441787069 
2452	 0.398187368592599 
2453	 0.396756368705566 
2454	 0.395542132073522 
2455	 0.393790702265015 
2456	 0.391434609925945 
2457	 0.389426114892449 
2458	 0.387603735393488 
2459	 0.386511782262307 
2460	 0.384845106909652 
2461	 0.38260838648937 
2462	 0.380751723762776 
2463	 0.378480674802043 
2464	 0.37673987229429 
2465	 0.376021876572097 
2466	 0.374493601755093 
2467	 0.372861134688302 
2468	 0.37122749098458 
2469	 0.368650625845354 
2470	 0.367063251233702 
2471	 0.366385526600062 
2472	 0.365437701723977 
2473	 0.364890223930399 
2474	 0.363658517248797 
2475	 0.36151704715796 
2476	 0.360494489713492 
2477	 0.359934345511578 
2478	 0.359790355809765 
2479	 0.360757931854991 
2480	 0.361231747410514 
2481	 0.361818372840413 
2482	 0.361813270809791 
2483	 0.36129570247844 
2484	 0.361674261209064 
2485	 0.361899862408586 
2486	 0.362878910871855 
2487	 0.365489361659328 
2488	 0.366769974413308 
2489	 0.366944767973342 
2490	 0.368107700585067 
2491	 0.371014563202556 
2492	 0.371872697671817 
2493	 0.371275253191727 
2494	 0.369284995727989 
2495	 0.365886300435689 
2496	 0.365467280156183 
2497	 0.366668399792112 
2498	 0.371081920489098 
2499	 0.374986341306865 
2500	 0.373211411163508 
