Wavelength	C:\Documents and Settings\All Users\Application Data\ASD\Indico Pro\Projects\McBeth_080818\#17.txt
350	 0.14482962433721 
351	 0.141484942590511 
352	 0.137617833126986 
353	 0.135298215853567 
354	 0.134096024019868 
355	 0.130284363868993 
356	 0.124818610657499 
357	 0.121305325515038 
358	 0.121402182471053 
359	 0.121122929710823 
360	 0.121329305304328 
361	 0.120727650254459 
362	 0.11822154627683 
363	 0.118517417008019 
364	 0.120844131898883 
365	 0.122393048615292 
366	 0.119394061601453 
367	 0.120863755940135 
368	 0.122412431697595 
369	 0.121407637877484 
370	 0.125363622560569 
371	 0.124446483187373 
372	 0.122556714229142 
373	 0.12620815924514 
374	 0.125956905399248 
375	 0.129122580929158 
376	 0.134882458688495 
377	 0.135049455341908 
378	 0.136088991447393 
379	 0.138982880691448 
380	 0.143505704111823 
381	 0.149292058073602 
382	 0.153285822620329 
383	 0.156838463519119 
384	 0.162107011161644 
385	 0.167228553441447 
386	 0.171157012538058 
387	 0.175393186898962 
388	 0.18319761902009 
389	 0.190754687569256 
390	 0.197272898071437 
391	 0.203708653282526 
392	 0.213785944746255 
393	 0.221901177880055 
394	 0.229737255063492 
395	 0.240063011246618 
396	 0.248775646441577 
397	 0.258228007244729 
398	 0.268048301842955 
399	 0.275744399839766 
400	 0.283807435725113 
401	 0.29244218950042 
402	 0.301122362554175 
403	 0.308456272265245 
404	 0.315112996548383 
405	 0.320770765059774 
406	 0.32516226483308 
407	 0.330243124691775 
408	 0.334390072836147 
409	 0.337481277188266 
410	 0.340823876517187 
411	 0.343074513109273 
412	 0.344828460144868 
413	 0.346445435365452 
414	 0.346866609993576 
415	 0.348044585740854 
416	 0.3494254602339 
417	 0.349752324019591 
418	 0.349721401473136 
419	 0.349775376783705 
420	 0.350056189551112 
421	 0.350408514802119 
422	 0.35019154065506 
423	 0.349125800739206 
424	 0.347504854346249 
425	 0.346854493067084 
426	 0.345869810887089 
427	 0.344526673963567 
428	 0.343325178922611 
429	 0.341770705794801 
430	 0.339870049359777 
431	 0.33784982584827 
432	 0.336146826196617 
433	 0.33424475504802 
434	 0.332100064029299 
435	 0.329804296157466 
436	 0.32747690870846 
437	 0.325033413139523 
438	 0.322732490695273 
439	 0.320916885088902 
440	 0.31828027295015 
441	 0.31552804318837 
442	 0.313154274474701 
443	 0.310816492593893 
444	 0.308345126843015 
445	 0.305702904407685 
446	 0.302967142722014 
447	 0.300457731803656 
448	 0.29785734392526 
449	 0.295117295933745 
450	 0.292469458390504 
451	 0.289700609913849 
452	 0.286965864533566 
453	 0.284323098782312 
454	 0.281342308290078 
455	 0.278746942942985 
456	 0.276299366021585 
457	 0.273433788546357 
458	 0.27084093695466 
459	 0.268434639247448 
460	 0.266065025175435 
461	 0.263615146472905 
462	 0.261006136502117 
463	 0.258493730265648 
464	 0.25623441873858 
465	 0.253623276524566 
466	 0.251187290922037 
467	 0.248981110592682 
468	 0.246683252323432 
469	 0.244045479704296 
470	 0.24155550764445 
471	 0.239353994694771 
472	 0.236622366245783 
473	 0.234288768150449 
474	 0.232025583274782 
475	 0.22922240709371 
476	 0.226516716593181 
477	 0.223913497387685 
478	 0.221383617333079 
479	 0.218902789263054 
480	 0.216147096844979 
481	 0.213322677546242 
482	 0.210645703972937 
483	 0.207988784314037 
484	 0.205265185388828 
485	 0.202588561955644 
486	 0.200145409722048 
487	 0.197572446216354 
488	 0.195015399901043 
489	 0.192612351573495 
490	 0.190367244654768 
491	 0.18815809016132 
492	 0.185991875850734 
493	 0.183913293698932 
494	 0.181943525989087 
495	 0.180037176478063 
496	 0.17819324672688 
497	 0.176466105507487 
498	 0.174799355783254 
499	 0.173223005506078 
500	 0.171720285680938 
501	 0.170065592388303 
502	 0.168599587783426 
503	 0.16723998817199 
504	 0.16571721664215 
505	 0.164384587520961 
506	 0.162978066863818 
507	 0.161390336563156 
508	 0.159898699345512 
509	 0.158177811216185 
510	 0.156384282154212 
511	 0.154716320783366 
512	 0.15280276842718 
513	 0.150794195089183 
514	 0.148729080853878 
515	 0.146517930167819 
516	 0.144331381236172 
517	 0.142081302971528 
518	 0.13971168445996 
519	 0.137407822390686 
520	 0.13505629056161 
521	 0.132716074766702 
522	 0.130509525184673 
523	 0.128211071827369 
524	 0.125970402982862 
525	 0.123899808489437 
526	 0.121973332893263 
527	 0.120128724652595 
528	 0.118389640540407 
529	 0.116804089067934 
530	 0.115370861983607 
531	 0.114083312494476 
532	 0.112955779702861 
533	 0.112025851398095 
534	 0.111204627205962 
535	 0.11049407397546 
536	 0.109934018167988 
537	 0.109614127244175 
538	 0.109409528879208 
539	 0.109294432177421 
540	 0.109310870990236 
541	 0.109551955398451 
542	 0.109880503724008 
543	 0.110213851065416 
544	 0.11061322969931 
545	 0.111144660275814 
546	 0.111741183056808 
547	 0.112296895860483 
548	 0.112826967937335 
549	 0.113300519531576 
550	 0.113706884844167 
551	 0.11406101069416 
552	 0.114336270291896 
553	 0.11455277820062 
554	 0.114713992946315 
555	 0.114725943490896 
556	 0.114650666296009 
557	 0.114542659505583 
558	 0.114442184919619 
559	 0.114273554566253 
560	 0.114155174818588 
561	 0.114165596566189 
562	 0.114249794665919 
563	 0.114344166417915 
564	 0.11451729046699 
565	 0.114871954442883 
566	 0.115300234152709 
567	 0.1158972632572 
568	 0.116716334936849 
569	 0.117735931067126 
570	 0.118911567030633 
571	 0.120324573140051 
572	 0.122057343855113 
573	 0.124060047618557 
574	 0.126338487135656 
575	 0.128893734129246 
576	 0.131729679570349 
577	 0.134973445855313 
578	 0.138484232389564 
579	 0.142185971620477 
580	 0.146270476249231 
581	 0.150567571497631 
582	 0.155129365534254 
583	 0.160067565194795 
584	 0.165187812738579 
585	 0.170596344557107 
586	 0.176334192955066 
587	 0.182333205429048 
588	 0.188552639642455 
589	 0.194929282790196 
590	 0.201446506933657 
591	 0.208255817160867 
592	 0.215158295284318 
593	 0.222153476901887 
594	 0.229412390072843 
595	 0.236790935665234 
596	 0.244308902804082 
597	 0.251993775260485 
598	 0.259817353760201 
599	 0.267919534683733 
600	 0.276274966119928 
601	 0.284777943415431 
602	 0.293424742257155 
603	 0.302384317139793 
604	 0.311699372721888 
605	 0.321170337667215 
606	 0.330868158533552 
607	 0.340831239040961 
608	 0.351071046308252 
609	 0.361479226176716 
610	 0.372128277297077 
611	 0.383002217079635 
612	 0.393980489481743 
613	 0.405125766388302 
614	 0.416352021922114 
615	 0.427598719852235 
616	 0.438977577568602 
617	 0.450259032627934 
618	 0.461470225246594 
619	 0.472757089012986 
620	 0.483948973891421 
621	 0.49499522156236 
622	 0.505854737448237 
623	 0.516517674697665 
624	 0.527027096166716 
625	 0.537275936823302 
626	 0.547164983514585 
627	 0.556878133884503 
628	 0.566297529449686 
629	 0.575377472411452 
630	 0.584143862005524 
631	 0.59264061436493 
632	 0.600835760496578 
633	 0.608678013691668 
634	 0.616159569295239 
635	 0.623316030831053 
636	 0.630209301543991 
637	 0.636903994115438 
638	 0.643185092945427 
639	 0.649121005502708 
640	 0.654792850771367 
641	 0.660213223057429 
642	 0.665362704425634 
643	 0.670229736511405 
644	 0.67482282596145 
645	 0.679205986390277 
646	 0.683374934545627 
647	 0.687342986896739 
648	 0.691142986968905 
649	 0.694703588985101 
650	 0.698116640896433 
651	 0.701422054156829 
652	 0.704405347895355 
653	 0.70731163696978 
654	 0.710107711202272 
655	 0.712626477595062 
656	 0.71499818998869 
657	 0.717170868830936 
658	 0.719127763602141 
659	 0.720941029487989 
660	 0.722565211415998 
661	 0.72400374172976 
662	 0.725268575801305 
663	 0.726336728781986 
664	 0.727278968192885 
665	 0.728148204946718 
666	 0.728972407469094 
667	 0.729729184071252 
668	 0.73038742756552 
669	 0.730968653162138 
670	 0.731636286063774 
671	 0.732245188642868 
672	 0.732802128767458 
673	 0.733381760823492 
674	 0.733975060096816 
675	 0.734564578112466 
676	 0.735157790089456 
677	 0.735794743980476 
678	 0.736446128753044 
679	 0.737105546825346 
680	 0.737778108302612 
681	 0.738482516458152 
682	 0.73924003929841 
683	 0.740039493657542 
684	 0.740859443531292 
685	 0.741832151488087 
686	 0.74290991054813 
687	 0.744011916335641 
688	 0.745039493318082 
689	 0.746117459549071 
690	 0.747189775808246 
691	 0.748177492517748 
692	 0.749271775781853 
693	 0.750339794851907 
694	 0.751317374452278 
695	 0.75223740832898 
696	 0.753126979977339 
697	 0.754017244083785 
698	 0.754910215789897 
699	 0.755728174784535 
700	 0.756485837541199 
701	 0.757248896698479 
702	 0.758079181467339 
703	 0.758787025893511 
704	 0.759456697822007 
705	 0.760156912935055 
706	 0.760896852882458 
707	 0.761536103039349 
708	 0.762129668073071 
709	 0.762748609176967 
710	 0.763314938408194 
711	 0.763859758722606 
712	 0.764404595280706 
713	 0.764955695294256 
714	 0.765432512475035 
715	 0.765915644910519 
716	 0.766432865594549 
717	 0.766880493204139 
718	 0.767356393410728 
719	 0.76782322061877 
720	 0.768216204009813 
721	 0.768541621040315 
722	 0.768922928337493 
723	 0.769362531258014 
724	 0.769756358759219 
725	 0.770080248064603 
726	 0.770384994079056 
727	 0.770709555291997 
728	 0.771032759781509 
729	 0.771453403435821 
730	 0.771827367477098 
731	 0.772009290115446 
732	 0.772341337323533 
733	 0.772732617490758 
734	 0.773103558497015 
735	 0.773415703285591 
736	 0.773780538824645 
737	 0.774170262254939 
738	 0.774535457212333 
739	 0.774834980928048 
740	 0.77516925001362 
741	 0.775525195389919 
742	 0.775849820568942 
743	 0.776154923412883 
744	 0.776480822109725 
745	 0.776835737818278 
746	 0.777191851386367 
747	 0.777532539003593 
748	 0.777863116291546 
749	 0.778192787639009 
750	 0.778536798953429 
751	 0.778787308490071 
752	 0.779003157132719 
753	 0.779293269619154 
754	 0.779601049547853 
755	 0.779852387838184 
756	 0.780048377725668 
757	 0.780267309440842 
758	 0.780520285472106 
759	 0.780736311180244 
760	 0.780888821886837 
761	 0.781095358928762 
762	 0.781333070371809 
763	 0.78156995348032 
764	 0.781786660549132 
765	 0.782084383353284 
766	 0.782311155384112 
767	 0.782437278207398 
768	 0.782562804618878 
769	 0.782699960240386 
770	 0.782856577552453 
771	 0.783032293206578 
772	 0.78321754982568 
773	 0.783440623471826 
774	 0.783632085065912 
775	 0.783719511308138 
776	 0.783768979423752 
777	 0.783918998786994 
778	 0.784148830997214 
779	 0.784310442342806 
780	 0.784414440472851 
781	 0.784513012407754 
782	 0.784641834079274 
783	 0.784796205054273 
784	 0.784882362634243 
785	 0.784968669635648 
786	 0.785119002552186 
787	 0.785173676271591 
788	 0.785305093926877 
789	 0.785475601912181 
790	 0.785536717668724 
791	 0.785630095731086 
792	 0.785697001254254 
793	 0.785736056307063 
794	 0.785844498166841 
795	 0.785963077117886 
796	 0.786077384062039 
797	 0.786178515851226 
798	 0.786251801863702 
799	 0.786239254732771 
800	 0.786246467366039 
801	 0.786387759903092 
802	 0.786396417802134 
803	 0.786402966452866 
804	 0.786452867900401 
805	 0.786494965562994 
806	 0.786573303876347 
807	 0.786682604547517 
808	 0.78679070579127 
809	 0.786833192585556 
810	 0.786853268113791 
811	 0.786866585993186 
812	 0.786892876918545 
813	 0.786998443164997 
814	 0.787074795846523 
815	 0.787094285793882 
816	 0.787085111212223 
817	 0.787083603639047 
818	 0.787097825930965 
819	 0.787143168906617 
820	 0.787240286308058 
821	 0.7873026648767 
822	 0.787330673280557 
823	 0.787351493709475 
824	 0.787407761453407 
825	 0.787473937972639 
826	 0.787502237057272 
827	 0.787486914690344 
828	 0.787611854746239 
829	 0.787687576988688 
830	 0.787670675827744 
831	 0.787628237193519 
832	 0.787687672884329 
833	 0.787750092390402 
834	 0.787766437009551 
835	 0.787771008262703 
836	 0.787855737993336 
837	 0.787902952109435 
838	 0.78786357548599 
839	 0.787891597366854 
840	 0.78791146089302 
841	 0.787915953267643 
842	 0.78791744638296 
843	 0.787922101642541 
844	 0.787991402972436 
845	 0.788079013301512 
846	 0.788108668244245 
847	 0.788178721647259 
848	 0.788237709430892 
849	 0.788290102676275 
850	 0.788381258793281 
851	 0.788361046356872 
852	 0.788337935789793 
853	 0.788391305927323 
854	 0.788499798311669 
855	 0.78843360400945 
856	 0.788338680767914 
857	 0.788374365246716 
858	 0.788519006235116 
859	 0.788571522940933 
860	 0.788534093282835 
861	 0.788493499148837 
862	 0.788530546077001 
863	 0.788569834149735 
864	 0.788580365262296 
865	 0.78857054845517 
866	 0.788598749225235 
867	 0.788655117674149 
868	 0.788682106792896 
869	 0.788605800055372 
870	 0.788561355991455 
871	 0.788548116750386 
872	 0.788579865189212 
873	 0.788708683125951 
874	 0.788764558082752 
875	 0.788757644168068 
876	 0.788743374737971 
877	 0.78877640141081 
878	 0.788850316382511 
879	 0.788900640285048 
880	 0.78887174486722 
881	 0.788769082436411 
882	 0.788878793273368 
883	 0.789046843783357 
884	 0.789005488265214 
885	 0.788925156467529 
886	 0.788878052505346 
887	 0.788920082359373 
888	 0.789048247757336 
889	 0.788999628688021 
890	 0.78893046114356 
891	 0.788942162866149 
892	 0.789035149001392 
893	 0.789092355785252 
894	 0.789179951711821 
895	 0.789233174128847 
896	 0.789031852129405 
897	 0.789005279863823 
898	 0.789061673363364 
899	 0.789065498693616 
900	 0.788989273711856 
901	 0.78892615013576 
902	 0.788869230079679 
903	 0.788798884384448 
904	 0.788724551566723 
905	 0.788706521629557 
906	 0.788708756578736 
907	 0.788675208924682 
908	 0.7885782801158 
909	 0.788592939376882 
910	 0.78868727577381 
911	 0.788740451640218 
912	 0.788652738602408 
913	 0.788579143006284 
914	 0.78856022530007 
915	 0.788573462508395 
916	 0.788648669344854 
917	 0.788548889181363 
918	 0.788388310547684 
919	 0.788452942571042 
920	 0.788591245169409 
921	 0.788689073872668 
922	 0.788675226447967 
923	 0.788560219575675 
924	 0.788626810803472 
925	 0.788733585126888 
926	 0.788865180695166 
927	 0.789117960852103 
928	 0.789120398708212 
929	 0.789015287880498 
930	 0.788983224604196 
931	 0.789139294493834 
932	 0.789382588308482 
933	 0.789429835990551 
934	 0.789256784178663 
935	 0.789182577425884 
936	 0.78928758106136 
937	 0.789393141612626 
938	 0.789405680347515 
939	 0.789424360589076 
940	 0.789431070928026 
941	 0.789389584087725 
942	 0.789331943107188 
943	 0.789385254434605 
944	 0.789299050578153 
945	 0.789192323575636 
946	 0.789171541745009 
947	 0.789182787785825 
948	 0.789135491009633 
949	 0.789122402642592 
950	 0.789139622133354 
951	 0.788954039332514 
952	 0.788957404656643 
953	 0.789111951378829 
954	 0.789310775104652 
955	 0.789526028082472 
956	 0.789585888498583 
957	 0.789466249851986 
958	 0.789298057772352 
959	 0.78938611095127 
960	 0.789455169418128 
961	 0.789508337473461 
962	 0.789515113366425 
963	 0.789277974629978 
964	 0.78910207821601 
965	 0.789025313739968 
966	 0.789014211655737 
967	 0.789035486953048 
968	 0.789203492458926 
969	 0.789075899029317 
970	 0.788574510472465 
971	 0.788410668463776 
972	 0.788560315603367 
973	 0.78872230209625 
974	 0.788667375551504 
975	 0.788428121644907 
976	 0.78820474082571 
977	 0.788066881572661 
978	 0.788087990059275 
979	 0.78834899171716 
980	 0.788276359612456 
981	 0.788089375642328 
982	 0.787998183852765 
983	 0.787980514685645 
984	 0.787977865300029 
985	 0.787939822382409 
986	 0.78792182591354 
987	 0.788048196208703 
988	 0.787979769548172 
989	 0.787878829427294 
990	 0.78788105071502 
991	 0.787991507599349 
992	 0.788054340289691 
993	 0.787873256034645 
994	 0.787718332497933 
995	 0.788030742838538 
996	 0.787911736213494 
997	 0.787862110087663 
998	 0.78801955148244 
999	 0.788180462939019 
1000	 0.788183196114141 
1001	 0.784765825088957 
1002	 0.784793935707472 
1003	 0.784829523633221 
1004	 0.784849797219161 
1005	 0.784892693418186 
1006	 0.784928528734768 
1007	 0.784980731849402 
1008	 0.785048320847939 
1009	 0.785126502960957 
1010	 0.785251123157277 
1011	 0.785304408213749 
1012	 0.785342244580006 
1013	 0.785413094155024 
1014	 0.785440172071278 
1015	 0.785502358538653 
1016	 0.785591818626684 
1017	 0.78570157444242 
1018	 0.785815721240107 
1019	 0.785982002220112 
1020	 0.786112635924553 
1021	 0.786198235451517 
1022	 0.786279750766116 
1023	 0.786350926249853 
1024	 0.786448745829719 
1025	 0.7865844043962 
1026	 0.786708777903528 
1027	 0.786769090175137 
1028	 0.786856120423276 
1029	 0.78697726341801 
1030	 0.787085066753777 
1031	 0.787216747596305 
1032	 0.787339138294631 
1033	 0.787451779196555 
1034	 0.787549133127721 
1035	 0.787675073023824 
1036	 0.787789970941184 
1037	 0.787905040772494 
1038	 0.788044198300821 
1039	 0.788144877075863 
1040	 0.788222251104587 
1041	 0.788338800867917 
1042	 0.788410845701418 
1043	 0.788473584710478 
1044	 0.788571901431302 
1045	 0.788652687150432 
1046	 0.788717443685755 
1047	 0.788785035044589 
1048	 0.788851166930863 
1049	 0.788923926023307 
1050	 0.788981409202944 
1051	 0.789026398179559 
1052	 0.789078521202383 
1053	 0.789115015325679 
1054	 0.789136873133762 
1055	 0.78917851076412 
1056	 0.789225426865739 
1057	 0.789275928058472 
1058	 0.789353277341847 
1059	 0.789448296297224 
1060	 0.789518392650615 
1061	 0.789577775933454 
1062	 0.789637047321737 
1063	 0.789682696901693 
1064	 0.789721837393502 
1065	 0.789806614548885 
1066	 0.789919109912222 
1067	 0.790023520813307 
1068	 0.790143417288945 
1069	 0.790237412506987 
1070	 0.79027730358794 
1071	 0.790367942363834 
1072	 0.790504931433118 
1073	 0.790617176183553 
1074	 0.790752958837956 
1075	 0.790876208743944 
1076	 0.790981109669921 
1077	 0.791068334800541 
1078	 0.791150197177566 
1079	 0.79123903257856 
1080	 0.791310622215592 
1081	 0.791394593205438 
1082	 0.791490418530973 
1083	 0.791601088516599 
1084	 0.791721938516949 
1085	 0.791848394056802 
1086	 0.791971377382405 
1087	 0.792087513913335 
1088	 0.792191710824694 
1089	 0.792252417989464 
1090	 0.7923667747481 
1091	 0.792513179943303 
1092	 0.792635377556739 
1093	 0.792786467816295 
1094	 0.792908445520987 
1095	 0.79300329710773 
1096	 0.793090079562473 
1097	 0.793183406372991 
1098	 0.793287005061219 
1099	 0.793419662225025 
1100	 0.793523142875762 
1101	 0.793608225996299 
1102	 0.793700465179427 
1103	 0.793797012179173 
1104	 0.793881940051889 
1105	 0.793975382918951 
1106	 0.794099418463271 
1107	 0.794180018356239 
1108	 0.794219015793462 
1109	 0.794285785342803 
1110	 0.794357531262145 
1111	 0.794424031446597 
1112	 0.794493898981571 
1113	 0.79457449605009 
1114	 0.794645389947734 
1115	 0.794693806985174 
1116	 0.794724372218949 
1117	 0.794735976376684 
1118	 0.794741641413573 
1119	 0.794712919430935 
1120	 0.794682247521435 
1121	 0.794655094641012 
1122	 0.794606741058391 
1123	 0.794536186942576 
1124	 0.794455800105612 
1125	 0.794382459552925 
1126	 0.794264314402571 
1127	 0.794098279403669 
1128	 0.793950017744749 
1129	 0.793795949750054 
1130	 0.793619314868134 
1131	 0.793433892136127 
1132	 0.793253264596266 
1133	 0.79302996352303 
1134	 0.792794384022022 
1135	 0.792595750694481 
1136	 0.792411848260179 
1137	 0.792231520854048 
1138	 0.792081074656958 
1139	 0.791900688639337 
1140	 0.791696829289473 
1141	 0.791517418446928 
1142	 0.791345761247694 
1143	 0.791166970106965 
1144	 0.790994843939879 
1145	 0.790826450519307 
1146	 0.790652428511371 
1147	 0.790476837546321 
1148	 0.790324456011953 
1149	 0.790168537723456 
1150	 0.789971453782024 
1151	 0.78976999678025 
1152	 0.789562969802475 
1153	 0.789326153303531 
1154	 0.789113871898143 
1155	 0.788925130388733 
1156	 0.788702798868232 
1157	 0.788472048616536 
1158	 0.788231999515116 
1159	 0.7879674950892 
1160	 0.787709123405731 
1161	 0.787447873642762 
1162	 0.787187781090731 
1163	 0.786934415335612 
1164	 0.786664090470265 
1165	 0.786393069840184 
1166	 0.786104687841247 
1167	 0.785807804489952 
1168	 0.785490553426983 
1169	 0.7851812958149 
1170	 0.784870364536638 
1171	 0.784551726621503 
1172	 0.784235529011486 
1173	 0.783899727918859 
1174	 0.783550612055617 
1175	 0.783194022816219 
1176	 0.782823395529588 
1177	 0.782447781540861 
1178	 0.782078263098657 
1179	 0.781679002728051 
1180	 0.781249849484738 
1181	 0.780828816257049 
1182	 0.780382584920582 
1183	 0.779947726886977 
1184	 0.779518204520499 
1185	 0.779101032684638 
1186	 0.778674117982343 
1187	 0.778235202455026 
1188	 0.777826530611956 
1189	 0.777422783104372 
1190	 0.777038086262575 
1191	 0.776671454047251 
1192	 0.776321878635581 
1193	 0.775977669142882 
1194	 0.775664133450687 
1195	 0.775374172786556 
1196	 0.775106179171426 
1197	 0.774866897651203 
1198	 0.774638095194198 
1199	 0.77443264776267 
1200	 0.774236328399738 
1201	 0.774038267071631 
1202	 0.773873166207851 
1203	 0.77373060433465 
1204	 0.773603258924852 
1205	 0.773509926905541 
1206	 0.773451432122268 
1207	 0.773404001177757 
1208	 0.773382024101282 
1209	 0.773370298768238 
1210	 0.773370149045544 
1211	 0.773396098940306 
1212	 0.773440525125379 
1213	 0.773504563600421 
1214	 0.773599412068953 
1215	 0.773698243109931 
1216	 0.773809856699383 
1217	 0.773934737168244 
1218	 0.774069954379181 
1219	 0.77421944927888 
1220	 0.774371929737286 
1221	 0.774559605483945 
1222	 0.774754407185062 
1223	 0.774973203700528 
1224	 0.775176975413401 
1225	 0.775385095424106 
1226	 0.775607318092235 
1227	 0.775831027413233 
1228	 0.776058486534759 
1229	 0.776305080608966 
1230	 0.776546253944592 
1231	 0.776774874783848 
1232	 0.777020617570088 
1233	 0.777283022627487 
1234	 0.777542097212668 
1235	 0.77780050297416 
1236	 0.778069858758995 
1237	 0.778351528286187 
1238	 0.778627996234584 
1239	 0.778923839116781 
1240	 0.779196602447507 
1241	 0.779458888083528 
1242	 0.779711400571881 
1243	 0.779957720339105 
1244	 0.780188012546368 
1245	 0.780422348693483 
1246	 0.780657444625077 
1247	 0.780879917536917 
1248	 0.781101735057453 
1249	 0.781303374096521 
1250	 0.781493234617302 
1251	 0.781669382462745 
1252	 0.781824376972784 
1253	 0.781980750413999 
1254	 0.782123858729464 
1255	 0.782269382498726 
1256	 0.782412548036311 
1257	 0.782552667820608 
1258	 0.782690244432509 
1259	 0.782826317862217 
1260	 0.782967154395966 
1261	 0.783098992394998 
1262	 0.783207520472516 
1263	 0.783309425629568 
1264	 0.783388186133029 
1265	 0.783429393761485 
1266	 0.783495351518774 
1267	 0.783557989058937 
1268	 0.783623141271717 
1269	 0.783695506365104 
1270	 0.783761479706088 
1271	 0.783814373443892 
1272	 0.783883988800444 
1273	 0.783953002306882 
1274	 0.784038591416873 
1275	 0.784130201698691 
1276	 0.784242743265775 
1277	 0.784375528077341 
1278	 0.784514443144466 
1279	 0.784667765426538 
1280	 0.784832535943345 
1281	 0.78500735096723 
1282	 0.785170777428031 
1283	 0.785358897425872 
1284	 0.785556216750758 
1285	 0.785745964547984 
1286	 0.785940199672537 
1287	 0.786135802721607 
1288	 0.78633012139347 
1289	 0.786522456945469 
1290	 0.786730235176968 
1291	 0.786906600145561 
1292	 0.787059049552737 
1293	 0.787221108706553 
1294	 0.787387690667738 
1295	 0.787524289003869 
1296	 0.787662398376253 
1297	 0.787769626578224 
1298	 0.787835494970352 
1299	 0.787900953068213 
1300	 0.787950738336937 
1301	 0.788000825178931 
1302	 0.788046329960568 
1303	 0.788073964461527 
1304	 0.788117606676283 
1305	 0.788145739092126 
1306	 0.788174153920634 
1307	 0.788214520844924 
1308	 0.788221300683089 
1309	 0.788210889447454 
1310	 0.78819849813799 
1311	 0.788158833411136 
1312	 0.788137893133226 
1313	 0.788140957239312 
1314	 0.788101796037777 
1315	 0.788064371225328 
1316	 0.78798474402075 
1317	 0.787859278907897 
1318	 0.787734460047608 
1319	 0.787576667108735 
1320	 0.787432058466821 
1321	 0.787293745835045 
1322	 0.787139870974418 
1323	 0.786995279558994 
1324	 0.786821004717338 
1325	 0.786626186855362 
1326	 0.786409636855421 
1327	 0.786190404327956 
1328	 0.785952104244868 
1329	 0.78570080194647 
1330	 0.785446078584232 
1331	 0.785158009913495 
1332	 0.784848165123244 
1333	 0.784515795645852 
1334	 0.784159986431017 
1335	 0.783781028738166 
1336	 0.783382662617311 
1337	 0.782957187860798 
1338	 0.782515062157561 
1339	 0.78203499066195 
1340	 0.78152622932563 
1341	 0.780983222611148 
1342	 0.780406093866385 
1343	 0.779800194769888 
1344	 0.779164459383838 
1345	 0.778501579666876 
1346	 0.777802426294804 
1347	 0.777082584688806 
1348	 0.776340513234767 
1349	 0.775566518694399 
1350	 0.774764019602287 
1351	 0.773951165600367 
1352	 0.773090546243527 
1353	 0.772193457622896 
1354	 0.771288442077601 
1355	 0.770362044722513 
1356	 0.769440681253718 
1357	 0.768537466402811 
1358	 0.767626552406296 
1359	 0.76670010380769 
1360	 0.765813683806596 
1361	 0.764940297180751 
1362	 0.764082727452581 
1363	 0.763245333733713 
1364	 0.762435183771748 
1365	 0.761624903805761 
1366	 0.760870584896307 
1367	 0.760173474835838 
1368	 0.759477199854184 
1369	 0.758810444428976 
1370	 0.758155072426887 
1371	 0.757523429314772 
1372	 0.75688392515433 
1373	 0.756291740421857 
1374	 0.755640596861791 
1375	 0.754975465480252 
1376	 0.754270433856167 
1377	 0.753536812118418 
1378	 0.752671609468361 
1379	 0.751731658499354 
1380	 0.75054438080851 
1381	 0.74896856020631 
1382	 0.747169960222604 
1383	 0.744945937021582 
1384	 0.742502389606039 
1385	 0.740113905641673 
1386	 0.737530019441994 
1387	 0.735055124497648 
1388	 0.732494396842588 
1389	 0.730247757801998 
1390	 0.727812666326679 
1391	 0.726213639775169 
1392	 0.725013911257698 
1393	 0.724259116707332 
1394	 0.724322592365903 
1395	 0.724161289137743 
1396	 0.724348794881307 
1397	 0.724372342909752 
1398	 0.724472071562112 
1399	 0.724354595074102 
1400	 0.724386659515059 
1401	 0.723886869907866 
1402	 0.723131619541198 
1403	 0.722019323559477 
1404	 0.720488779841271 
1405	 0.718668331714287 
1406	 0.716667680652085 
1407	 0.714500401688742 
1408	 0.712216400739166 
1409	 0.709846214866756 
1410	 0.707444052376678 
1411	 0.704994175615882 
1412	 0.702563689976287 
1413	 0.700199122748185 
1414	 0.697923907622139 
1415	 0.695763848736761 
1416	 0.693747795774033 
1417	 0.691887037936308 
1418	 0.690093907507811 
1419	 0.688429098790442 
1420	 0.686804220137944 
1421	 0.685279351576718 
1422	 0.68376736865499 
1423	 0.682347593822391 
1424	 0.680878653598473 
1425	 0.67942458643263 
1426	 0.67796394782461 
1427	 0.676464822590831 
1428	 0.675017940601928 
1429	 0.673568875868371 
1430	 0.672186418206515 
1431	 0.670842738896942 
1432	 0.669552376305436 
1433	 0.668296096809432 
1434	 0.667123708709256 
1435	 0.666008444399302 
1436	 0.664953849694296 
1437	 0.663974298973705 
1438	 0.663058125766692 
1439	 0.662183798773729 
1440	 0.661356122656254 
1441	 0.660561101567589 
1442	 0.65980763480719 
1443	 0.659087849111347 
1444	 0.658403134295745 
1445	 0.657772833914078 
1446	 0.657172319602074 
1447	 0.656587371581644 
1448	 0.656043178873796 
1449	 0.655526064202039 
1450	 0.655027556517104 
1451	 0.654562939573316 
1452	 0.654144729682603 
1453	 0.653713104056355 
1454	 0.653307559064914 
1455	 0.652885944438849 
1456	 0.652455004417865 
1457	 0.652039629221249 
1458	 0.651620573670295 
1459	 0.651220015103375 
1460	 0.650838203442037 
1461	 0.650453745943238 
1462	 0.650079290544305 
1463	 0.649708074244623 
1464	 0.649334792878778 
1465	 0.648975125150127 
1466	 0.648616058967446 
1467	 0.648277197303337 
1468	 0.647957980133724 
1469	 0.647638658758786 
1470	 0.647335141630249 
1471	 0.647035085023848 
1472	 0.64672675871992 
1473	 0.646442637214757 
1474	 0.646162761175583 
1475	 0.645914368206309 
1476	 0.645683814129464 
1477	 0.645483034894364 
1478	 0.645324532819725 
1479	 0.645186342710092 
1480	 0.645089535988305 
1481	 0.645030523494367 
1482	 0.644983808786755 
1483	 0.644970851872153 
1484	 0.644980277729557 
1485	 0.645017863398977 
1486	 0.645098916762055 
1487	 0.645204221480245 
1488	 0.645329267544721 
1489	 0.645468442008704 
1490	 0.645624548958294 
1491	 0.645802236736229 
1492	 0.646011219990306 
1493	 0.646250799153384 
1494	 0.646500317006932 
1495	 0.646779552979071 
1496	 0.647056115862324 
1497	 0.647333237396502 
1498	 0.647642980944179 
1499	 0.647972160806353 
1500	 0.648308483855419 
1501	 0.648668384406409 
1502	 0.649033874399042 
1503	 0.649407769754809 
1504	 0.649790627811996 
1505	 0.650197811200984 
1506	 0.650592328427849 
1507	 0.650977605872277 
1508	 0.651374372790848 
1509	 0.651779611362225 
1510	 0.652182878152894 
1511	 0.652605624252433 
1512	 0.653003458059165 
1513	 0.653387065895109 
1514	 0.653758524931737 
1515	 0.654121378562958 
1516	 0.654465020198273 
1517	 0.654796573521407 
1518	 0.655117959180579 
1519	 0.655408397280875 
1520	 0.655706351206655 
1521	 0.656013286023398 
1522	 0.656293313102934 
1523	 0.656566891858353 
1524	 0.656823861943722 
1525	 0.657052258778795 
1526	 0.657275164379989 
1527	 0.65749213951569 
1528	 0.657693556798736 
1529	 0.657868599938916 
1530	 0.658042640009492 
1531	 0.658207206516577 
1532	 0.658354096732149 
1533	 0.658516502501099 
1534	 0.658664886049067 
1535	 0.658803470550586 
1536	 0.658949360030804 
1537	 0.659064182840081 
1538	 0.65917509517599 
1539	 0.659300730336448 
1540	 0.659430561855704 
1541	 0.6595591507312 
1542	 0.659692519250097 
1543	 0.659820732539043 
1544	 0.659934965402934 
1545	 0.660066746604726 
1546	 0.660212880641453 
1547	 0.660366425146396 
1548	 0.660524731716312 
1549	 0.660691151711293 
1550	 0.66086990412031 
1551	 0.661047821188877 
1552	 0.661229693846317 
1553	 0.661412922015979 
1554	 0.661595428838851 
1555	 0.661792442928458 
1556	 0.661999818094428 
1557	 0.662207547931518 
1558	 0.662425271489987 
1559	 0.662635711176857 
1560	 0.662844392170396 
1561	 0.663052751765751 
1562	 0.663261177229644 
1563	 0.66347348686685 
1564	 0.663692547792519 
1565	 0.663892838374425 
1566	 0.66409013982639 
1567	 0.664278164482371 
1568	 0.664441189770604 
1569	 0.664625170612862 
1570	 0.664816042038014 
1571	 0.665010303025535 
1572	 0.665208428273961 
1573	 0.66541251719041 
1574	 0.665617890471371 
1575	 0.665828126702193 
1576	 0.666055324020883 
1577	 0.666269166304264 
1578	 0.666482872441271 
1579	 0.66669195381074 
1580	 0.666877737664488 
1581	 0.667093137822653 
1582	 0.667306683026346 
1583	 0.667555723225491 
1584	 0.667821919688833 
1585	 0.668127159282596 
1586	 0.668462855344385 
1587	 0.668826674121146 
1588	 0.669214392754648 
1589	 0.669651607484432 
1590	 0.670128233749996 
1591	 0.670639458389021 
1592	 0.671204847572054 
1593	 0.67178585288185 
1594	 0.672382991396855 
1595	 0.673024347879746 
1596	 0.673706485490845 
1597	 0.674413810129861 
1598	 0.675173841556591 
1599	 0.675933257283962 
1600	 0.676698111601701 
1601	 0.677501353260595 
1602	 0.678335717912251 
1603	 0.679173735612547 
1604	 0.680059884560717 
1605	 0.680919269817051 
1606	 0.681768342334152 
1607	 0.68261801766552 
1608	 0.683485884102268 
1609	 0.684306665384165 
1610	 0.685096031145144 
1611	 0.685890333848639 
1612	 0.686655478338725 
1613	 0.687416807152467 
1614	 0.688205764770016 
1615	 0.688943490436644 
1616	 0.689639912310122 
1617	 0.690327380888601 
1618	 0.690987030667512 
1619	 0.691629591905628 
1620	 0.692257271096585 
1621	 0.692866385181774 
1622	 0.693464463909858 
1623	 0.69402632326435 
1624	 0.694558495619967 
1625	 0.695075524071293 
1626	 0.695533908106277 
1627	 0.696021978102782 
1628	 0.696528441107828 
1629	 0.697011258305305 
1630	 0.697473864768836 
1631	 0.69796323030428 
1632	 0.698446230373369 
1633	 0.69893781041239 
1634	 0.699473430577667 
1635	 0.699981164756091 
1636	 0.700478727017702 
1637	 0.700957736799869 
1638	 0.701432696601263 
1639	 0.701878027471225 
1640	 0.702308977848678 
1641	 0.702701812065999 
1642	 0.703095397414919 
1643	 0.703401195067481 
1644	 0.703678986513024 
1645	 0.703847130124498 
1646	 0.703920135565786 
1647	 0.703915752077658 
1648	 0.70382653381999 
1649	 0.703642999073362 
1650	 0.703360352126704 
1651	 0.703011591790532 
1652	 0.702542497445447 
1653	 0.702050379008995 
1654	 0.701495427829494 
1655	 0.700904346404016 
1656	 0.700237083064226 
1657	 0.699587767938392 
1658	 0.698903540124092 
1659	 0.698228972479034 
1660	 0.697569202486186 
1661	 0.696891931005641 
1662	 0.696181778349103 
1663	 0.695502257398855 
1664	 0.694828818072344 
1665	 0.694166306273632 
1666	 0.693541385090899 
1667	 0.692891625681788 
1668	 0.692219257703179 
1669	 0.69157554476399 
1670	 0.69091259179627 
1671	 0.690306269499773 
1672	 0.689724223822127 
1673	 0.689201075579655 
1674	 0.688720822465255 
1675	 0.688296574017857 
1676	 0.687929176214638 
1677	 0.687612765726785 
1678	 0.687378782388197 
1679	 0.687137841131006 
1680	 0.686922186790017 
1681	 0.686748410365175 
1682	 0.68661055608125 
1683	 0.686471271907874 
1684	 0.68640070367785 
1685	 0.686273809140028 
1686	 0.686124581126176 
1687	 0.685951197494387 
1688	 0.685773924247586 
1689	 0.685537147028229 
1690	 0.685276929222137 
1691	 0.684943332322355 
1692	 0.684539670945913 
1693	 0.684104225929454 
1694	 0.683622445202748 
1695	 0.683079942038597 
1696	 0.68246226114571 
1697	 0.68185399459157 
1698	 0.681182224770391 
1699	 0.68053700731618 
1700	 0.679915487135399 
1701	 0.679262456646395 
1702	 0.678556101092725 
1703	 0.67792129615959 
1704	 0.677273213488943 
1705	 0.676718742528164 
1706	 0.676227853757092 
1707	 0.675798188237204 
1708	 0.675430501035993 
1709	 0.675121454609335 
1710	 0.674875823794665 
1711	 0.674690549530415 
1712	 0.674563963464192 
1713	 0.674509694160063 
1714	 0.674534428917604 
1715	 0.674598470628097 
1716	 0.674723860107475 
1717	 0.674904302107182 
1718	 0.675126025223651 
1719	 0.67543924129251 
1720	 0.675832467681453 
1721	 0.676281078115176 
1722	 0.67680944381806 
1723	 0.677377243987678 
1724	 0.678020826538078 
1725	 0.678660705389748 
1726	 0.679366607849279 
1727	 0.680006904061444 
1728	 0.680662600447848 
1729	 0.681220156782604 
1730	 0.681700554341755 
1731	 0.682080817875929 
1732	 0.682389848772036 
1733	 0.682599919488014 
1734	 0.682713018430514 
1735	 0.682727907651386 
1736	 0.682611062076005 
1737	 0.682363798304479 
1738	 0.6820419339657 
1739	 0.681614308035413 
1740	 0.681142276500337 
1741	 0.680679448595523 
1742	 0.680185813299626 
1743	 0.679641574029817 
1744	 0.679132845163621 
1745	 0.678596609762878 
1746	 0.678095339024182 
1747	 0.677624498941204 
1748	 0.677183463330424 
1749	 0.676762770309667 
1750	 0.676367809101533 
1751	 0.675986001873501 
1752	 0.675679080868102 
1753	 0.675401309617795 
1754	 0.675194421185142 
1755	 0.675066185505015 
1756	 0.674985187868766 
1757	 0.674974956075257 
1758	 0.674982112789486 
1759	 0.675044254404966 
1760	 0.675137977899954 
1761	 0.675279605145554 
1762	 0.675404694664991 
1763	 0.675568868035288 
1764	 0.675709597869246 
1765	 0.675840039654882 
1766	 0.675949433271075 
1767	 0.676059333299822 
1768	 0.67613521123083 
1769	 0.67616741428468 
1770	 0.676213511931568 
1771	 0.676263779439624 
1772	 0.676291503708386 
1773	 0.676298787343258 
1774	 0.676310404060365 
1775	 0.67630052505388 
1776	 0.676292147197514 
1777	 0.676322454918992 
1778	 0.676350714338673 
1779	 0.676373179780734 
1780	 0.676450015035829 
1781	 0.676546305317979 
1782	 0.67664500006349 
1783	 0.676776978180835 
1784	 0.676899334091828 
1785	 0.677007439208497 
1786	 0.677106882156698 
1787	 0.677244100423027 
1788	 0.677414780707141 
1789	 0.677560868253244 
1790	 0.677700434800585 
1791	 0.677838421089853 
1792	 0.678018795778007 
1793	 0.678215027301115 
1794	 0.678526934872429 
1795	 0.678738966559911 
1796	 0.678860669927463 
1797	 0.679014519531608 
1798	 0.679132633840636 
1799	 0.679282481270872 
1800	 0.679481888973242 
1801	 0.671218024811399 
1802	 0.671501871422526 
1803	 0.671792032129081 
1804	 0.67207706466445 
1805	 0.672383330606427 
1806	 0.672672521259674 
1807	 0.672955170861533 
1808	 0.673229431296137 
1809	 0.673533814719398 
1810	 0.673800783697654 
1811	 0.674067197143363 
1812	 0.674365318645865 
1813	 0.674636301280991 
1814	 0.674882956708655 
1815	 0.675134730422501 
1816	 0.675349101327246 
1817	 0.675568937012217 
1818	 0.675769997262251 
1819	 0.675996119447763 
1820	 0.676197390394097 
1821	 0.67641674317385 
1822	 0.676645688861775 
1823	 0.676872308637671 
1824	 0.677137222768384 
1825	 0.677410582540042 
1826	 0.677692479401038 
1827	 0.67799858223552 
1828	 0.678315155006892 
1829	 0.678664354750472 
1830	 0.679036200553117 
1831	 0.679401167295035 
1832	 0.679807366656686 
1833	 0.680237491744025 
1834	 0.680669582816434 
1835	 0.681141985884288 
1836	 0.681618851974958 
1837	 0.682084355783108 
1838	 0.682539683876246 
1839	 0.68300386919532 
1840	 0.683460689468421 
1841	 0.683918695213946 
1842	 0.684352866196919 
1843	 0.684780086344169 
1844	 0.685210720951755 
1845	 0.685609904465461 
1846	 0.68598392083484 
1847	 0.686345342473479 
1848	 0.686673021372938 
1849	 0.686970829846298 
1850	 0.687251184265944 
1851	 0.68749580163445 
1852	 0.687702862966801 
1853	 0.687862817789962 
1854	 0.687965419409288 
1855	 0.688052771053413 
1856	 0.688122753405809 
1857	 0.688143564230371 
1858	 0.688152190624071 
1859	 0.688093928968504 
1860	 0.687989435072422 
1861	 0.687810594544641 
1862	 0.687596623265819 
1863	 0.687345563111213 
1864	 0.687048037643244 
1865	 0.686727872224281 
1866	 0.686328293540315 
1867	 0.685884870826151 
1868	 0.685352439944239 
1869	 0.684762892526128 
1870	 0.684073279176094 
1871	 0.68330372084672 
1872	 0.682462826699446 
1873	 0.681515486947432 
1874	 0.680487923819593 
1875	 0.679382793671574 
1876	 0.678165455098764 
1877	 0.676852483051611 
1878	 0.675471380325076 
1879	 0.673941604023294 
1880	 0.672335334964388 
1881	 0.670551517035823 
1882	 0.668637127316767 
1883	 0.666541302290503 
1884	 0.664304517413626 
1885	 0.661880994458088 
1886	 0.659272874094195 
1887	 0.656481817798738 
1888	 0.653526309454636 
1889	 0.650360638205628 
1890	 0.647057363528807 
1891	 0.643495545145739 
1892	 0.639929330575046 
1893	 0.636220402406048 
1894	 0.632429275181151 
1895	 0.628629064562773 
1896	 0.624852510746944 
1897	 0.621086848169005 
1898	 0.617253664025645 
1899	 0.613553014732022 
1900	 0.609848053167176 
1901	 0.606302468298154 
1902	 0.602832052761441 
1903	 0.599516752305596 
1904	 0.596324577428505 
1905	 0.59327818387052 
1906	 0.590391783899824 
1907	 0.587631505324095 
1908	 0.584995787157467 
1909	 0.582501769605892 
1910	 0.58013452111217 
1911	 0.577897085555238 
1912	 0.575776926963031 
1913	 0.573789680836026 
1914	 0.571919681795934 
1915	 0.570158242718717 
1916	 0.5685411037178 
1917	 0.567041635178686 
1918	 0.565674024552563 
1919	 0.564426654708397 
1920	 0.563313906749868 
1921	 0.562294805861436 
1922	 0.561407418309316 
1923	 0.560607267529358 
1924	 0.559909331142483 
1925	 0.559312114600964 
1926	 0.558823408362953 
1927	 0.558433772613783 
1928	 0.558120056244755 
1929	 0.557911992686525 
1930	 0.557761265609536 
1931	 0.557677907821536 
1932	 0.557691665937576 
1933	 0.557812931820324 
1934	 0.557964898163874 
1935	 0.558213288215477 
1936	 0.558485348082034 
1937	 0.558772465069442 
1938	 0.559143667240052 
1939	 0.559595799664861 
1940	 0.560076820961155 
1941	 0.560615750724879 
1942	 0.561223754185975 
1943	 0.561865113243308 
1944	 0.562572826687405 
1945	 0.56327603918389 
1946	 0.564031939297966 
1947	 0.564779493076962 
1948	 0.565532797890742 
1949	 0.566291239040203 
1950	 0.567069953722243 
1951	 0.567845269933826 
1952	 0.568615026761724 
1953	 0.569385137518425 
1954	 0.570144073482466 
1955	 0.570916273032337 
1956	 0.571643491327294 
1957	 0.572341055557365 
1958	 0.573039173919552 
1959	 0.573688960890374 
1960	 0.574374223644902 
1961	 0.575079946809559 
1962	 0.575778921046393 
1963	 0.576481430294574 
1964	 0.577189651229864 
1965	 0.577909312981535 
1966	 0.578623321580578 
1967	 0.579362675129284 
1968	 0.580099948441318 
1969	 0.580892996454395 
1970	 0.581723762019067 
1971	 0.582563720223307 
1972	 0.583442072088747 
1973	 0.58433823995524 
1974	 0.585267615574561 
1975	 0.58617768814716 
1976	 0.587108601421143 
1977	 0.588077043002302 
1978	 0.589019504671122 
1979	 0.589970488081907 
1980	 0.590882563530618 
1981	 0.591780173425121 
1982	 0.592669040700133 
1983	 0.593528729137934 
1984	 0.594380278694114 
1985	 0.595255110463614 
1986	 0.596076929311777 
1987	 0.596865926120556 
1988	 0.597623413272867 
1989	 0.598347972584244 
1990	 0.599016049667864 
1991	 0.59970585375555 
1992	 0.600380240991548 
1993	 0.601041446751503 
1994	 0.601734459398196 
1995	 0.602346461405692 
1996	 0.602915285101489 
1997	 0.603450178758776 
1998	 0.603942206493055 
1999	 0.604389326209631 
2000	 0.604821701741894 
2001	 0.605186671951728 
2002	 0.605471929971485 
2003	 0.605691848897161 
2004	 0.605847210101444 
2005	 0.605937067983217 
2006	 0.605943160656432 
2007	 0.605875015363934 
2008	 0.605743797223803 
2009	 0.605536074173405 
2010	 0.605249518070237 
2011	 0.604900290564736 
2012	 0.604471057544575 
2013	 0.603941765531765 
2014	 0.603347966317014 
2015	 0.602705625327561 
2016	 0.60199317881438 
2017	 0.601237388988039 
2018	 0.600425695545412 
2019	 0.599565678664072 
2020	 0.598649390912355 
2021	 0.597689779424773 
2022	 0.596663725659462 
2023	 0.595617363283549 
2024	 0.594532366699878 
2025	 0.593407819679943 
2026	 0.592241389712824 
2027	 0.591058511807793 
2028	 0.589824935946604 
2029	 0.588545318586898 
2030	 0.587230282806392 
2031	 0.585876830851717 
2032	 0.584485553311085 
2033	 0.583043138935434 
2034	 0.58158386480998 
2035	 0.580097077439901 
2036	 0.578576114692718 
2037	 0.577042171013386 
2038	 0.575446004297905 
2039	 0.573791531226849 
2040	 0.572109193920095 
2041	 0.570388593746533 
2042	 0.568641432478875 
2043	 0.566912282444974 
2044	 0.565192987121649 
2045	 0.563443763084568 
2046	 0.561672803997807 
2047	 0.559912614205698 
2048	 0.558122207769989 
2049	 0.556358696774964 
2050	 0.554606481150511 
2051	 0.55286930770685 
2052	 0.551133308766348 
2053	 0.549428666884774 
2054	 0.547746744402364 
2055	 0.546079530099329 
2056	 0.544443885118773 
2057	 0.542843401465693 
2058	 0.541241401599375 
2059	 0.539662017955436 
2060	 0.538086020592261 
2061	 0.536519172433156 
2062	 0.534963548130921 
2063	 0.533408226015569 
2064	 0.531886373526741 
2065	 0.530377140158673 
2066	 0.528891537302832 
2067	 0.527413817707506 
2068	 0.525995194682014 
2069	 0.524595598342421 
2070	 0.523234945453748 
2071	 0.521938600596064 
2072	 0.520691565180671 
2073	 0.519501311113257 
2074	 0.518350705681362 
2075	 0.517293947620089 
2076	 0.516307526982253 
2077	 0.515392051217671 
2078	 0.514578034885422 
2079	 0.513792617973139 
2080	 0.513075864400843 
2081	 0.512384428722811 
2082	 0.511736462380608 
2083	 0.511136840238038 
2084	 0.510540872561513 
2085	 0.509998752974803 
2086	 0.509542803083504 
2087	 0.509103804993517 
2088	 0.508678515109783 
2089	 0.50831481587706 
2090	 0.507939103952906 
2091	 0.507563427374326 
2092	 0.507196003347738 
2093	 0.506864209194521 
2094	 0.506509964570728 
2095	 0.506122792155563 
2096	 0.505770259637038 
2097	 0.505420257067681 
2098	 0.50509946890184 
2099	 0.50478631680534 
2100	 0.504519231076695 
2101	 0.504312585605155 
2102	 0.50409338549469 
2103	 0.503924389411374 
2104	 0.503809708625328 
2105	 0.503700570232166 
2106	 0.503589036425671 
2107	 0.503560592723054 
2108	 0.503579828164371 
2109	 0.503636687682099 
2110	 0.50377665802503 
2111	 0.503900454336455 
2112	 0.504040629774345 
2113	 0.5042053349501 
2114	 0.50436616281894 
2115	 0.50458605054383 
2116	 0.504875130506571 
2117	 0.505162425478123 
2118	 0.505472613076756 
2119	 0.505780342352125 
2120	 0.506057828889449 
2121	 0.506293591811496 
2122	 0.506573799296357 
2123	 0.506882690860656 
2124	 0.507139292939025 
2125	 0.507416421384401 
2126	 0.507623763104518 
2127	 0.507788485222569 
2128	 0.507901148500566 
2129	 0.507986106844576 
2130	 0.507998029209473 
2131	 0.50790757880434 
2132	 0.507823704040119 
2133	 0.507675794183972 
2134	 0.507541655344074 
2135	 0.507391184119651 
2136	 0.507244075168373 
2137	 0.507112862520827 
2138	 0.506977928371955 
2139	 0.506970670762359 
2140	 0.506990378220582 
2141	 0.507179745867002 
2142	 0.507491429195384 
2143	 0.507908612680133 
2144	 0.508521850021763 
2145	 0.509094589046561 
2146	 0.509764863598968 
2147	 0.510413010372619 
2148	 0.511123578139846 
2149	 0.511744180138459 
2150	 0.512346104226098 
2151	 0.512951269856169 
2152	 0.513399678422103 
2153	 0.513766409557347 
2154	 0.514010311196158 
2155	 0.514191040912003 
2156	 0.514342285209496 
2157	 0.51437367132785 
2158	 0.51448547242335 
2159	 0.514563881132116 
2160	 0.514728155342494 
2161	 0.514906252102888 
2162	 0.515176451246545 
2163	 0.515494657317002 
2164	 0.51590689270676 
2165	 0.516387051320511 
2166	 0.516964334422062 
2167	 0.517679200669352 
2168	 0.518409013273452 
2169	 0.519225488694838 
2170	 0.520065372709833 
2171	 0.520964595779681 
2172	 0.521867543762128 
2173	 0.522796808808004 
2174	 0.523712123475499 
2175	 0.524565352051699 
2176	 0.525394513727228 
2177	 0.526088867844961 
2178	 0.526697345198733 
2179	 0.527239296574514 
2180	 0.527658465948791 
2181	 0.5280547649937 
2182	 0.528360169847766 
2183	 0.528707655602178 
2184	 0.528983234162025 
2185	 0.529320111779759 
2186	 0.529669137776221 
2187	 0.530077912767719 
2188	 0.530532989264088 
2189	 0.530990261240734 
2190	 0.531508507619761 
2191	 0.532019965232299 
2192	 0.53252566987002 
2193	 0.533066182505081 
2194	 0.533594814003438 
2195	 0.534130120491968 
2196	 0.534579079387311 
2197	 0.534942935901936 
2198	 0.535248502567602 
2199	 0.535457267089397 
2200	 0.535674245274693 
2201	 0.535859884500755 
2202	 0.535977179309147 
2203	 0.536027005770286 
2204	 0.536100578611913 
2205	 0.536013529838028 
2206	 0.536158172050219 
2207	 0.536363502772268 
2208	 0.536697730414079 
2209	 0.537166332265214 
2210	 0.537750709893006 
2211	 0.538487521549439 
2212	 0.539278031021452 
2213	 0.540290323098489 
2214	 0.541189732503721 
2215	 0.542110309416402 
2216	 0.543008547738746 
2217	 0.543794576580738 
2218	 0.544531414682874 
2219	 0.545243907242697 
2220	 0.545874444886159 
2221	 0.546284293084217 
2222	 0.546592038723446 
2223	 0.546690765287436 
2224	 0.546511264601592 
2225	 0.546339405647866 
2226	 0.54607966048277 
2227	 0.545667116274034 
2228	 0.54514489830561 
2229	 0.544484104863246 
2230	 0.543695611767501 
2231	 0.542721845854211 
2232	 0.54162586676676 
2233	 0.540327560755744 
2234	 0.538772882159251 
2235	 0.537135610219266 
2236	 0.535336080487519 
2237	 0.53342523842057 
2238	 0.53140516184909 
2239	 0.529224679655347 
2240	 0.526813779585553 
2241	 0.524392522041713 
2242	 0.521859709364618 
2243	 0.519226373217039 
2244	 0.516586864260235 
2245	 0.513956916871746 
2246	 0.511290724083647 
2247	 0.50861106525363 
2248	 0.505976112972901 
2249	 0.503337289680557 
2250	 0.500782889400223 
2251	 0.498276599101238 
2252	 0.4958074246288 
2253	 0.493401264587377 
2254	 0.491029724199711 
2255	 0.488707141881763 
2256	 0.486377969839418 
2257	 0.484119963586928 
2258	 0.48181977848272 
2259	 0.479466470762405 
2260	 0.477190589517319 
2261	 0.474920841307836 
2262	 0.472718674664716 
2263	 0.470530756222657 
2264	 0.468472373433273 
2265	 0.46646967650753 
2266	 0.464587246441778 
2267	 0.462816448774172 
2268	 0.461179781372178 
2269	 0.459626513944842 
2270	 0.458253707807309 
2271	 0.457073570562497 
2272	 0.455991887941317 
2273	 0.455085525855497 
2274	 0.454293311482434 
2275	 0.453579021757294 
2276	 0.452842430570855 
2277	 0.452116780746254 
2278	 0.451455524464929 
2279	 0.450738618975483 
2280	 0.450052079195057 
2281	 0.449257959358356 
2282	 0.448444401031968 
2283	 0.447487752009433 
2284	 0.44639868627556 
2285	 0.445321207845114 
2286	 0.44411529085418 
2287	 0.442999295803134 
2288	 0.441870554532115 
2289	 0.440813684680169 
2290	 0.439784579023405 
2291	 0.438805604644061 
2292	 0.437890109922068 
2293	 0.436992782529859 
2294	 0.43611189031162 
2295	 0.43530392093201 
2296	 0.434562213911505 
2297	 0.433842433643249 
2298	 0.433162804370636 
2299	 0.432546895155121 
2300	 0.431987151168645 
2301	 0.431449791886539 
2302	 0.4309980395073 
2303	 0.430540352469515 
2304	 0.43008767007399 
2305	 0.429663799648923 
2306	 0.429283137025462 
2307	 0.428909360817113 
2308	 0.428612607264052 
2309	 0.428236689248218 
2310	 0.427813698222595 
2311	 0.427408030744989 
2312	 0.426972093790641 
2313	 0.426523349401373 
2314	 0.426064922716416 
2315	 0.425673445327698 
2316	 0.425173395944381 
2317	 0.424621109469037 
2318	 0.424044863098161 
2319	 0.423386233264054 
2320	 0.422851998221985 
2321	 0.422318593981702 
2322	 0.421847393074665 
2323	 0.421473088521638 
2324	 0.421062580515433 
2325	 0.42066140959023 
2326	 0.420251099895379 
2327	 0.419883722349218 
2328	 0.419424801317111 
2329	 0.418930487709769 
2330	 0.418385808443235 
2331	 0.417732041195946 
2332	 0.417169622076669 
2333	 0.416605768318172 
2334	 0.416049778522376 
2335	 0.41555568647645 
2336	 0.415003163391584 
2337	 0.414311503422643 
2338	 0.41385615316295 
2339	 0.41348105353343 
2340	 0.413181040747685 
2341	 0.413040522235191 
2342	 0.412951391465224 
2343	 0.412843101951464 
2344	 0.412963402397759 
2345	 0.413360206010292 
2346	 0.413678039209701 
2347	 0.414115421429386 
2348	 0.414549822058271 
2349	 0.414953627396044 
2350	 0.415418903652592 
2351	 0.416066145830842 
2352	 0.416516613494009 
2353	 0.416809770517218 
2354	 0.417228672953557 
2355	 0.417556896986615 
2356	 0.417997981942598 
2357	 0.418699590937729 
2358	 0.419194066448628 
2359	 0.419446916107125 
2360	 0.419986415330767 
2361	 0.420623676371678 
2362	 0.421238848773089 
2363	 0.422195069793598 
2364	 0.422874355249858 
2365	 0.423188875636837 
2366	 0.423740292622394 
2367	 0.424379032058645 
2368	 0.424944240172299 
2369	 0.425600465513163 
2370	 0.426235709484429 
2371	 0.426760038226227 
2372	 0.427308776081085 
2373	 0.427971514062237 
2374	 0.428531363337905 
2375	 0.428985425292687 
2376	 0.429462719610124 
2377	 0.429757256438454 
2378	 0.430264655487311 
2379	 0.430965795675573 
2380	 0.431642265314985 
2381	 0.432140491606141 
2382	 0.432844855312154 
2383	 0.433312384021838 
2384	 0.433413276450326 
2385	 0.433726745589798 
2386	 0.433980648750874 
2387	 0.433972343417238 
2388	 0.434206031551815 
2389	 0.434338911892316 
2390	 0.434464711132171 
2391	 0.434993858749113 
2392	 0.435452103274192 
2393	 0.436062805251965 
2394	 0.436667555836663 
2395	 0.437004995955065 
2396	 0.437525096503509 
2397	 0.437761157057277 
2398	 0.437810265826424 
2399	 0.437924560645608 
2400	 0.437796137580294 
2401	 0.437733869231124 
2402	 0.437742757700546 
2403	 0.437548699834877 
2404	 0.437312318948479 
2405	 0.437175958205498 
2406	 0.436982035950576 
2407	 0.436645289571851 
2408	 0.436053451793881 
2409	 0.435467161643302 
2410	 0.434883337228565 
2411	 0.434270035411598 
2412	 0.433921234816823 
2413	 0.43350750428344 
2414	 0.433322105272548 
2415	 0.43312668682242 
2416	 0.432446702272289 
2417	 0.431800117430827 
2418	 0.430935720196251 
2419	 0.430083781077311 
2420	 0.429599517707498 
2421	 0.42893146949287 
2422	 0.427903116012255 
2423	 0.427027210958884 
2424	 0.426660307701205 
2425	 0.425893601261755 
2426	 0.424988295473444 
2427	 0.424199951730317 
2428	 0.422676934585155 
2429	 0.421466951862153 
2430	 0.420532181745791 
2431	 0.419004482029347 
2432	 0.417376897788509 
2433	 0.415594919298234 
2434	 0.41396025165878 
2435	 0.412776000399087 
2436	 0.411698153718864 
2437	 0.41092803173193 
2438	 0.410064658432598 
2439	 0.408878967159669 
2440	 0.407988750227326 
2441	 0.406590045309674 
2442	 0.404484930963063 
2443	 0.402283315308739 
2444	 0.399841092650069 
2445	 0.397995111141365 
2446	 0.396717076479879 
2447	 0.395333033244491 
2448	 0.393837493447712 
2449	 0.39185499718608 
2450	 0.389372199423309 
2451	 0.387110329756403 
2452	 0.385376295707458 
2453	 0.384001895272239 
2454	 0.382608338720951 
2455	 0.381054748029225 
2456	 0.379482695694953 
2457	 0.37776375370323 
2458	 0.376005078826233 
2459	 0.373942398127426 
2460	 0.372187759829844 
2461	 0.370676687236556 
2462	 0.368759135758573 
2463	 0.366910918691752 
2464	 0.365491498264732 
2465	 0.363576049612221 
2466	 0.362249375885554 
2467	 0.362204319801926 
2468	 0.361350301632487 
2469	 0.360047527262203 
2470	 0.359081663976618 
2471	 0.358025326020453 
2472	 0.356667151314934 
2473	 0.355394870873858 
2474	 0.354486374314265 
2475	 0.353197618141649 
2476	 0.352633833924486 
2477	 0.353134495180234 
2478	 0.352825621259933 
2479	 0.352574384080799 
2480	 0.352088471066566 
2481	 0.350756219253728 
2482	 0.350628056273036 
2483	 0.350934067113192 
2484	 0.351082469052334 
2485	 0.352559856631572 
2486	 0.352866609876332 
2487	 0.352138720636376 
2488	 0.352469171526845 
2489	 0.352605324987193 
2490	 0.353890588842586 
2491	 0.354455442844484 
2492	 0.354374312403305 
2493	 0.355203045126992 
2494	 0.356930444119564 
2495	 0.359337608685136 
2496	 0.358842086083476 
2497	 0.3588160365334 
2498	 0.357909159321645 
2499	 0.35661247313095 
2500	 0.359817660016406 
