Wavelength	C:\Documents and Settings\All Users\Application Data\ASD\Indico Pro\Projects\McBeth_080818\#19.txt
350	 0.213838603228918 
351	 0.202594558593078 
352	 0.19253279907406 
353	 0.19350405824059 
354	 0.199252868987218 
355	 0.186620545257846 
356	 0.177586366870794 
357	 0.174444497780748 
358	 0.174550433003307 
359	 0.174707720545785 
360	 0.171105985648285 
361	 0.167377031839492 
362	 0.168412005516428 
363	 0.166148319939545 
364	 0.166221607400423 
365	 0.168388183869124 
366	 0.166308964715473 
367	 0.1680801946794 
368	 0.169834880304065 
369	 0.169583022119557 
370	 0.175111447074512 
371	 0.175542031276558 
372	 0.174171355045244 
373	 0.177795931781621 
374	 0.181141257560812 
375	 0.185387184921262 
376	 0.190522058217216 
377	 0.195316708357585 
378	 0.199107415633084 
379	 0.202983297983002 
380	 0.208385056209691 
381	 0.217135979279838 
382	 0.224435640806708 
383	 0.230570910579908 
384	 0.237389811920625 
385	 0.245114562102894 
386	 0.252830220703922 
387	 0.261198261891538 
388	 0.272197815773843 
389	 0.284165661142344 
390	 0.296401866157902 
391	 0.309028155972898 
392	 0.323873104622892 
393	 0.336599406202287 
394	 0.350051393945047 
395	 0.367812930959055 
396	 0.385549247914917 
397	 0.403282894786275 
398	 0.421544615369714 
399	 0.44119053807903 
400	 0.460551439165911 
401	 0.481072880347131 
402	 0.503286021898302 
403	 0.524311281783102 
404	 0.546303376735443 
405	 0.568160992935179 
406	 0.588265409902185 
407	 0.609439850499105 
408	 0.630034563719071 
409	 0.649471696909973 
410	 0.66847109071361 
411	 0.686020238483742 
412	 0.702070319081104 
413	 0.716825840982913 
414	 0.730441364593353 
415	 0.743153305443456 
416	 0.754629548191229 
417	 0.764494328418392 
418	 0.773400543159111 
419	 0.781204151626117 
420	 0.787971312181514 
421	 0.794026652075816 
422	 0.798700716241794 
423	 0.802617420506153 
424	 0.806262213896997 
425	 0.809029258173941 
426	 0.811426341331995 
427	 0.813617824369806 
428	 0.815579372124565 
429	 0.817381714382067 
430	 0.818579796347038 
431	 0.819324595733634 
432	 0.820578788524108 
433	 0.821193569929595 
434	 0.821632715221433 
435	 0.822446672255527 
436	 0.82305488303577 
437	 0.823676383012097 
438	 0.824386961378177 
439	 0.825103787032453 
440	 0.825131839328539 
441	 0.825260262612226 
442	 0.825835022136376 
443	 0.826048198419438 
444	 0.826613342267889 
445	 0.827243187984958 
446	 0.82746001566375 
447	 0.827474003698234 
448	 0.827779482870488 
449	 0.82833939030269 
450	 0.82863154574432 
451	 0.828894005387251 
452	 0.82919614537879 
453	 0.829532976206851 
454	 0.829779777289647 
455	 0.830052073375213 
456	 0.83034926309756 
457	 0.830616358889743 
458	 0.830810104550602 
459	 0.831088355822111 
460	 0.831477931904806 
461	 0.831810631229095 
462	 0.831956604022129 
463	 0.832067883470758 
464	 0.832313767455121 
465	 0.832621807508273 
466	 0.832891174296599 
467	 0.833086559493507 
468	 0.833228985277387 
469	 0.833332829560958 
470	 0.833575847231037 
471	 0.833986036265838 
472	 0.834276819926817 
473	 0.834264002515153 
474	 0.834300708092451 
475	 0.834775031119896 
476	 0.834980112106777 
477	 0.835090318148633 
478	 0.835328288252532 
479	 0.835886877056371 
480	 0.836034035567762 
481	 0.8360703364542 
482	 0.836331331956292 
483	 0.836510753613217 
484	 0.836547012563095 
485	 0.836627058838711 
486	 0.837021611704132 
487	 0.837257218646673 
488	 0.837437662335658 
489	 0.837643966028833 
490	 0.837788751449681 
491	 0.83791446574323 
492	 0.8380377096541 
493	 0.838158905687594 
494	 0.838226378613959 
495	 0.838336833235715 
496	 0.838555488393529 
497	 0.83890032858742 
498	 0.839169258369317 
499	 0.839362567446341 
500	 0.839508701400076 
501	 0.839560898468474 
502	 0.839668807148863 
503	 0.839865240936533 
504	 0.840101958165348 
505	 0.840277073397161 
506	 0.840342055212402 
507	 0.840357431727985 
508	 0.840550239449336 
509	 0.84067305293866 
510	 0.840825157288736 
511	 0.841109794929187 
512	 0.841111983001205 
513	 0.841106035991594 
514	 0.841198315611501 
515	 0.841299760942479 
516	 0.841299403907793 
517	 0.841280981328435 
518	 0.84133440011492 
519	 0.841466455474094 
520	 0.841475614423524 
521	 0.841409746668885 
522	 0.841452309629129 
523	 0.841656837987332 
524	 0.841692290470631 
525	 0.841511161304763 
526	 0.84161419016866 
527	 0.841707799514813 
528	 0.841758570469093 
529	 0.841807775611068 
530	 0.84184501908436 
531	 0.841992474944362 
532	 0.842177457092261 
533	 0.842143022438625 
534	 0.842260175477109 
535	 0.84244423366738 
536	 0.842587842367413 
537	 0.842842180603825 
538	 0.842910590196976 
539	 0.8428856275032 
540	 0.843054397002324 
541	 0.8431236607979 
542	 0.843304246241564 
543	 0.843607296016663 
544	 0.843527226823575 
545	 0.843715059070431 
546	 0.84400847419061 
547	 0.84405016523859 
548	 0.844169589402896 
549	 0.84423353355878 
550	 0.844240574093249 
551	 0.844365798109102 
552	 0.844336293300409 
553	 0.844244169603472 
554	 0.844218579204628 
555	 0.844200678257846 
556	 0.844190060339531 
557	 0.844154850158913 
558	 0.844048678995043 
559	 0.843906096099193 
560	 0.843857461924859 
561	 0.843930211306518 
562	 0.843909857611197 
563	 0.843869437245423 
564	 0.843849305753116 
565	 0.843869642500279 
566	 0.843855586832526 
567	 0.843885765246396 
568	 0.843972328682012 
569	 0.844025672305771 
570	 0.844023260277658 
571	 0.844033721740149 
572	 0.844121919166497 
573	 0.844238592951909 
574	 0.844278668055048 
575	 0.844224595743205 
576	 0.84414152937658 
577	 0.844190037529811 
578	 0.844181073132784 
579	 0.844027328771188 
580	 0.844027526208182 
581	 0.844053464304076 
582	 0.844072129137585 
583	 0.84409104245049 
584	 0.844115094399559 
585	 0.844209809667597 
586	 0.844362828611288 
587	 0.844440234349493 
588	 0.844542837923674 
589	 0.844655953125343 
590	 0.844752263700389 
591	 0.844926340853533 
592	 0.844912198905573 
593	 0.84475727359172 
594	 0.844782456947226 
595	 0.84468706567947 
596	 0.844586953882667 
597	 0.844584573370816 
598	 0.844527745045036 
599	 0.844549036768377 
600	 0.844558502362297 
601	 0.844382159807079 
602	 0.844207404366989 
603	 0.84411560157139 
604	 0.844121544153628 
605	 0.844156632070902 
606	 0.844204046368747 
607	 0.844282420298529 
608	 0.844394213460429 
609	 0.844385288634962 
610	 0.844423342382466 
611	 0.844536089926127 
612	 0.844600690906163 
613	 0.844719210640424 
614	 0.844843499291612 
615	 0.844952234775779 
616	 0.84521070043121 
617	 0.845381043056196 
618	 0.845444793625433 
619	 0.845521649209758 
620	 0.845699099213704 
621	 0.845889079808627 
622	 0.846062064231611 
623	 0.846333846474547 
624	 0.846685683855522 
625	 0.846982838931986 
626	 0.847120052585537 
627	 0.847356160965913 
628	 0.847661752712804 
629	 0.847947332498668 
630	 0.848087223859645 
631	 0.848339678073632 
632	 0.848635895408454 
633	 0.848870240294363 
634	 0.849046991971251 
635	 0.849273668408616 
636	 0.849589526200647 
637	 0.849973196929819 
638	 0.850281767205449 
639	 0.850550753773907 
640	 0.850824696714692 
641	 0.851119799023902 
642	 0.851397329482412 
643	 0.851668182526824 
644	 0.851943700990618 
645	 0.852136250346789 
646	 0.852373532414782 
647	 0.852689231683733 
648	 0.853009238238593 
649	 0.853261073460702 
650	 0.853543544062066 
651	 0.853900888589473 
652	 0.854108902860144 
653	 0.854301691362702 
654	 0.854522349424931 
655	 0.854747955837573 
656	 0.85485150309009 
657	 0.854890975624418 
658	 0.854888793327484 
659	 0.854773428088581 
660	 0.854539954139191 
661	 0.854219016532119 
662	 0.853845244420944 
663	 0.853387389163665 
664	 0.852942646341215 
665	 0.852559963379785 
666	 0.852232935786319 
667	 0.851850019167733 
668	 0.851442316493112 
669	 0.851093587236864 
670	 0.85095100785408 
671	 0.850855214146257 
672	 0.850764559417662 
673	 0.850691323099909 
674	 0.850600211766892 
675	 0.850563172297895 
676	 0.850624915960402 
677	 0.850780428191054 
678	 0.850986477882487 
679	 0.851204429062151 
680	 0.851430006163239 
681	 0.851775302712372 
682	 0.852132446831514 
683	 0.852453309397722 
684	 0.852756768190888 
685	 0.853252898249083 
686	 0.853813375278609 
687	 0.854317210202961 
688	 0.854762088590739 
689	 0.855189917904918 
690	 0.855582519162034 
691	 0.855929296923774 
692	 0.856395578669723 
693	 0.856820227911758 
694	 0.857094950222495 
695	 0.857199223689767 
696	 0.857360024484485 
697	 0.857572950692742 
698	 0.85778402684624 
699	 0.857962075016285 
700	 0.858089926833569 
701	 0.858216611444726 
702	 0.858402821316172 
703	 0.858508872960082 
704	 0.858618059771932 
705	 0.858782449464236 
706	 0.858982293071316 
707	 0.859097661746484 
708	 0.859230754204625 
709	 0.85945889833221 
710	 0.859539123914454 
711	 0.859641900806774 
712	 0.859822352984753 
713	 0.860037684666504 
714	 0.860136451230208 
715	 0.860249132254164 
716	 0.860438002290291 
717	 0.860574609130774 
718	 0.860759537806371 
719	 0.860967024534631 
720	 0.861143640276684 
721	 0.86130337045454 
722	 0.86145196432345 
723	 0.861614484434135 
724	 0.861821193540368 
725	 0.861947988129343 
726	 0.862057453278048 
727	 0.862202517305817 
728	 0.862343284691013 
729	 0.862565282369017 
730	 0.862725686191362 
731	 0.862688691689256 
732	 0.862811080637626 
733	 0.863004099126135 
734	 0.863177762281116 
735	 0.863274970523038 
736	 0.863434775730079 
737	 0.863632288631061 
738	 0.863820763359335 
739	 0.863969958891919 
740	 0.864209615234454 
741	 0.86447986807041 
742	 0.864662881519673 
743	 0.864801688785512 
744	 0.864993200716575 
745	 0.865224928778621 
746	 0.865376327478716 
747	 0.865603110467352 
748	 0.865835020580241 
749	 0.866004518168048 
750	 0.866164700074804 
751	 0.866289050053756 
752	 0.866367402376906 
753	 0.866433976980021 
754	 0.866736140769494 
755	 0.8669871022806 
756	 0.867098684650797 
757	 0.86722522127412 
758	 0.867401475682182 
759	 0.867519766218896 
760	 0.867534587648042 
761	 0.867614741352907 
762	 0.867753746734064 
763	 0.86786294219764 
764	 0.86787713667047 
765	 0.868086121849089 
766	 0.868237025697632 
767	 0.868254123207772 
768	 0.86826501860209 
769	 0.868352045373557 
770	 0.868466183976931 
771	 0.868560412741231 
772	 0.868645191175255 
773	 0.868824677865208 
774	 0.868985885982995 
775	 0.868990328252309 
776	 0.868952310549419 
777	 0.869101985467464 
778	 0.869330376396737 
779	 0.869289813332148 
780	 0.869278384820104 
781	 0.869362058530139 
782	 0.869507168572898 
783	 0.869570972013175 
784	 0.869637959659515 
785	 0.869746399514015 
786	 0.86987969685653 
787	 0.869855931692723 
788	 0.869940057516853 
789	 0.870104147605766 
790	 0.870146646654339 
791	 0.870125980534885 
792	 0.870097090880866 
793	 0.870112744557385 
794	 0.870215819646735 
795	 0.870276339439789 
796	 0.870349828104393 
797	 0.870471373478663 
798	 0.870507971754178 
799	 0.870393170438859 
800	 0.87029907659406 
801	 0.870429167182805 
802	 0.870517256200353 
803	 0.870572259018133 
804	 0.87060419707551 
805	 0.870614756031564 
806	 0.870651481287114 
807	 0.870738619215465 
808	 0.870850867449049 
809	 0.870886824813104 
810	 0.870892646641591 
811	 0.870901758705713 
812	 0.870942547232528 
813	 0.871036359286097 
814	 0.871126732167563 
815	 0.871171314466233 
816	 0.871154936406752 
817	 0.871159231942271 
818	 0.871186694012152 
819	 0.871241717818998 
820	 0.871333841688615 
821	 0.87137875686704 
822	 0.871399312474556 
823	 0.871434550178066 
824	 0.871514753362566 
825	 0.871531834379881 
826	 0.871496764875307 
827	 0.871487428463067 
828	 0.871677686231111 
829	 0.871765151605789 
830	 0.871696862669723 
831	 0.871605023247069 
832	 0.871696619262778 
833	 0.871819143417868 
834	 0.871867896593024 
835	 0.871842804095337 
836	 0.871902034271772 
837	 0.872006193125432 
838	 0.87208566768709 
839	 0.872092285062448 
840	 0.872064693381231 
841	 0.872051153374664 
842	 0.872084255268179 
843	 0.872137566029151 
844	 0.872187229688805 
845	 0.872236177789944 
846	 0.87228897368745 
847	 0.87226107779286 
848	 0.872301552243301 
849	 0.872406498377973 
850	 0.872438722818697 
851	 0.872480627784577 
852	 0.872526374889535 
853	 0.872592628598063 
854	 0.872738890205819 
855	 0.872750444537621 
856	 0.872704620396897 
857	 0.872723485445698 
858	 0.872871456180938 
859	 0.872913428817049 
860	 0.872880019734113 
861	 0.872889678152715 
862	 0.872992452417024 
863	 0.873087772442349 
864	 0.873123317140288 
865	 0.873107605413934 
866	 0.873202177158159 
867	 0.873278219450487 
868	 0.873257826058379 
869	 0.873151388470068 
870	 0.873146156841901 
871	 0.873147844656808 
872	 0.873127912400336 
873	 0.873197366946886 
874	 0.873267883393522 
875	 0.873290655681754 
876	 0.873275120861973 
877	 0.873326863257209 
878	 0.873403960812566 
879	 0.87348434669354 
880	 0.873546998956542 
881	 0.873548128820075 
882	 0.873672393232119 
883	 0.873825489535814 
884	 0.873834474643242 
885	 0.873764713239092 
886	 0.873747525274315 
887	 0.873792532665236 
888	 0.8738376947247 
889	 0.873943344043098 
890	 0.874000444434425 
891	 0.874009619161613 
892	 0.874070908845268 
893	 0.874121467116964 
894	 0.874206907797087 
895	 0.874268117587944 
896	 0.874129743039828 
897	 0.874105037852639 
898	 0.87419597098804 
899	 0.874301660703107 
900	 0.874267414041692 
901	 0.874299978840282 
902	 0.87430277378938 
903	 0.874197356701293 
904	 0.874111763976436 
905	 0.87410034147778 
906	 0.874149585101945 
907	 0.874197999584147 
908	 0.874118938837529 
909	 0.874127790127622 
910	 0.874258765744958 
911	 0.874419601436421 
912	 0.874359500909128 
913	 0.874300563118691 
914	 0.87431828232957 
915	 0.874387349218501 
916	 0.874437003738257 
917	 0.87443245225684 
918	 0.874441503042213 
919	 0.874562325960857 
920	 0.874674472994004 
921	 0.874813376402615 
922	 0.874925136494671 
923	 0.874917157966498 
924	 0.874976299489645 
925	 0.87505967274888 
926	 0.875213322368019 
927	 0.875533382285582 
928	 0.875647423746413 
929	 0.875577535699674 
930	 0.875504081054177 
931	 0.875678617857009 
932	 0.875976099407497 
933	 0.876082359505668 
934	 0.875947553193307 
935	 0.875875487789249 
936	 0.875856631111055 
937	 0.875982438167337 
938	 0.876216956012413 
939	 0.876346655426731 
940	 0.876340264539009 
941	 0.876285925410196 
942	 0.876319635813272 
943	 0.876575358481948 
944	 0.876632429052701 
945	 0.876558297920418 
946	 0.876525394309172 
947	 0.876670183706643 
948	 0.87671980745903 
949	 0.87673574887178 
950	 0.876772141308416 
951	 0.876734311567665 
952	 0.876617719511669 
953	 0.876596016127541 
954	 0.876772862361936 
955	 0.877045333677299 
956	 0.877135062045255 
957	 0.876986954063941 
958	 0.876781356290342 
959	 0.876963612023021 
960	 0.877147876210874 
961	 0.877244955933201 
962	 0.877240591770184 
963	 0.877128740844208 
964	 0.87699713486822 
965	 0.876868035517564 
966	 0.87683683034855 
967	 0.87713254741705 
968	 0.877249698366368 
969	 0.877093260641426 
970	 0.876775867022769 
971	 0.876561547859114 
972	 0.876674933581114 
973	 0.876966716183398 
974	 0.877136691403733 
975	 0.876866329572262 
976	 0.876681707102747 
977	 0.876658176297374 
978	 0.876774877583756 
979	 0.876997764480414 
980	 0.877048069485846 
981	 0.876962387684094 
982	 0.876867891231427 
983	 0.876892731646901 
984	 0.876879611034091 
985	 0.876843232650429 
986	 0.8768813687143 
987	 0.877112014567735 
988	 0.877335898988388 
989	 0.87721800754319 
990	 0.876954102975558 
991	 0.87714143784381 
992	 0.877342440280212 
993	 0.877132807418721 
994	 0.876940086621893 
995	 0.877537682187502 
996	 0.877436186614192 
997	 0.877384776508412 
998	 0.877590827536229 
999	 0.87776611798537 
1000	 0.877755540617912 
1001	 0.872427395595472 
1002	 0.872461839917128 
1003	 0.872518983788384 
1004	 0.872595279508823 
1005	 0.872673780805414 
1006	 0.872720898564898 
1007	 0.872746069432614 
1008	 0.872835886450489 
1009	 0.872922089163941 
1010	 0.87304838738379 
1011	 0.873158164229837 
1012	 0.873193314834813 
1013	 0.873262141991549 
1014	 0.873329683816432 
1015	 0.873371068910213 
1016	 0.873457463048723 
1017	 0.873571476661915 
1018	 0.873719390880238 
1019	 0.873846940916945 
1020	 0.873987996073519 
1021	 0.874127279328123 
1022	 0.874201472492809 
1023	 0.874266402726033 
1024	 0.87436221357772 
1025	 0.874456159803427 
1026	 0.874517526164768 
1027	 0.874587048510866 
1028	 0.874694609856866 
1029	 0.874797130680409 
1030	 0.874905833815465 
1031	 0.875064078060698 
1032	 0.875200521111606 
1033	 0.875332141385761 
1034	 0.875415407371585 
1035	 0.875525335408618 
1036	 0.875634093858773 
1037	 0.875686742130164 
1038	 0.87577200354336 
1039	 0.87587770141464 
1040	 0.875955408337812 
1041	 0.876072877948405 
1042	 0.876177453223685 
1043	 0.876244216829655 
1044	 0.876326121415206 
1045	 0.876383330275649 
1046	 0.876409054240346 
1047	 0.87644993492825 
1048	 0.876492142443 
1049	 0.876514633299398 
1050	 0.876555212555938 
1051	 0.876573063623719 
1052	 0.876589494006706 
1053	 0.87662681770523 
1054	 0.876640422927272 
1055	 0.87664390297987 
1056	 0.876660827916485 
1057	 0.876714037731003 
1058	 0.876767034397518 
1059	 0.876825931474131 
1060	 0.876877847171615 
1061	 0.876912528823502 
1062	 0.876954487942806 
1063	 0.876991434311323 
1064	 0.877052612002354 
1065	 0.877105701978153 
1066	 0.877171795904309 
1067	 0.877264873906843 
1068	 0.877371296962311 
1069	 0.877449139907691 
1070	 0.877504881125636 
1071	 0.877571559209202 
1072	 0.877645160536133 
1073	 0.87773642741464 
1074	 0.87788899983537 
1075	 0.87798824677451 
1076	 0.878070489380844 
1077	 0.878133848964009 
1078	 0.878149516868105 
1079	 0.878211823110243 
1080	 0.878271053741514 
1081	 0.878365059299634 
1082	 0.878484823851576 
1083	 0.878594310775885 
1084	 0.878720249838129 
1085	 0.878805770468959 
1086	 0.878881696067942 
1087	 0.878973087298488 
1088	 0.879051346782678 
1089	 0.879111312615184 
1090	 0.879193318853768 
1091	 0.879283483571803 
1092	 0.879367798610423 
1093	 0.879471811565436 
1094	 0.879545032616208 
1095	 0.879595760380618 
1096	 0.879647733242914 
1097	 0.879707281858775 
1098	 0.879774924419216 
1099	 0.879892549031475 
1100	 0.880012460258021 
1101	 0.880093628606032 
1102	 0.880185504815724 
1103	 0.880257780296452 
1104	 0.880288944387619 
1105	 0.880353164821205 
1106	 0.88043554659353 
1107	 0.880494977661727 
1108	 0.880553042070039 
1109	 0.880610558839086 
1110	 0.880657771794323 
1111	 0.880706078516696 
1112	 0.880764090123093 
1113	 0.880804348521424 
1114	 0.880830833065324 
1115	 0.880863089264504 
1116	 0.880873166418646 
1117	 0.880854989101354 
1118	 0.880831755351941 
1119	 0.88078309440692 
1120	 0.880725194735482 
1121	 0.880667849401093 
1122	 0.880572802567518 
1123	 0.880456161136612 
1124	 0.880317001641349 
1125	 0.880159495204938 
1126	 0.879965035948982 
1127	 0.879738088998933 
1128	 0.879497585820867 
1129	 0.879231646649704 
1130	 0.878944643166254 
1131	 0.878621853631518 
1132	 0.878305270373248 
1133	 0.877973899657189 
1134	 0.877615213145 
1135	 0.877272358807088 
1136	 0.876926859298039 
1137	 0.876605416936345 
1138	 0.876275797229012 
1139	 0.875982315851599 
1140	 0.875701537759714 
1141	 0.87546192835589 
1142	 0.875245547648133 
1143	 0.875062734456005 
1144	 0.874913101461782 
1145	 0.874799745072178 
1146	 0.87472454849533 
1147	 0.874661310553335 
1148	 0.874632007734623 
1149	 0.874633491050366 
1150	 0.874643264279697 
1151	 0.874660049153566 
1152	 0.874666738935859 
1153	 0.874685449935064 
1154	 0.874685414330021 
1155	 0.874679671198769 
1156	 0.874653756867834 
1157	 0.874620812862561 
1158	 0.874569343952121 
1159	 0.874503356865374 
1160	 0.87441673521791 
1161	 0.874314291853968 
1162	 0.874196262973505 
1163	 0.874062887058624 
1164	 0.873903907401588 
1165	 0.873732524991723 
1166	 0.873531045114345 
1167	 0.873313019130715 
1168	 0.873058969901065 
1169	 0.872820437755165 
1170	 0.872573859698213 
1171	 0.872322930058804 
1172	 0.872072635916868 
1173	 0.871808729150377 
1174	 0.871546151344695 
1175	 0.871248936235021 
1176	 0.870924028021286 
1177	 0.870604831350284 
1178	 0.870259582027976 
1179	 0.869920563050938 
1180	 0.869595421352234 
1181	 0.869253610438415 
1182	 0.868899173253752 
1183	 0.868537877533578 
1184	 0.868169110720671 
1185	 0.86778728708842 
1186	 0.867418713950269 
1187	 0.867028554687231 
1188	 0.866694680471327 
1189	 0.866382308313032 
1190	 0.866091578275446 
1191	 0.865833913915621 
1192	 0.865589375011525 
1193	 0.86536282886984 
1194	 0.865150397315785 
1195	 0.864954353179979 
1196	 0.864782286614234 
1197	 0.864621467017277 
1198	 0.864487802721979 
1199	 0.864382445773589 
1200	 0.864296863502865 
1201	 0.864234213183456 
1202	 0.864188673275739 
1203	 0.864162809495834 
1204	 0.864158912103887 
1205	 0.864172412449412 
1206	 0.864206781797587 
1207	 0.864250111680622 
1208	 0.864314155889018 
1209	 0.864383690414642 
1210	 0.864458202702552 
1211	 0.864552773439335 
1212	 0.864663363580888 
1213	 0.864784857724402 
1214	 0.864931619522764 
1215	 0.865070654821262 
1216	 0.865216070726549 
1217	 0.865363333892784 
1218	 0.865502720281474 
1219	 0.865657589937639 
1220	 0.865825632081612 
1221	 0.865997220162524 
1222	 0.866167622258414 
1223	 0.866351868261422 
1224	 0.866514878447373 
1225	 0.866663006541952 
1226	 0.866825956854704 
1227	 0.866976413738889 
1228	 0.867155325498662 
1229	 0.86735293302963 
1230	 0.867553931917401 
1231	 0.867767811497296 
1232	 0.867986640790082 
1233	 0.86821124810362 
1234	 0.868444574456613 
1235	 0.868685322919239 
1236	 0.86893737638764 
1237	 0.86921358210992 
1238	 0.869473163539399 
1239	 0.869746360711584 
1240	 0.870000000735368 
1241	 0.87023171208998 
1242	 0.870438411994728 
1243	 0.870655569028914 
1244	 0.870855816391339 
1245	 0.871070511052013 
1246	 0.871300859537959 
1247	 0.871507576464339 
1248	 0.871708092193668 
1249	 0.871900930611301 
1250	 0.872084831977006 
1251	 0.872257236343739 
1252	 0.872425268534663 
1253	 0.872579156408123 
1254	 0.872704634928427 
1255	 0.872844868674498 
1256	 0.872982261191951 
1257	 0.873121199321697 
1258	 0.873281429302333 
1259	 0.873416479989027 
1260	 0.873539859535636 
1261	 0.873656544279039 
1262	 0.873752372683465 
1263	 0.873821762958162 
1264	 0.873903043968752 
1265	 0.873976463435653 
1266	 0.874048670171107 
1267	 0.874120879153256 
1268	 0.87418703728142 
1269	 0.874243057647983 
1270	 0.874303532513435 
1271	 0.874364211826785 
1272	 0.874425299330356 
1273	 0.874487109978395 
1274	 0.874545496047435 
1275	 0.874591475424066 
1276	 0.87465574047803 
1277	 0.874731415914958 
1278	 0.87480304476571 
1279	 0.87487227362758 
1280	 0.874960213701559 
1281	 0.875063861149159 
1282	 0.875158959239117 
1283	 0.875281291490688 
1284	 0.875422723801196 
1285	 0.875551714300486 
1286	 0.875676324451874 
1287	 0.875808744129811 
1288	 0.875943652421402 
1289	 0.876081600446024 
1290	 0.876234552017641 
1291	 0.87636302916349 
1292	 0.87648405043822 
1293	 0.876602888224542 
1294	 0.87671775879067 
1295	 0.876811367591199 
1296	 0.876900257276736 
1297	 0.876972183893514 
1298	 0.877016205900439 
1299	 0.877058544690331 
1300	 0.87709346731322 
1301	 0.877124703677857 
1302	 0.877142287206707 
1303	 0.877159633130101 
1304	 0.87719488203995 
1305	 0.87722377787941 
1306	 0.877243581482378 
1307	 0.877265223825494 
1308	 0.877265233279423 
1309	 0.877240645595866 
1310	 0.87722528317655 
1311	 0.877204813523329 
1312	 0.877179317969886 
1313	 0.877162043210816 
1314	 0.877118168475225 
1315	 0.877061498496243 
1316	 0.876992834386458 
1317	 0.876900909268383 
1318	 0.876811406570014 
1319	 0.876711301388801 
1320	 0.876612132984301 
1321	 0.876512418257604 
1322	 0.876406292535685 
1323	 0.876303854592496 
1324	 0.87618988358105 
1325	 0.876073559213392 
1326	 0.875937737992636 
1327	 0.875798733240037 
1328	 0.875631295078953 
1329	 0.875445767501236 
1330	 0.875234707485676 
1331	 0.87497598183208 
1332	 0.874666653871482 
1333	 0.874367098428377 
1334	 0.874033848059193 
1335	 0.87370711163269 
1336	 0.87340312093174 
1337	 0.873035078852229 
1338	 0.872639711537647 
1339	 0.872211897975922 
1340	 0.87173566702316 
1341	 0.871256637620427 
1342	 0.870762161308453 
1343	 0.870240399630255 
1344	 0.869704188218982 
1345	 0.869133915622199 
1346	 0.868520866240608 
1347	 0.867905412523787 
1348	 0.86726987655548 
1349	 0.866618002552571 
1350	 0.865965073366454 
1351	 0.865292932098903 
1352	 0.864593730541038 
1353	 0.86388531707495 
1354	 0.863157667972569 
1355	 0.862431115720137 
1356	 0.861708280108561 
1357	 0.860968419875485 
1358	 0.860232621388519 
1359	 0.859485681626003 
1360	 0.858764966329921 
1361	 0.858045888187207 
1362	 0.857353465649769 
1363	 0.856693331716346 
1364	 0.856014302386898 
1365	 0.855335517427754 
1366	 0.85467537425172 
1367	 0.854013661939744 
1368	 0.853375511045245 
1369	 0.852750567936642 
1370	 0.852148404256836 
1371	 0.851569897053191 
1372	 0.850991507423996 
1373	 0.850454514510254 
1374	 0.84988894627085 
1375	 0.849309982716215 
1376	 0.848728012668705 
1377	 0.848152947724923 
1378	 0.847504169162957 
1379	 0.846823891059425 
1380	 0.846037234421344 
1381	 0.845064287687643 
1382	 0.843989683438162 
1383	 0.842721668816204 
1384	 0.84134943282149 
1385	 0.839988255520917 
1386	 0.838531191351618 
1387	 0.837106618005608 
1388	 0.835639528259644 
1389	 0.834276263650456 
1390	 0.832816409465873 
1391	 0.831691626462116 
1392	 0.830719606679582 
1393	 0.829903113404036 
1394	 0.82941088109923 
1395	 0.828794822051891 
1396	 0.828285186497212 
1397	 0.82770344861429 
1398	 0.827143265547362 
1399	 0.826466278039366 
1400	 0.825838560850263 
1401	 0.824958788017976 
1402	 0.823946064678757 
1403	 0.82275933136378 
1404	 0.82136420449336 
1405	 0.819837401734239 
1406	 0.818235773140778 
1407	 0.816538794746656 
1408	 0.814782615518441 
1409	 0.812995026699705 
1410	 0.811175449736756 
1411	 0.809348235956804 
1412	 0.807570167336589 
1413	 0.805843685206556 
1414	 0.804187641650245 
1415	 0.80260870390732 
1416	 0.801111670318901 
1417	 0.799699604102792 
1418	 0.798355822783984 
1419	 0.797097082112357 
1420	 0.795872818046922 
1421	 0.794731821035513 
1422	 0.793594710368756 
1423	 0.792508564204262 
1424	 0.791416960831233 
1425	 0.790341427534574 
1426	 0.789283579975415 
1427	 0.78822853638179 
1428	 0.787205544448548 
1429	 0.78619451675113 
1430	 0.78523202467111 
1431	 0.784289299337181 
1432	 0.783406113675523 
1433	 0.782565863347363 
1434	 0.781780578249851 
1435	 0.781050566969493 
1436	 0.780357416397896 
1437	 0.77971070641066 
1438	 0.779120021991633 
1439	 0.778548947361349 
1440	 0.778017654620834 
1441	 0.777530534292618 
1442	 0.777073174413207 
1443	 0.77664704088244 
1444	 0.776256668081774 
1445	 0.775870776182379 
1446	 0.775497346428027 
1447	 0.775165205997506 
1448	 0.774849682542209 
1449	 0.774554750683756 
1450	 0.774291762879829 
1451	 0.774034013142406 
1452	 0.773794436777541 
1453	 0.773539188642004 
1454	 0.773309409697728 
1455	 0.773035054631894 
1456	 0.77272672704916 
1457	 0.772435424803009 
1458	 0.772121685658003 
1459	 0.771829670476529 
1460	 0.771548842464545 
1461	 0.771270834446543 
1462	 0.771002511718304 
1463	 0.770736825458813 
1464	 0.770465347074224 
1465	 0.770222279306203 
1466	 0.769987264427909 
1467	 0.769770747187588 
1468	 0.769590058694363 
1469	 0.769397754574367 
1470	 0.769209430523701 
1471	 0.769027035779776 
1472	 0.768845394728529 
1473	 0.768670877187506 
1474	 0.768493741657949 
1475	 0.768340277158685 
1476	 0.768195996254497 
1477	 0.76806747454276 
1478	 0.767971658996583 
1479	 0.767891281317159 
1480	 0.767836690702681 
1481	 0.767804098221474 
1482	 0.767787356957768 
1483	 0.767791484491547 
1484	 0.767807450689411 
1485	 0.767837468983375 
1486	 0.767883454929096 
1487	 0.76795513979004 
1488	 0.7680561367143 
1489	 0.768171092960343 
1490	 0.768301731263473 
1491	 0.768450994217836 
1492	 0.768608341863155 
1493	 0.768782686083991 
1494	 0.768969613267253 
1495	 0.769181688184541 
1496	 0.769381401424523 
1497	 0.769579650273233 
1498	 0.769799454647795 
1499	 0.770023390579089 
1500	 0.770260142982131 
1501	 0.770526386850915 
1502	 0.770770883131277 
1503	 0.771005136134139 
1504	 0.771259396325348 
1505	 0.771515166252699 
1506	 0.771782712434139 
1507	 0.772066459033271 
1508	 0.772347191217364 
1509	 0.772635206626784 
1510	 0.772920536731783 
1511	 0.77321169380928 
1512	 0.773499265453709 
1513	 0.773783295887618 
1514	 0.77405986593819 
1515	 0.774346885720428 
1516	 0.774606652206833 
1517	 0.774850921756849 
1518	 0.77508901920882 
1519	 0.775306282492087 
1520	 0.775518497718852 
1521	 0.77571958265768 
1522	 0.77591781723629 
1523	 0.77611262874435 
1524	 0.776297092894689 
1525	 0.776483526560678 
1526	 0.776650725135317 
1527	 0.77679899405346 
1528	 0.776936753758261 
1529	 0.777076341326213 
1530	 0.777212079782825 
1531	 0.777346252948077 
1532	 0.777484475573416 
1533	 0.777607327461171 
1534	 0.777719695817618 
1535	 0.777843911575982 
1536	 0.777956261156378 
1537	 0.778062555619847 
1538	 0.778165094321204 
1539	 0.778250458620093 
1540	 0.77832571921166 
1541	 0.778395302483857 
1542	 0.778481203428752 
1543	 0.778569326468324 
1544	 0.778655974300272 
1545	 0.778743221433005 
1546	 0.778820586196564 
1547	 0.778916625087487 
1548	 0.779017569283957 
1549	 0.779122784929657 
1550	 0.779244818843051 
1551	 0.779356267795145 
1552	 0.779449502485452 
1553	 0.779585203600789 
1554	 0.779747314770425 
1555	 0.779892323545363 
1556	 0.780058161383591 
1557	 0.780205103235613 
1558	 0.780329267582938 
1559	 0.780463615484761 
1560	 0.780615909112484 
1561	 0.780737566138273 
1562	 0.780844087960888 
1563	 0.780946577650528 
1564	 0.781022692015204 
1565	 0.781117486857875 
1566	 0.781218952118957 
1567	 0.781311252577324 
1568	 0.781398544774957 
1569	 0.781504955929047 
1570	 0.781616455992506 
1571	 0.781728367501796 
1572	 0.781852888600873 
1573	 0.781974068208985 
1574	 0.782080245146052 
1575	 0.782208977024827 
1576	 0.782373581382986 
1577	 0.782501024792869 
1578	 0.782625639973027 
1579	 0.782735275481952 
1580	 0.782795109340629 
1581	 0.782900378666496 
1582	 0.783016167510742 
1583	 0.783151781428102 
1584	 0.783310591510831 
1585	 0.783486160178491 
1586	 0.783674113682145 
1587	 0.783877463986076 
1588	 0.784092066029765 
1589	 0.784342038413742 
1590	 0.784610636384396 
1591	 0.784913142393591 
1592	 0.785261208178635 
1593	 0.785615651062467 
1594	 0.785986823145522 
1595	 0.786383658680244 
1596	 0.786800170848599 
1597	 0.787237042972714 
1598	 0.787706471014459 
1599	 0.788182871126366 
1600	 0.788676129186385 
1601	 0.789182987762713 
1602	 0.7896986857321 
1603	 0.790234224524166 
1604	 0.790806095906538 
1605	 0.791357786371952 
1606	 0.791934099978209 
1607	 0.792473466373774 
1608	 0.793002806083426 
1609	 0.793490748355983 
1610	 0.793934548117175 
1611	 0.794379330844504 
1612	 0.794804099889521 
1613	 0.795204381102466 
1614	 0.795607803934985 
1615	 0.795962754052403 
1616	 0.796275864178164 
1617	 0.796562578006216 
1618	 0.796808185853237 
1619	 0.797040577611278 
1620	 0.797250513902089 
1621	 0.79743041779215 
1622	 0.797578364553367 
1623	 0.797719184854294 
1624	 0.797812831084131 
1625	 0.797932902669816 
1626	 0.798065043571371 
1627	 0.798186970076628 
1628	 0.798310602196627 
1629	 0.79843656289673 
1630	 0.798526429199322 
1631	 0.79867290247782 
1632	 0.79884098276044 
1633	 0.799041322616177 
1634	 0.799302739308316 
1635	 0.799554843322613 
1636	 0.799820523256255 
1637	 0.800099258919052 
1638	 0.800395287228407 
1639	 0.800683890988242 
1640	 0.801003823332714 
1641	 0.801284366028444 
1642	 0.80157686915009 
1643	 0.801793129645889 
1644	 0.802000593702187 
1645	 0.802096823123797 
1646	 0.802125185974582 
1647	 0.802043321323122 
1648	 0.801874389385771 
1649	 0.801579100564459 
1650	 0.801195568146089 
1651	 0.800652153007068 
1652	 0.799975160380845 
1653	 0.799149853225828 
1654	 0.798152730125618 
1655	 0.797039852059481 
1656	 0.795768595436484 
1657	 0.794399859684769 
1658	 0.79288237467252 
1659	 0.791298071528002 
1660	 0.789575133734698 
1661	 0.78783056777315 
1662	 0.786003440302287 
1663	 0.784152157100823 
1664	 0.782217269071634 
1665	 0.780328772465628 
1666	 0.778407237262671 
1667	 0.776534497837105 
1668	 0.774658298072089 
1669	 0.772894204025489 
1670	 0.771140702577405 
1671	 0.769551294780419 
1672	 0.768060617154843 
1673	 0.766751136419627 
1674	 0.765589590616752 
1675	 0.7645848503784 
1676	 0.76376074663314 
1677	 0.763076448026541 
1678	 0.762569251178254 
1679	 0.762156662839798 
1680	 0.761902145292398 
1681	 0.761734592991934 
1682	 0.761710793102714 
1683	 0.761709778543621 
1684	 0.761821168461786 
1685	 0.761943100063592 
1686	 0.762104748295753 
1687	 0.762288219789243 
1688	 0.762552918065619 
1689	 0.762759938811812 
1690	 0.762960579218683 
1691	 0.763149006905495 
1692	 0.763295394504729 
1693	 0.763474979070956 
1694	 0.763685816485909 
1695	 0.763853985886606 
1696	 0.764005652887599 
1697	 0.764164632656488 
1698	 0.764301114098638 
1699	 0.764442703755937 
1700	 0.764630269579169 
1701	 0.764736208147363 
1702	 0.764783580706886 
1703	 0.764841553187201 
1704	 0.764854056242543 
1705	 0.764889227902109 
1706	 0.764927461663281 
1707	 0.764984580344054 
1708	 0.765020795460043 
1709	 0.76512754186298 
1710	 0.765266224883998 
1711	 0.765456027458177 
1712	 0.765677517662018 
1713	 0.765992748209241 
1714	 0.76638494396708 
1715	 0.766806451225458 
1716	 0.767289462623547 
1717	 0.767841584683933 
1718	 0.768434852259097 
1719	 0.76910012741564 
1720	 0.769873564731666 
1721	 0.770641601640808 
1722	 0.771441864488493 
1723	 0.772277608494647 
1724	 0.773174374286689 
1725	 0.774026946672017 
1726	 0.774909002786501 
1727	 0.775725194327975 
1728	 0.776521361684878 
1729	 0.777249532007839 
1730	 0.777902776968909 
1731	 0.77844798892189 
1732	 0.778900120535633 
1733	 0.779233381306437 
1734	 0.779430179665809 
1735	 0.779494872087658 
1736	 0.779453986951792 
1737	 0.779286072947889 
1738	 0.779042481231956 
1739	 0.778706091889215 
1740	 0.77827400562852 
1741	 0.777812542780881 
1742	 0.777342217796871 
1743	 0.776836213939859 
1744	 0.776338643832812 
1745	 0.775795218120105 
1746	 0.77530048382472 
1747	 0.774797505812276 
1748	 0.77437151360787 
1749	 0.773987915770658 
1750	 0.773673076084399 
1751	 0.773413541947264 
1752	 0.773242142278364 
1753	 0.773156788493995 
1754	 0.773121982339076 
1755	 0.773184394072482 
1756	 0.773264436799019 
1757	 0.773392528246931 
1758	 0.773547544550899 
1759	 0.773758305814172 
1760	 0.773968057377323 
1761	 0.774213803925544 
1762	 0.774442908002172 
1763	 0.774684801131294 
1764	 0.774899518056312 
1765	 0.775101914598584 
1766	 0.775289833543665 
1767	 0.775449148758778 
1768	 0.775613710197128 
1769	 0.775791035737267 
1770	 0.775927973333266 
1771	 0.776054251845654 
1772	 0.776147956165989 
1773	 0.77616741409507 
1774	 0.776271257427433 
1775	 0.776405795077414 
1776	 0.776531312338061 
1777	 0.776650544341901 
1778	 0.776710888092258 
1779	 0.776743829568427 
1780	 0.77679843601356 
1781	 0.776893805826231 
1782	 0.776989251531473 
1783	 0.77705421334413 
1784	 0.777070930913923 
1785	 0.777101767285329 
1786	 0.777180202300002 
1787	 0.777277667784303 
1788	 0.777426704135987 
1789	 0.777577518014477 
1790	 0.77769845089692 
1791	 0.777831758398649 
1792	 0.778020786333256 
1793	 0.778219822015443 
1794	 0.778474966521316 
1795	 0.778685400260555 
1796	 0.778878876781626 
1797	 0.779066385109598 
1798	 0.779213496083559 
1799	 0.779376935388141 
1800	 0.779576435867673 
1801	 0.769028904745662 
1802	 0.769317895912679 
1803	 0.769668950056903 
1804	 0.77003037709501 
1805	 0.770406412284436 
1806	 0.770770852952556 
1807	 0.771121540140821 
1808	 0.771441567037593 
1809	 0.77179383050263 
1810	 0.772142655251871 
1811	 0.772487917267417 
1812	 0.772849680751541 
1813	 0.773175426766577 
1814	 0.773468238936889 
1815	 0.773760556988937 
1816	 0.77399107148079 
1817	 0.774237719751589 
1818	 0.774461931305128 
1819	 0.774737387647689 
1820	 0.774996529183991 
1821	 0.775260727513094 
1822	 0.77554435878897 
1823	 0.775808567091018 
1824	 0.776060322869686 
1825	 0.776329583835377 
1826	 0.776605633413037 
1827	 0.776896083864068 
1828	 0.77718068986921 
1829	 0.777503705499302 
1830	 0.777860789646056 
1831	 0.778217573616311 
1832	 0.778575893357134 
1833	 0.778944758894001 
1834	 0.779337066316438 
1835	 0.779742587943344 
1836	 0.780142697005387 
1837	 0.780555076872508 
1838	 0.780985204837601 
1839	 0.781396328036986 
1840	 0.781797114970075 
1841	 0.78221670284809 
1842	 0.782579047764688 
1843	 0.78289538957296 
1844	 0.783219564118883 
1845	 0.7835527012357 
1846	 0.783884466926388 
1847	 0.784257564527925 
1848	 0.78456925531386 
1849	 0.784863589549974 
1850	 0.785119470283914 
1851	 0.785350617038029 
1852	 0.785549224461668 
1853	 0.785734320496407 
1854	 0.785871425486349 
1855	 0.785963082814111 
1856	 0.786041458069316 
1857	 0.786102261289418 
1858	 0.786161691185248 
1859	 0.786166714284949 
1860	 0.786147794847361 
1861	 0.786088722657633 
1862	 0.785969413928175 
1863	 0.785807867764032 
1864	 0.785649765777458 
1865	 0.78546290454069 
1866	 0.785220595735787 
1867	 0.784973597420473 
1868	 0.784641002278377 
1869	 0.784253910118313 
1870	 0.78377961002744 
1871	 0.783248765523474 
1872	 0.782625836577022 
1873	 0.781931372327376 
1874	 0.781154889261867 
1875	 0.780279433122382 
1876	 0.779346452193858 
1877	 0.778308180557207 
1878	 0.777193608690314 
1879	 0.775951171746608 
1880	 0.774644437238464 
1881	 0.773169172073403 
1882	 0.7715598184525 
1883	 0.769825005458935 
1884	 0.767934168027297 
1885	 0.765851701743336 
1886	 0.763596196105427 
1887	 0.761138176206121 
1888	 0.758550346128214 
1889	 0.755769411002702 
1890	 0.752880572650205 
1891	 0.74975397608633 
1892	 0.746648738819258 
1893	 0.743409308579198 
1894	 0.74013155587822 
1895	 0.736907535233851 
1896	 0.733751674532775 
1897	 0.730695904630849 
1898	 0.727653317285246 
1899	 0.724819913785499 
1900	 0.72205447491258 
1901	 0.719528240415389 
1902	 0.717205706320905 
1903	 0.715028366712098 
1904	 0.713032253098404 
1905	 0.71121086089208 
1906	 0.709539219075431 
1907	 0.70801753695325 
1908	 0.706610243660535 
1909	 0.705384954257859 
1910	 0.704205066613413 
1911	 0.703148269074712 
1912	 0.702146125307393 
1913	 0.70122724765374 
1914	 0.700382486322977 
1915	 0.699625936082532 
1916	 0.698928225987314 
1917	 0.698288913379395 
1918	 0.697733131074391 
1919	 0.697205968085275 
1920	 0.6967288074524 
1921	 0.696299056657626 
1922	 0.695909267637796 
1923	 0.695588631541247 
1924	 0.695331275943482 
1925	 0.695115322015486 
1926	 0.694969348927036 
1927	 0.694864053048374 
1928	 0.694767993941388 
1929	 0.694708694670138 
1930	 0.694671810419242 
1931	 0.694645756431989 
1932	 0.694670947031508 
1933	 0.69474023634193 
1934	 0.694825405083766 
1935	 0.694962071534192 
1936	 0.695093756439859 
1937	 0.695242533882197 
1938	 0.695400565429626 
1939	 0.695568971728089 
1940	 0.695742877386379 
1941	 0.695938402136017 
1942	 0.696137149097669 
1943	 0.696375087819348 
1944	 0.696645587535787 
1945	 0.696922258901569 
1946	 0.697236396781329 
1947	 0.697542280162771 
1948	 0.697854968218921 
1949	 0.698168169187295 
1950	 0.698484267836195 
1951	 0.698804728615284 
1952	 0.699130465203373 
1953	 0.699462220683707 
1954	 0.699789673926733 
1955	 0.700131164719857 
1956	 0.700449404318198 
1957	 0.700732245800014 
1958	 0.701058595804516 
1959	 0.7013871859331 
1960	 0.701733234390293 
1961	 0.702108750495824 
1962	 0.702493541807609 
1963	 0.702889201795433 
1964	 0.703285995468441 
1965	 0.703709546280181 
1966	 0.704153315347868 
1967	 0.704614119120922 
1968	 0.705072976275604 
1969	 0.705586832258798 
1970	 0.706130307594129 
1971	 0.706708729228917 
1972	 0.707348309925063 
1973	 0.707986921158199 
1974	 0.708654289845958 
1975	 0.709331722392915 
1976	 0.710007491057145 
1977	 0.710691631861202 
1978	 0.711380704023744 
1979	 0.712080327324123 
1980	 0.712772008404842 
1981	 0.713483328285097 
1982	 0.714161805412269 
1983	 0.714826770730183 
1984	 0.715477729872354 
1985	 0.716115925414063 
1986	 0.716733744181046 
1987	 0.717334493515499 
1988	 0.71792478268936 
1989	 0.718485252126282 
1990	 0.719016740653111 
1991	 0.719539309327001 
1992	 0.720040727945279 
1993	 0.720532938943947 
1994	 0.721039908982883 
1995	 0.721478133083129 
1996	 0.721887749415157 
1997	 0.722256259571795 
1998	 0.722560087835111 
1999	 0.722848717659974 
2000	 0.723117894934669 
2001	 0.723352920830809 
2002	 0.723544056111926 
2003	 0.723708540270415 
2004	 0.723811021074695 
2005	 0.723869302979889 
2006	 0.723873799026932 
2007	 0.723822773572762 
2008	 0.723726619050899 
2009	 0.723590025552399 
2010	 0.723386519155059 
2011	 0.723121606911621 
2012	 0.722809057118267 
2013	 0.72242943625426 
2014	 0.722001379251539 
2015	 0.721548275336118 
2016	 0.721052273914819 
2017	 0.720527322986887 
2018	 0.719961081787811 
2019	 0.719375509337701 
2020	 0.718752825646552 
2021	 0.718110473711336 
2022	 0.717444896044761 
2023	 0.71675718005688 
2024	 0.716048108326803 
2025	 0.71530864779614 
2026	 0.714545276712125 
2027	 0.713755714395496 
2028	 0.712929717114217 
2029	 0.71206062400089 
2030	 0.711178105608246 
2031	 0.710262019443503 
2032	 0.709339889123272 
2033	 0.708396685911498 
2034	 0.707446227291246 
2035	 0.706486826286712 
2036	 0.705503677950663 
2037	 0.704514679935551 
2038	 0.703489979215631 
2039	 0.702445734568922 
2040	 0.701367315936704 
2041	 0.70023324642668 
2042	 0.699092624935555 
2043	 0.697936596119756 
2044	 0.696733376225543 
2045	 0.695568960932693 
2046	 0.694420108798147 
2047	 0.69324419561299 
2048	 0.692062134136223 
2049	 0.690882751072005 
2050	 0.689675360745346 
2051	 0.688492916922109 
2052	 0.687325267110358 
2053	 0.686163889723587 
2054	 0.68500064714408 
2055	 0.683866220881403 
2056	 0.6827300886292 
2057	 0.681592793617749 
2058	 0.680492847805745 
2059	 0.679404047796554 
2060	 0.678346569072439 
2061	 0.677345315211696 
2062	 0.676312817930771 
2063	 0.675280971994168 
2064	 0.674260108176654 
2065	 0.673229207869306 
2066	 0.672222875914204 
2067	 0.671231925101658 
2068	 0.670248041847501 
2069	 0.669309741521692 
2070	 0.668392810396642 
2071	 0.667517872802191 
2072	 0.666685271247095 
2073	 0.665887705761683 
2074	 0.665093867236821 
2075	 0.664402318078298 
2076	 0.663788834501356 
2077	 0.66320141066215 
2078	 0.662690699073287 
2079	 0.662203128242569 
2080	 0.661728134197328 
2081	 0.661320400000397 
2082	 0.661004063773111 
2083	 0.660673171557087 
2084	 0.660348898856489 
2085	 0.660090429949975 
2086	 0.659822292898015 
2087	 0.659558191116463 
2088	 0.65932395191425 
2089	 0.659143311763183 
2090	 0.658917424746361 
2091	 0.658698724530146 
2092	 0.65845624224588 
2093	 0.658183281624199 
2094	 0.657927977556552 
2095	 0.657653098565249 
2096	 0.657408228743773 
2097	 0.657166459539415 
2098	 0.656949321478496 
2099	 0.656752227681707 
2100	 0.656572143906702 
2101	 0.656432654474148 
2102	 0.65631061383737 
2103	 0.656189444234469 
2104	 0.65609113496847 
2105	 0.655993061076062 
2106	 0.655895312557834 
2107	 0.655813394185294 
2108	 0.655746899064741 
2109	 0.655683076477888 
2110	 0.655620374509081 
2111	 0.655574850196532 
2112	 0.655553482951731 
2113	 0.655524488537672 
2114	 0.655499660298014 
2115	 0.655477134697298 
2116	 0.65549072343508 
2117	 0.655480282525181 
2118	 0.655463764731787 
2119	 0.655427351062558 
2120	 0.655337995134997 
2121	 0.655201877823177 
2122	 0.6550379014091 
2123	 0.654860758491376 
2124	 0.654596317748779 
2125	 0.654308630936121 
2126	 0.653890867849046 
2127	 0.653427029869803 
2128	 0.652784887414483 
2129	 0.652057314463522 
2130	 0.651121516693821 
2131	 0.649941378769656 
2132	 0.648726139184323 
2133	 0.647347140212566 
2134	 0.645868978642083 
2135	 0.644345927282339 
2136	 0.642822603795219 
2137	 0.641300378065678 
2138	 0.639889423042072 
2139	 0.63869561741444 
2140	 0.637564617967667 
2141	 0.636798814695871 
2142	 0.636263212236495 
2143	 0.635994377170672 
2144	 0.636122182772248 
2145	 0.636284233758887 
2146	 0.636727770134179 
2147	 0.637151876308882 
2148	 0.637790941283889 
2149	 0.638279526544255 
2150	 0.638809070928394 
2151	 0.639269975553756 
2152	 0.639472794150061 
2153	 0.639593095469972 
2154	 0.639460743871813 
2155	 0.639208661237164 
2156	 0.638848693724977 
2157	 0.638291835243123 
2158	 0.63778242284931 
2159	 0.637129646690077 
2160	 0.636605689064044 
2161	 0.636023018539723 
2162	 0.635635774730292 
2163	 0.635280078849474 
2164	 0.635158898430363 
2165	 0.635200119693211 
2166	 0.635414788817708 
2167	 0.635841583667151 
2168	 0.636381827125794 
2169	 0.637120860393678 
2170	 0.637937578014677 
2171	 0.638913378955677 
2172	 0.639972114020442 
2173	 0.641104588168184 
2174	 0.642245311159551 
2175	 0.643332605199273 
2176	 0.64435516097819 
2177	 0.645163269146477 
2178	 0.645854142724024 
2179	 0.646380715538273 
2180	 0.646668685251111 
2181	 0.646948973957286 
2182	 0.647065356883925 
2183	 0.647214694497097 
2184	 0.64722366413167 
2185	 0.647395705249567 
2186	 0.647546220081309 
2187	 0.647853007653847 
2188	 0.648289697260265 
2189	 0.648800355426514 
2190	 0.649441432132981 
2191	 0.650123215536649 
2192	 0.650927786714013 
2193	 0.651759620539846 
2194	 0.652534170002718 
2195	 0.653358376116904 
2196	 0.654049538082829 
2197	 0.654622802828745 
2198	 0.655104171261451 
2199	 0.655514822617378 
2200	 0.655766997267292 
2201	 0.655840247090219 
2202	 0.655939539625588 
2203	 0.655876667168352 
2204	 0.655902765319078 
2205	 0.655904403187072 
2206	 0.655988483906744 
2207	 0.65605809580866 
2208	 0.656254392185379 
2209	 0.656568004555254 
2210	 0.656902712815374 
2211	 0.657331880630136 
2212	 0.657782256037757 
2213	 0.658284716225548 
2214	 0.658783296294748 
2215	 0.65934944664775 
2216	 0.659870674842873 
2217	 0.660358637895957 
2218	 0.660846612097465 
2219	 0.661236731945818 
2220	 0.661557888268286 
2221	 0.661708560538751 
2222	 0.661761364615705 
2223	 0.66163444650119 
2224	 0.661319872464739 
2225	 0.660923974758932 
2226	 0.660418503759456 
2227	 0.659723761086553 
2228	 0.658915926891897 
2229	 0.657885750562456 
2230	 0.656625695726499 
2231	 0.655238608618664 
2232	 0.653709817707521 
2233	 0.65194516886493 
2234	 0.649991497557915 
2235	 0.647843853708595 
2236	 0.64539994705355 
2237	 0.642878148298853 
2238	 0.640178345081827 
2239	 0.637367321883497 
2240	 0.634345579380177 
2241	 0.631337870611135 
2242	 0.628233657446784 
2243	 0.625056557268282 
2244	 0.621918872971505 
2245	 0.618836871938911 
2246	 0.615802137045952 
2247	 0.612828324887038 
2248	 0.610005299934095 
2249	 0.60726430826385 
2250	 0.604709103310223 
2251	 0.602294288875291 
2252	 0.600042657278921 
2253	 0.597968808134 
2254	 0.596017154170968 
2255	 0.594242437763793 
2256	 0.592560442808657 
2257	 0.591042207998872 
2258	 0.589592170845414 
2259	 0.58829777034437 
2260	 0.586998083635001 
2261	 0.585767951283071 
2262	 0.584586427713605 
2263	 0.583447867554681 
2264	 0.582365065177799 
2265	 0.581357684362311 
2266	 0.580390345152284 
2267	 0.579490331178248 
2268	 0.578591362144309 
2269	 0.577667220750195 
2270	 0.57688346202185 
2271	 0.576227012120556 
2272	 0.575535271638768 
2273	 0.574926953138373 
2274	 0.574355347921158 
2275	 0.573743892249163 
2276	 0.573019045811735 
2277	 0.572357098706462 
2278	 0.571722124069294 
2279	 0.571012539220094 
2280	 0.570288579973221 
2281	 0.569454508565842 
2282	 0.568562175106701 
2283	 0.567598734634819 
2284	 0.566538054264299 
2285	 0.565418663601099 
2286	 0.564199570525762 
2287	 0.563017141072363 
2288	 0.561730579289186 
2289	 0.56055334050599 
2290	 0.559390760889408 
2291	 0.558324763197416 
2292	 0.557306355825538 
2293	 0.55636816774857 
2294	 0.55544962336369 
2295	 0.554755346192174 
2296	 0.554159377140658 
2297	 0.55375640772271 
2298	 0.553551827968195 
2299	 0.553554241600081 
2300	 0.553769496827742 
2301	 0.554122044774036 
2302	 0.55480762925026 
2303	 0.555463803174482 
2304	 0.556273970984862 
2305	 0.557049786341592 
2306	 0.557978181060075 
2307	 0.55871815954617 
2308	 0.559442531748174 
2309	 0.559981714318081 
2310	 0.560375498048131 
2311	 0.560584773285241 
2312	 0.560628575440941 
2313	 0.560490133726251 
2314	 0.560100197729478 
2315	 0.559596046177064 
2316	 0.558986547616162 
2317	 0.558193060547216 
2318	 0.557399980998128 
2319	 0.556460926355992 
2320	 0.555685699077125 
2321	 0.554887786352942 
2322	 0.554180644552546 
2323	 0.553591523660867 
2324	 0.552958376242246 
2325	 0.552319840044069 
2326	 0.551719582382735 
2327	 0.551166145806658 
2328	 0.55057957661276 
2329	 0.550026066563975 
2330	 0.549390079406904 
2331	 0.548738979392226 
2332	 0.547993438901912 
2333	 0.547139272716811 
2334	 0.546318038338117 
2335	 0.545398409677562 
2336	 0.544585302636247 
2337	 0.543757605123533 
2338	 0.543078784981485 
2339	 0.542571649606797 
2340	 0.541957287693193 
2341	 0.541234063459082 
2342	 0.540864032593101 
2343	 0.54056851732876 
2344	 0.540440273325766 
2345	 0.540835586384606 
2346	 0.540924370846025 
2347	 0.540883578103955 
2348	 0.540935822816542 
2349	 0.540961521229859 
2350	 0.54102801356141 
2351	 0.541104456400927 
2352	 0.541287977136983 
2353	 0.541550366050603 
2354	 0.54181805618594 
2355	 0.542176996357206 
2356	 0.542554471114351 
2357	 0.542904094911922 
2358	 0.543336570490468 
2359	 0.543771417821243 
2360	 0.544415557287114 
2361	 0.545279047714268 
2362	 0.546065757078937 
2363	 0.547088023701328 
2364	 0.547903740374895 
2365	 0.548490690407468 
2366	 0.549202485911156 
2367	 0.549958029442113 
2368	 0.550639489115998 
2369	 0.551247295402681 
2370	 0.551956360110418 
2371	 0.552700290593833 
2372	 0.553371839309448 
2373	 0.554216659280341 
2374	 0.554864361486775 
2375	 0.555127147656714 
2376	 0.555656206676647 
2377	 0.556211983876447 
2378	 0.556871308979735 
2379	 0.557851581651104 
2380	 0.558694513682204 
2381	 0.559253931596237 
2382	 0.559971461554052 
2383	 0.560603367079344 
2384	 0.561067320782362 
2385	 0.561777165667554 
2386	 0.562208411622117 
2387	 0.562222373356543 
2388	 0.562503375783998 
2389	 0.562820170915136 
2390	 0.563061803957726 
2391	 0.563687939438001 
2392	 0.564082622876422 
2393	 0.564359992532895 
2394	 0.56496791739229 
2395	 0.565321529895294 
2396	 0.565789834997419 
2397	 0.566182319957989 
2398	 0.565967018835504 
2399	 0.565752241023148 
2400	 0.565760263179855 
2401	 0.565738965373348 
2402	 0.56577292667355 
2403	 0.565959737483828 
2404	 0.565766575596771 
2405	 0.565505351422065 
2406	 0.565341977418597 
2407	 0.564770672956115 
2408	 0.564546061310624 
2409	 0.564394784128203 
2410	 0.563886973416625 
2411	 0.563724057726316 
2412	 0.563273043018049 
2413	 0.562411509709656 
2414	 0.562218324897772 
2415	 0.562027251538014 
2416	 0.561510158915592 
2417	 0.561442498061689 
2418	 0.561044875535705 
2419	 0.560642018692935 
2420	 0.560371852217124 
2421	 0.559621287027739 
2422	 0.558932403951845 
2423	 0.55768716945155 
2424	 0.556368800904253 
2425	 0.555427019719142 
2426	 0.55434095463469 
2427	 0.553411021637621 
2428	 0.552810597670721 
2429	 0.552504351507121 
2430	 0.551535880594174 
2431	 0.550339474283382 
2432	 0.549432139778608 
2433	 0.54816270155543 
2434	 0.547422175473816 
2435	 0.547324483471134 
2436	 0.546323604209404 
2437	 0.544439185167839 
2438	 0.542782302770496 
2439	 0.541039416873269 
2440	 0.539528451289726 
2441	 0.538859525088583 
2442	 0.537574487956808 
2443	 0.535732063986559 
2444	 0.534160157393515 
2445	 0.532161296180252 
2446	 0.530477522779673 
2447	 0.529010172537928 
2448	 0.526913765529325 
2449	 0.524636308620204 
2450	 0.522123770574357 
2451	 0.519492105278926 
2452	 0.517237018459062 
2453	 0.515910605501594 
2454	 0.514661073977779 
2455	 0.512976560264507 
2456	 0.511228314798102 
2457	 0.508828101307726 
2458	 0.506759549136008 
2459	 0.504957306450009 
2460	 0.503008602895018 
2461	 0.500638240237303 
2462	 0.498774941627995 
2463	 0.497374559948344 
2464	 0.496217976788548 
2465	 0.495929482896053 
2466	 0.49512344975211 
2467	 0.493653521675653 
2468	 0.492905746659434 
2469	 0.492350336067597 
2470	 0.491711563328896 
2471	 0.49229122056609 
2472	 0.491821756645824 
2473	 0.490215103903892 
2474	 0.489252451579274 
2475	 0.487872807220638 
2476	 0.487135112033929 
2477	 0.487281006824618 
2478	 0.487330915880677 
2479	 0.487082454746223 
2480	 0.487834353836631 
2481	 0.489499076127522 
2482	 0.490802861192875 
2483	 0.493165554530565 
2484	 0.494830529419295 
2485	 0.496343726650371 
2486	 0.49685494579421 
2487	 0.49634751033127 
2488	 0.497510875531364 
2489	 0.498047495213983 
2490	 0.497686965552956 
2491	 0.499282895380841 
2492	 0.497708309926002 
2493	 0.497579284927981 
2494	 0.501811218096466 
2495	 0.504823293726548 
2496	 0.507766039964836 
2497	 0.510297188326269 
2498	 0.509903316271841 
2499	 0.508882389069665 
2500	 0.506384077096792 
