Wavelength	C:\Documents and Settings\All Users\Application Data\ASD\Indico Pro\Projects\McBeth_080818\#24.txt
350	 3.61552151201157E-02 
351	 3.03035550896359E-02 
352	 3.44348089297396E-02 
353	 4.25854907909298E-02 
354	 4.71173066574724E-02 
355	 4.12140836590358E-02 
356	 3.45873383232957E-02 
357	 3.44335403981259E-02 
358	 4.15388775837913E-02 
359	 4.48701485700072E-02 
360	 4.35831128586121E-02 
361	 4.08018595355838E-02 
362	 4.02237428498812E-02 
363	 3.68204634749936E-02 
364	 3.80093914249284E-02 
365	 4.29987135771654E-02 
366	 4.28975420261086E-02 
367	 4.23943067233996E-02 
368	 4.10815759925226E-02 
369	 3.92990818328596E-02 
370	 4.13757161226765E-02 
371	 4.16019645517852E-02 
372	 4.03905907192505E-02 
373	 3.98813776835717E-02 
374	 3.74640517328993E-02 
375	 3.87234033630882E-02 
376	 4.23651293727161E-02 
377	 4.11641828831363E-02 
378	 4.04429621710467E-02 
379	 3.94790644678748E-02 
380	 3.81890751979998E-02 
381	 4.02413527093266E-02 
382	 4.13692472938988E-02 
383	 4.15651009867298E-02 
384	 4.20528791374715E-02 
385	 4.24119586501894E-02 
386	 4.21060948138704E-02 
387	 4.15884288172674E-02 
388	 4.19717449730558E-02 
389	 4.11473675217614E-02 
390	 4.05369164845174E-02 
391	 4.09161352930213E-02 
392	 4.06028488075671E-02 
393	 4.11362464583382E-02 
394	 4.12790407643378E-02 
395	 3.99085293670959E-02 
396	 4.08927934690698E-02 
397	 4.10804401826989E-02 
398	 4.02778454878394E-02 
399	 0.040848751161949 
400	 4.15164002297785E-02 
401	 0.04097600430989 
402	 3.95526624047768E-02 
403	 4.09604830059261E-02 
404	 4.17304949612014E-02 
405	 4.14590178052986E-02 
406	 4.08113488056165E-02 
407	 4.00511984635637E-02 
408	 4.00535688898253E-02 
409	 0.040518752565579 
410	 4.02024902726084E-02 
411	 0.040184110347864 
412	 4.01875015082693E-02 
413	 4.00379944694821E-02 
414	 4.03644586536214E-02 
415	 4.01843606347908E-02 
416	 3.97081055541508E-02 
417	 3.95098488947438E-02 
418	 3.93507006871877E-02 
419	 3.92095495125322E-02 
420	 3.92522959111825E-02 
421	 3.97908934790063E-02 
422	 3.97822803180464E-02 
423	 3.94103323977235E-02 
424	 3.91687780341205E-02 
425	 3.97334369456617E-02 
426	 3.98845279060016E-02 
427	 3.95510619131821E-02 
428	 3.92686671994272E-02 
429	 3.95467085749822E-02 
430	 3.96594207535296E-02 
431	 3.94423924942249E-02 
432	 3.95917147832836E-02 
433	 3.97384844048366E-02 
434	 3.98291251355199E-02 
435	 3.98646069494295E-02 
436	 3.97921645055029E-02 
437	 3.94476037273279E-02 
438	 3.91786394854257E-02 
439	 3.95374565655342E-02 
440	 3.95042728565162E-02 
441	 3.93665015701328E-02 
442	 3.93578867208879E-02 
443	 3.92817169030355E-02 
444	 3.94408340380126E-02 
445	 3.95064736182697E-02 
446	 3.91395089991138E-02 
447	 3.89640013971593E-02 
448	 3.90118261862754E-02 
449	 3.91124185211195E-02 
450	 0.038965377932411 
451	 3.90633558028274E-02 
452	 3.92329632645825E-02 
453	 0.039242315712035 
454	 3.90011290406725E-02 
455	 3.89796426753104E-02 
456	 0.039019443788292 
457	 3.87629142993414E-02 
458	 3.87757716943245E-02 
459	 3.89165005363306E-02 
460	 3.89968096149826E-02 
461	 0.038856614765759 
462	 0.038749146018976 
463	 3.87553647659356E-02 
464	 3.88449420817994E-02 
465	 3.87705582698336E-02 
466	 3.87992429457309E-02 
467	 3.88805029135689E-02 
468	 3.87610202115689E-02 
469	 3.87427474166965E-02 
470	 3.87527141997292E-02 
471	 3.87143916234442E-02 
472	 3.86393909233845E-02 
473	 3.87710134594944E-02 
474	 3.88298253117896E-02 
475	 3.85063453015616E-02 
476	 3.85009282233651E-02 
477	 3.86488941296815E-02 
478	 3.87846947999766E-02 
479	 3.88114061883074E-02 
480	 3.87629700284507E-02 
481	 3.87153226055696E-02 
482	 3.87134892571291E-02 
483	 3.86759873178093E-02 
484	 3.86469935589414E-02 
485	 3.86340818502994E-02 
486	 3.86195111718067E-02 
487	 3.85637080979524E-02 
488	 3.85225279459456E-02 
489	 3.85192620323533E-02 
490	 3.84968576776116E-02 
491	 3.85574985000814E-02 
492	 3.85496289729906E-02 
493	 3.83445610751848E-02 
494	 3.83414272068438E-02 
495	 3.83851938285418E-02 
496	 3.83697805179712E-02 
497	 0.038273393257042 
498	 3.83087979751616E-02 
499	 3.83642696562692E-02 
500	 3.83249359231832E-02 
501	 3.82501283153462E-02 
502	 3.82581281710042E-02 
503	 3.83352487065813E-02 
504	 0.038389347265974 
505	 0.038366577879629 
506	 3.83498045384912E-02 
507	 3.83627235295405E-02 
508	 3.83035171841441E-02 
509	 3.82348650504165E-02 
510	 3.82544829471326E-02 
511	 3.83905919429182E-02 
512	 3.82968337787867E-02 
513	 3.82285482900244E-02 
514	 3.82408656824978E-02 
515	 3.81765864251162E-02 
516	 3.81729666396013E-02 
517	 3.82313302992195E-02 
518	 3.82973022930996E-02 
519	 3.82357086703608E-02 
520	 3.81969512963226E-02 
521	 3.82113161776902E-02 
522	 3.82368845432621E-02 
523	 3.82314990148137E-02 
524	 3.82444029747505E-02 
525	 3.82706552238763E-02 
526	 3.81882389391914E-02 
527	 3.81583685227731E-02 
528	 3.81830583961777E-02 
529	 3.82040248320073E-02 
530	 3.81405401439517E-02 
531	 3.81502046714517E-02 
532	 3.82288783653141E-02 
533	 3.82063165408046E-02 
534	 3.82137400438661E-02 
535	 3.82021451192142E-02 
536	 3.81447119239472E-02 
537	 0.038195697126051 
538	 3.81918132330827E-02 
539	 3.81323962982989E-02 
540	 3.81117184091118E-02 
541	 3.81358536842392E-02 
542	 3.81389894333844E-02 
543	 3.81030199478293E-02 
544	 3.81156699076049E-02 
545	 3.81314364099739E-02 
546	 3.81337187951736E-02 
547	 3.81186280846014E-02 
548	 0.038100010325281 
549	 3.80882331264913E-02 
550	 3.80903289185135E-02 
551	 3.81095107214477E-02 
552	 3.80785148570898E-02 
553	 3.80862173422885E-02 
554	 3.81790564039629E-02 
555	 3.81276451610476E-02 
556	 3.81049635494258E-02 
557	 3.81399886793951E-02 
558	 3.81565621698912E-02 
559	 3.81233461292811E-02 
560	 3.81287258190501E-02 
561	 3.81979210487603E-02 
562	 3.81791017796711E-02 
563	 3.81589599720971E-02 
564	 3.81574937738899E-02 
565	 3.81670310691358E-02 
566	 3.81664813818121E-02 
567	 3.81585497764051E-02 
568	 3.81656998993004E-02 
569	 3.82351895463679E-02 
570	 3.81753821246316E-02 
571	 3.81025719143965E-02 
572	 3.81550380132059E-02 
573	 3.82078149297135E-02 
574	 3.81924213711552E-02 
575	 3.81470118823691E-02 
576	 3.81872812350839E-02 
577	 0.0382260301782 
578	 3.82341871085392E-02 
579	 3.82096990156561E-02 
580	 3.81872387913965E-02 
581	 0.038158867009739 
582	 3.81519597990041E-02 
583	 3.81911477714967E-02 
584	 3.81603582223567E-02 
585	 3.81399017465927E-02 
586	 3.81644941325623E-02 
587	 3.81727041005832E-02 
588	 3.82342350766798E-02 
589	 3.82448066193261E-02 
590	 3.81319403480007E-02 
591	 3.81962319191082E-02 
592	 0.038187615109523 
593	 3.81129546832565E-02 
594	 3.82097817644291E-02 
595	 0.038190679581917 
596	 3.81412501523591E-02 
597	 0.038151495641756 
598	 0.038118696269992 
599	 3.81392914153113E-02 
600	 3.81788307901595E-02 
601	 0.038145943928194 
602	 3.81076270478709E-02 
603	 0.03809698461134 
604	 3.81185316259595E-02 
605	 3.81386576440807E-02 
606	 3.81300222219482E-02 
607	 0.038137785808684 
608	 3.81968879966934E-02 
609	 0.038162139518001 
610	 3.81291065630734E-02 
611	 3.81345244732551E-02 
612	 3.81445157359109E-02 
613	 3.81477938162719E-02 
614	 3.81590725620737E-02 
615	 3.81830277275956E-02 
616	 3.81798927762277E-02 
617	 3.81386903364314E-02 
618	 3.80977940631003E-02 
619	 3.81177396308174E-02 
620	 3.81658871524922E-02 
621	 3.81982429308897E-02 
622	 3.81970936780073E-02 
623	 3.81919840320193E-02 
624	 3.81781296348499E-02 
625	 3.81731172668401E-02 
626	 0.038188388422153 
627	 3.81657266228146E-02 
628	 3.81774394328884E-02 
629	 3.82021805402403E-02 
630	 3.81225693607047E-02 
631	 3.81599155926754E-02 
632	 3.82005493590094E-02 
633	 3.81447946097576E-02 
634	 3.81611416006906E-02 
635	 3.81850193310294E-02 
636	 3.81902956619345E-02 
637	 3.81786951549573E-02 
638	 3.82045665446648E-02 
639	 3.82098314245036E-02 
640	 3.81781410774826E-02 
641	 3.81914205837294E-02 
642	 3.82083349875869E-02 
643	 3.82174391437453E-02 
644	 3.82161579052338E-02 
645	 0.03820087550928 
646	 3.81771577098278E-02 
647	 3.81620188693375E-02 
648	 3.81814622041115E-02 
649	 3.82054299707644E-02 
650	 3.82226943902923E-02 
651	 3.82261374006431E-02 
652	 3.82016104133108E-02 
653	 3.82069657717368E-02 
654	 3.82424455329385E-02 
655	 3.82708098786613E-02 
656	 3.82458956440197E-02 
657	 3.82263223560838E-02 
658	 3.82454305847172E-02 
659	 0.038277585012975 
660	 3.82784757128038E-02 
661	 3.82567210527117E-02 
662	 3.82423039076019E-02 
663	 3.82733042996695E-02 
664	 3.82573518953789E-02 
665	 3.82020100925518E-02 
666	 3.82056215395077E-02 
667	 3.82101486404231E-02 
668	 3.81996298508761E-02 
669	 3.81810114301661E-02 
670	 3.82039822416526E-02 
671	 3.81985071910904E-02 
672	 3.81894678708498E-02 
673	 0.03822939289253 
674	 3.82125445284101E-02 
675	 3.82065097744002E-02 
676	 3.82321492396113E-02 
677	 3.82246164311996E-02 
678	 3.82258986844025E-02 
679	 3.82284446476572E-02 
680	 3.82197454144061E-02 
681	 3.82194699063152E-02 
682	 0.038209782211849 
683	 3.81850689746978E-02 
684	 3.81527933498275E-02 
685	 3.81551602479711E-02 
686	 3.81733099970774E-02 
687	 3.81920104260768E-02 
688	 3.82277262066467E-02 
689	 3.82280727340717E-02 
690	 3.82187165612735E-02 
691	 3.82367148874549E-02 
692	 3.82040997305748E-02 
693	 3.81907074735424E-02 
694	 0.038211815245405 
695	 3.82182193459888E-02 
696	 3.82167337499248E-02 
697	 3.82094780261293E-02 
698	 3.81994397838328E-02 
699	 3.81916885111053E-02 
700	 3.81781089630679E-02 
701	 3.81759342606471E-02 
702	 3.82067100620301E-02 
703	 3.82247496948467E-02 
704	 3.82247421180279E-02 
705	 3.82168450980998E-02 
706	 3.82257325663876E-02 
707	 3.82368163132777E-02 
708	 3.82386756955051E-02 
709	 3.82298223931868E-02 
710	 3.82404632348431E-02 
711	 3.82548316716561E-02 
712	 3.82607128859767E-02 
713	 3.82526000125359E-02 
714	 3.82611476326401E-02 
715	 3.82834524809563E-02 
716	 0.038304254195203 
717	 3.82948304889456E-02 
718	 3.82896761088557E-02 
719	 3.82858228130898E-02 
720	 3.82739573411966E-02 
721	 3.82725734784943E-02 
722	 3.82766685883662E-02 
723	 0.038286757603263 
724	 3.83060352944459E-02 
725	 3.82964095535588E-02 
726	 0.038286248280947 
727	 3.82951267807857E-02 
728	 0.038299159185903 
729	 3.83211473034916E-02 
730	 0.038321550989795 
731	 3.82660944022243E-02 
732	 3.82678463138083E-02 
733	 3.82974918049176E-02 
734	 3.83210149619864E-02 
735	 3.83122146475805E-02 
736	 3.83392576717754E-02 
737	 3.83423051536279E-02 
738	 0.038294134194806 
739	 3.83023747514556E-02 
740	 3.83103042838061E-02 
741	 3.83213542491564E-02 
742	 3.83491024535769E-02 
743	 3.83290307334703E-02 
744	 3.83128219373436E-02 
745	 3.83209849290388E-02 
746	 3.83332884782936E-02 
747	 3.83425397216909E-02 
748	 3.83488285051821E-02 
749	 3.83475320951243E-02 
750	 3.83118840196753E-02 
751	 3.83017943849518E-02 
752	 3.83224474307995E-02 
753	 3.83514728196432E-02 
754	 3.83671888500351E-02 
755	 3.83533084889769E-02 
756	 3.83306903949557E-02 
757	 3.83527465539137E-02 
758	 3.83619921923177E-02 
759	 0.038351973165472 
760	 0.038337095336689 
761	 3.83586690149862E-02 
762	 3.83683411799172E-02 
763	 3.83709873540094E-02 
764	 3.83846121125579E-02 
765	 3.83740307509397E-02 
766	 3.83643806772908E-02 
767	 3.83656352604265E-02 
768	 3.83695516069276E-02 
769	 3.83722757036843E-02 
770	 3.83733779065959E-02 
771	 0.038369842842465 
772	 3.83469542377887E-02 
773	 3.83649430051429E-02 
774	 0.038399813276042 
775	 0.0384066971078 
776	 3.84029750952637E-02 
777	 3.83919027682975E-02 
778	 0.03839148739577 
779	 3.84244399590118E-02 
780	 3.84248763022527E-02 
781	 3.84266796143335E-02 
782	 3.84414012258583E-02 
783	 3.84140602311531E-02 
784	 3.84110155029521E-02 
785	 3.84209991890155E-02 
786	 3.84202210329096E-02 
787	 3.84326236306568E-02 
788	 3.84366613549894E-02 
789	 3.84392909798292E-02 
790	 3.84579909715426E-02 
791	 3.84329707476072E-02 
792	 3.84347152345965E-02 
793	 3.84697377662956E-02 
794	 3.84457040131681E-02 
795	 3.84249417720749E-02 
796	 3.84247490011817E-02 
797	 3.84415416897532E-02 
798	 3.84448845076536E-02 
799	 3.84469012037404E-02 
800	 3.84409610167972E-02 
801	 3.84206621894318E-02 
802	 3.84225130705268E-02 
803	 0.038429166173657 
804	 3.84347919505025E-02 
805	 3.84451653872405E-02 
806	 3.84265318250708E-02 
807	 3.84343134261563E-02 
808	 3.84777862782082E-02 
809	 3.84588633498473E-02 
810	 0.038436824908808 
811	 3.84397647795253E-02 
812	 3.84685772196713E-02 
813	 3.84606299230082E-02 
814	 3.84662725535919E-02 
815	 0.038484111827682 
816	 3.84848426387348E-02 
817	 3.84674676993311E-02 
818	 3.84792628486458E-02 
819	 0.038507577565771 
820	 3.84769417584451E-02 
821	 3.84695307808307E-02 
822	 3.84892977894647E-02 
823	 0.038509456079707 
824	 0.038468005956705 
825	 3.85024662716919E-02 
826	 3.85357992923555E-02 
827	 3.84832090719186E-02 
828	 0.038515473314526 
829	 3.85288047830376E-02 
830	 3.85078210462382E-02 
831	 0.038493040342301 
832	 3.84971473711185E-02 
833	 3.85073222538472E-02 
834	 3.85080486464426E-02 
835	 3.84889596449853E-02 
836	 0.038520220329477 
837	 3.85517284098513E-02 
838	 3.85491313671434E-02 
839	 3.85507190303771E-02 
840	 3.85612819179471E-02 
841	 3.85630968023399E-02 
842	 3.85509940630554E-02 
843	 3.85937612509159E-02 
844	 3.85880246229501E-02 
845	 3.85518131451838E-02 
846	 3.85514915687794E-02 
847	 3.85363319157336E-02 
848	 3.85332739363272E-02 
849	 3.85485916197984E-02 
850	 3.85652631675243E-02 
851	 3.85633851375429E-02 
852	 3.85695457341309E-02 
853	 3.85960729737704E-02 
854	 3.86246387402389E-02 
855	 3.86165330917271E-02 
856	 3.86131730631879E-02 
857	 3.86392796369829E-02 
858	 3.86322286414985E-02 
859	 3.86216243133923E-02 
860	 3.86160760018332E-02 
861	 0.038615468748305 
862	 3.86094710956469E-02 
863	 3.86297510753022E-02 
864	 3.86479178574619E-02 
865	 3.86234999904157E-02 
866	 3.86659623372778E-02 
867	 3.86859621036227E-02 
868	 3.86715996654634E-02 
869	 3.86865838285303E-02 
870	 3.86890981884463E-02 
871	 3.86730344589927E-02 
872	 3.86553345277935E-02 
873	 3.86737007036026E-02 
874	 3.86601911508811E-02 
875	 3.86847220123264E-02 
876	 3.87536825841156E-02 
877	 3.86814572764732E-02 
878	 3.86938842594862E-02 
879	 0.038720174769844 
880	 3.86725403546834E-02 
881	 0.038702500403209 
882	 3.87402638347242E-02 
883	 0.038749681097647 
884	 3.87200359370308E-02 
885	 3.86776242079295E-02 
886	 0.038697375074459 
887	 3.87471775145163E-02 
888	 3.87403416603045E-02 
889	 3.87150843309306E-02 
890	 0.03873447585508 
891	 3.87932702838121E-02 
892	 3.88265190967639E-02 
893	 3.88431529408555E-02 
894	 3.88421627751734E-02 
895	 3.88287478811899E-02 
896	 3.88142760091147E-02 
897	 3.87759762475668E-02 
898	 3.87776350771444E-02 
899	 3.88293093228699E-02 
900	 3.88294670063152E-02 
901	 3.88020517704654E-02 
902	 3.87863092409908E-02 
903	 3.88013187330985E-02 
904	 3.88098765978207E-02 
905	 3.87966257788612E-02 
906	 3.88151267740104E-02 
907	 3.88845774678949E-02 
908	 3.88503301810878E-02 
909	 3.88462633154174E-02 
910	 3.88505067497817E-02 
911	 3.88104089481011E-02 
912	 3.88007639142359E-02 
913	 3.88241925420116E-02 
914	 3.88568467198212E-02 
915	 0.038864142067444 
916	 3.88252709458713E-02 
917	 0.038847960204235 
918	 3.89151025893166E-02 
919	 3.89379316439727E-02 
920	 3.89450024420895E-02 
921	 3.89216122649616E-02 
922	 3.88908873227315E-02 
923	 3.88995537224335E-02 
924	 3.89394175916909E-02 
925	 0.038947150521014 
926	 3.89206933376724E-02 
927	 3.89218083653175E-02 
928	 3.90057989746463E-02 
929	 3.90201456785464E-02 
930	 0.038946538407485 
931	 3.89332396520922E-02 
932	 3.89672584749789E-02 
933	 3.89726071767673E-02 
934	 3.89517281456072E-02 
935	 3.90046259812574E-02 
936	 3.89971402586223E-02 
937	 3.89558489438075E-02 
938	 3.89177210399554E-02 
939	 3.88929436364792E-02 
940	 3.89153766839859E-02 
941	 3.89768446617615E-02 
942	 3.90305515791919E-02 
943	 3.89975740077972E-02 
944	 3.90266094033111E-02 
945	 3.90196449516608E-02 
946	 3.89712085537096E-02 
947	 3.90997556659257E-02 
948	 0.039109382507001 
949	 3.90941154116906E-02 
950	 3.91264380704407E-02 
951	 3.90862909263257E-02 
952	 3.91692161435875E-02 
953	 3.92243403542024E-02 
954	 3.91563035156725E-02 
955	 3.91193582181936E-02 
956	 3.91646345894498E-02 
957	 3.91689168552293E-02 
958	 3.90805539798109E-02 
959	 3.90595052322951E-02 
960	 3.91018010933905E-02 
961	 3.91637392705896E-02 
962	 3.92114228007156E-02 
963	 3.92560360290383E-02 
964	 3.91870361562764E-02 
965	 3.92222940319153E-02 
966	 0.039387561610109 
967	 3.92560654281251E-02 
968	 3.92883213771587E-02 
969	 3.92833740928885E-02 
970	 3.91563123054849E-02 
971	 3.92566077161221E-02 
972	 3.93605479388812E-02 
973	 3.92737892118935E-02 
974	 3.90639357615669E-02 
975	 3.91568250891274E-02 
976	 3.92575537405266E-02 
977	 3.92425682626578E-02 
978	 3.91815268574534E-02 
979	 3.93332171852125E-02 
980	 3.93402607485581E-02 
981	 3.92978543136532E-02 
982	 3.93002607788726E-02 
983	 3.93287363249081E-02 
984	 3.94205401269626E-02 
985	 3.95409491048763E-02 
986	 0.039597163281988 
987	 3.94841206133849E-02 
988	 3.94040064626129E-02 
989	 3.94955557127855E-02 
990	 0.039655365531347 
991	 0.039614004457665 
992	 3.96057417527235E-02 
993	 3.94651301471608E-02 
994	 3.93026793992463E-02 
995	 3.93907439921113E-02 
996	 3.93696590614274E-02 
997	 3.93921385459942E-02 
998	 3.94891628561377E-02 
999	 3.95538726304334E-02 
1000	 3.93594167353226E-02 
1001	 3.92056639272852E-02 
1002	 3.91821381909845E-02 
1003	 3.91858875712969E-02 
1004	 3.91987677504808E-02 
1005	 3.91903873585562E-02 
1006	 3.92129373246046E-02 
1007	 0.039227659479193 
1008	 3.92320859861226E-02 
1009	 3.92630117216436E-02 
1010	 3.92920201911403E-02 
1011	 3.93046426280809E-02 
1012	 3.93271810368863E-02 
1013	 3.93380893746644E-02 
1014	 3.93125777626391E-02 
1015	 3.93087912007856E-02 
1016	 3.93202299245578E-02 
1017	 3.93392655784108E-02 
1018	 3.93527673093687E-02 
1019	 3.93853528104044E-02 
1020	 3.93979181849582E-02 
1021	 3.93702503920895E-02 
1022	 3.93379303959087E-02 
1023	 3.93302193175168E-02 
1024	 3.93340128506843E-02 
1025	 3.93451174233867E-02 
1026	 0.039367706707211 
1027	 3.93829411083969E-02 
1028	 3.93863962292169E-02 
1029	 0.03938793159738 
1030	 3.94022958933059E-02 
1031	 3.94331459619519E-02 
1032	 3.94469187564651E-02 
1033	 3.94554126867758E-02 
1034	 3.94777276246248E-02 
1035	 3.94931552795645E-02 
1036	 0.03949151804126 
1037	 3.94979940551125E-02 
1038	 3.94872681480866E-02 
1039	 3.94626848220115E-02 
1040	 3.94653873007287E-02 
1041	 0.039465174520816 
1042	 3.94678151949073E-02 
1043	 3.95118219194903E-02 
1044	 3.95516985427707E-02 
1045	 3.95626381557342E-02 
1046	 3.95640850020672E-02 
1047	 3.95698491913315E-02 
1048	 3.95586113414135E-02 
1049	 3.95312522354288E-02 
1050	 3.95252004864511E-02 
1051	 3.95511745099189E-02 
1052	 3.95677925992594E-02 
1053	 3.95597673621727E-02 
1054	 3.95637458312179E-02 
1055	 3.95728266082787E-02 
1056	 0.039571499588885 
1057	 3.95793209923889E-02 
1058	 3.95923569764815E-02 
1059	 3.96025640454448E-02 
1060	 3.96023135619856E-02 
1061	 0.039583103199727 
1062	 3.95789838856087E-02 
1063	 3.95780402244827E-02 
1064	 3.95749441298848E-02 
1065	 3.95777129600442E-02 
1066	 3.95979271164899E-02 
1067	 3.96029105333204E-02 
1068	 0.039603346848662 
1069	 3.96106527743614E-02 
1070	 3.96275697236547E-02 
1071	 3.96399981936793E-02 
1072	 3.96433159275987E-02 
1073	 3.96470974549316E-02 
1074	 3.96354956063151E-02 
1075	 3.96381631133046E-02 
1076	 3.96546027528469E-02 
1077	 3.96614621599983E-02 
1078	 3.96669932069715E-02 
1079	 3.96743631979045E-02 
1080	 3.96808246124762E-02 
1081	 3.96782722496216E-02 
1082	 3.96867305732358E-02 
1083	 3.97058174793895E-02 
1084	 3.97170750355678E-02 
1085	 0.039720750517531 
1086	 0.039725103569309 
1087	 3.97213023601376E-02 
1088	 3.97135611479585E-02 
1089	 3.96878582562082E-02 
1090	 3.96952123821881E-02 
1091	 3.97177853310783E-02 
1092	 3.97302756843253E-02 
1093	 3.97618925585447E-02 
1094	 3.97804045401404E-02 
1095	 3.97921809813857E-02 
1096	 3.97878680090689E-02 
1097	 0.039779702469984 
1098	 3.97816443671685E-02 
1099	 3.97866494491803E-02 
1100	 3.97803261329706E-02 
1101	 3.97944261417109E-02 
1102	 3.98253232230292E-02 
1103	 3.98363368889988E-02 
1104	 0.039842853649136 
1105	 3.98422924955068E-02 
1106	 3.98222921539274E-02 
1107	 3.98221156122155E-02 
1108	 3.98214770014655E-02 
1109	 3.98329779364767E-02 
1110	 3.98708040810767E-02 
1111	 3.98882063704316E-02 
1112	 3.99000101271062E-02 
1113	 3.99089305554198E-02 
1114	 3.99174827103622E-02 
1115	 3.99225048319391E-02 
1116	 0.03993422395648 
1117	 3.99521976569193E-02 
1118	 3.99671416897135E-02 
1119	 3.99875184179189E-02 
1120	 0.040000063024814 
1121	 4.00111145776463E-02 
1122	 4.00190877472282E-02 
1123	 0.040018568246188 
1124	 4.00238589814675E-02 
1125	 4.00273538870485E-02 
1126	 4.00375703173977E-02 
1127	 4.00572457119593E-02 
1128	 4.00696036738303E-02 
1129	 4.00774085162964E-02 
1130	 4.00965260047867E-02 
1131	 0.040105461529431 
1132	 4.01078938677942E-02 
1133	 4.01251351951104E-02 
1134	 4.01384165203184E-02 
1135	 4.01489091639355E-02 
1136	 4.01593557790712E-02 
1137	 0.040173257521407 
1138	 4.01839531518868E-02 
1139	 4.01970855363138E-02 
1140	 4.02152478329779E-02 
1141	 0.040232428595831 
1142	 4.02542718478413E-02 
1143	 4.02642602647184E-02 
1144	 0.040265573874459 
1145	 4.02740493183803E-02 
1146	 4.02729710801278E-02 
1147	 4.02816742667657E-02 
1148	 4.03014326778852E-02 
1149	 4.03241331505089E-02 
1150	 4.03413435873251E-02 
1151	 4.03493261019839E-02 
1152	 4.03626298145679E-02 
1153	 4.03763903742956E-02 
1154	 4.03860747184492E-02 
1155	 4.03944845131996E-02 
1156	 4.04046070486963E-02 
1157	 4.04076411286252E-02 
1158	 4.04186013686215E-02 
1159	 4.04391351098009E-02 
1160	 0.040453521916953 
1161	 4.04673311250234E-02 
1162	 4.04808875880093E-02 
1163	 4.04910615698348E-02 
1164	 4.05032919096767E-02 
1165	 4.05125379758786E-02 
1166	 4.05320668835699E-02 
1167	 4.05458619760364E-02 
1168	 4.05611570474782E-02 
1169	 4.05707483931429E-02 
1170	 4.05749835528286E-02 
1171	 4.05845849750698E-02 
1172	 4.05932705553811E-02 
1173	 4.06036321755803E-02 
1174	 4.06198558034251E-02 
1175	 4.06312986759904E-02 
1176	 4.06402957668561E-02 
1177	 4.06476375536938E-02 
1178	 4.06517243717813E-02 
1179	 4.06585390225753E-02 
1180	 0.040660284773484 
1181	 4.06706549175347E-02 
1182	 4.06880185337571E-02 
1183	 4.07046914676464E-02 
1184	 4.07236588497935E-02 
1185	 4.07514983058029E-02 
1186	 4.07639255302054E-02 
1187	 4.07695094522472E-02 
1188	 0.040779082733993 
1189	 4.07777002612728E-02 
1190	 4.07919622359897E-02 
1191	 4.08205791973087E-02 
1192	 4.08369129642504E-02 
1193	 4.08555886823622E-02 
1194	 4.08690510617192E-02 
1195	 4.08709194446428E-02 
1196	 4.08804243873383E-02 
1197	 4.08951259078595E-02 
1198	 4.09054635571996E-02 
1199	 4.09139838259036E-02 
1200	 4.09243555293457E-02 
1201	 4.09325870920388E-02 
1202	 4.09421041440024E-02 
1203	 4.09529523082028E-02 
1204	 4.09674197902431E-02 
1205	 4.09789270707177E-02 
1206	 4.09895159967793E-02 
1207	 4.10001446755847E-02 
1208	 4.10123857921041E-02 
1209	 4.10199247915956E-02 
1210	 4.10246746240378E-02 
1211	 4.10298824065161E-02 
1212	 4.10316382456593E-02 
1213	 4.10351701477327E-02 
1214	 4.10390319694612E-02 
1215	 4.10439167264382E-02 
1216	 4.10548139269289E-02 
1217	 4.10561125310331E-02 
1218	 0.041053030174869 
1219	 4.10494892779271E-02 
1220	 4.10405434129382E-02 
1221	 0.041027635822348 
1222	 4.10178674146482E-02 
1223	 4.10061336393551E-02 
1224	 4.10055536211539E-02 
1225	 0.041010998638879 
1226	 0.041010799837785 
1227	 4.10171369862706E-02 
1228	 4.10194857792479E-02 
1229	 4.10138823316248E-02 
1230	 4.10137342056561E-02 
1231	 4.10226764977933E-02 
1232	 4.10215936964198E-02 
1233	 4.10095449736069E-02 
1234	 4.10075857060121E-02 
1235	 4.10061504587459E-02 
1236	 4.10069360716908E-02 
1237	 0.041016779247989 
1238	 0.041023247768532 
1239	 4.10296596875533E-02 
1240	 0.041031363446445 
1241	 4.10370697201279E-02 
1242	 4.10431914476231E-02 
1243	 4.10512285676197E-02 
1244	 4.10607207750346E-02 
1245	 4.10713290546765E-02 
1246	 4.10858851143962E-02 
1247	 4.10945737095869E-02 
1248	 4.11027781217587E-02 
1249	 4.11078472535109E-02 
1250	 4.11052743210356E-02 
1251	 4.11107554391988E-02 
1252	 4.11184619102388E-02 
1253	 4.11258995406517E-02 
1254	 4.11417179881908E-02 
1255	 0.041147993766703 
1256	 4.11438846075924E-02 
1257	 4.11475224349084E-02 
1258	 4.11517710894672E-02 
1259	 4.11555318979099E-02 
1260	 4.11592544157501E-02 
1261	 0.041173468642318 
1262	 4.11790368605373E-02 
1263	 4.11784835171973E-02 
1264	 4.11821537799671E-02 
1265	 4.11865170019727E-02 
1266	 4.11925934260442E-02 
1267	 4.12018465123918E-02 
1268	 0.041207444204352 
1269	 4.12119444036099E-02 
1270	 4.12167798578033E-02 
1271	 4.12212266267594E-02 
1272	 4.12231440703451E-02 
1273	 4.12237682423129E-02 
1274	 4.12255619862605E-02 
1275	 4.12265183664375E-02 
1276	 4.12247858079786E-02 
1277	 4.12223795440652E-02 
1278	 4.12217374284655E-02 
1279	 4.12160184042433E-02 
1280	 4.12141676372299E-02 
1281	 4.12276061929156E-02 
1282	 4.12358637972928E-02 
1283	 4.12304910723247E-02 
1284	 0.041229612546684 
1285	 4.12323004342593E-02 
1286	 4.12276159262392E-02 
1287	 4.12296122705643E-02 
1288	 4.12465909911951E-02 
1289	 4.12486475233569E-02 
1290	 4.12374031344938E-02 
1291	 4.12399756977672E-02 
1292	 4.12453652249818E-02 
1293	 0.041251458103836 
1294	 4.12684598831979E-02 
1295	 4.12751918257866E-02 
1296	 4.12730511861303E-02 
1297	 4.12768326202173E-02 
1298	 4.12811734167806E-02 
1299	 4.12830051248711E-02 
1300	 4.12872218101406E-02 
1301	 4.12911987213505E-02 
1302	 4.12896955012003E-02 
1303	 4.12923916161181E-02 
1304	 0.041299411515628 
1305	 4.13068863219424E-02 
1306	 0.041320533553261 
1307	 4.13225295637367E-02 
1308	 4.13321976002538E-02 
1309	 4.13463833074336E-02 
1310	 4.13538634979049E-02 
1311	 4.13588039732732E-02 
1312	 4.13688287077259E-02 
1313	 4.13758209053929E-02 
1314	 4.13838968897589E-02 
1315	 4.13991694454824E-02 
1316	 0.041408659591723 
1317	 4.14126689246197E-02 
1318	 4.14200562306334E-02 
1319	 0.041424104539401 
1320	 4.14351478812792E-02 
1321	 4.14531447928516E-02 
1322	 4.14670451078783E-02 
1323	 4.14844984806522E-02 
1324	 4.14999528173838E-02 
1325	 4.15136094345834E-02 
1326	 0.041522155901677 
1327	 4.15346932707952E-02 
1328	 4.15443052276835E-02 
1329	 4.15572675599895E-02 
1330	 4.15706012734957E-02 
1331	 4.15834524493038E-02 
1332	 4.15998531877922E-02 
1333	 4.16106204358663E-02 
1334	 4.16176780914784E-02 
1335	 4.16264723243674E-02 
1336	 0.041630909871507 
1337	 0.041644173565372 
1338	 4.16622132792793E-02 
1339	 4.16770407679932E-02 
1340	 4.16978998575771E-02 
1341	 4.17134036985606E-02 
1342	 4.17197755386235E-02 
1343	 4.17355482418224E-02 
1344	 4.17584857505748E-02 
1345	 4.17741373617462E-02 
1346	 4.17923697583476E-02 
1347	 4.18067982585264E-02 
1348	 4.18135849081365E-02 
1349	 4.18223295632412E-02 
1350	 4.18324689520184E-02 
1351	 4.18477828506934E-02 
1352	 4.18708223842403E-02 
1353	 4.18871963283891E-02 
1354	 4.19035315753204E-02 
1355	 4.19221328524119E-02 
1356	 4.19314774215019E-02 
1357	 4.19431432758798E-02 
1358	 4.19647191623919E-02 
1359	 4.19975359619607E-02 
1360	 4.20151670089781E-02 
1361	 4.20342282494989E-02 
1362	 4.20497867201426E-02 
1363	 4.20501080207452E-02 
1364	 4.20621049050557E-02 
1365	 4.20853904106217E-02 
1366	 4.20989908791742E-02 
1367	 4.21063254456776E-02 
1368	 4.21191629240469E-02 
1369	 4.21308965200231E-02 
1370	 4.21452081785242E-02 
1371	 4.21657059262227E-02 
1372	 4.21822054909101E-02 
1373	 4.21974158217284E-02 
1374	 4.22130682023875E-02 
1375	 4.22274028190292E-02 
1376	 4.22410875201231E-02 
1377	 4.22627161933072E-02 
1378	 4.22796564429752E-02 
1379	 4.22946776756022E-02 
1380	 4.23161876065475E-02 
1381	 0.042332532033996 
1382	 4.23446530152727E-02 
1383	 4.23680818980789E-02 
1384	 4.23920257285587E-02 
1385	 4.24083066395288E-02 
1386	 4.24233403850423E-02 
1387	 4.24388364503013E-02 
1388	 0.042444051602876 
1389	 4.24623582919116E-02 
1390	 4.24936425571259E-02 
1391	 4.25114415376443E-02 
1392	 4.25267041077019E-02 
1393	 4.25417562150258E-02 
1394	 4.25538319851038E-02 
1395	 4.25607814801089E-02 
1396	 4.25659633280824E-02 
1397	 4.25711579783953E-02 
1398	 4.25666360695093E-02 
1399	 4.25680783801434E-02 
1400	 4.25723605403506E-02 
1401	 4.25810866766437E-02 
1402	 4.25960454877359E-02 
1403	 4.26063764160134E-02 
1404	 0.042620853510726 
1405	 4.26290808038881E-02 
1406	 4.26323007750259E-02 
1407	 4.26374011346099E-02 
1408	 4.26473417769236E-02 
1409	 4.26627665115092E-02 
1410	 0.042679335271029 
1411	 4.26968653707443E-02 
1412	 4.27162006779692E-02 
1413	 4.27278954014611E-02 
1414	 4.27332313584073E-02 
1415	 4.27357666544236E-02 
1416	 4.27444153262333E-02 
1417	 4.27534274822323E-02 
1418	 4.27605191703768E-02 
1419	 4.27710694531278E-02 
1420	 4.27824800021243E-02 
1421	 4.27888845689346E-02 
1422	 0.042799890969302 
1423	 4.28215758456006E-02 
1424	 4.28288914725248E-02 
1425	 4.28254595004341E-02 
1426	 4.28330555108001E-02 
1427	 4.28409875971081E-02 
1428	 0.0428464241153 
1429	 0.042854446390115 
1430	 4.28639604333017E-02 
1431	 4.28742613469304E-02 
1432	 4.28811838805677E-02 
1433	 4.28907223369644E-02 
1434	 0.042898517794633 
1435	 4.28975184151762E-02 
1436	 0.042899831445385 
1437	 4.29060722629628E-02 
1438	 4.29130621537873E-02 
1439	 4.29159702297818E-02 
1440	 4.29189816705373E-02 
1441	 0.042930323133415 
1442	 4.29422910605753E-02 
1443	 4.29448180852096E-02 
1444	 4.29514358878851E-02 
1445	 0.042958343170013 
1446	 4.29588007557497E-02 
1447	 4.29576083812336E-02 
1448	 4.29600097486021E-02 
1449	 4.29659949476106E-02 
1450	 4.29656754954078E-02 
1451	 4.29697656890426E-02 
1452	 4.29817151542786E-02 
1453	 4.29909091971828E-02 
1454	 4.29984499131701E-02 
1455	 4.30039286849769E-02 
1456	 4.30113789103366E-02 
1457	 4.30170672346452E-02 
1458	 0.043016482315972 
1459	 4.30232626451411E-02 
1460	 4.30325452585593E-02 
1461	 4.30426391451943E-02 
1462	 4.30560175126925E-02 
1463	 4.30671369504528E-02 
1464	 4.30807793398261E-02 
1465	 0.043094596307298 
1466	 4.31106670120701E-02 
1467	 4.31170061481093E-02 
1468	 0.043119230330364 
1469	 4.31223388718151E-02 
1470	 4.31155713380659E-02 
1471	 4.31161526171202E-02 
1472	 4.31193226375945E-02 
1473	 4.31250831076681E-02 
1474	 0.043135991337682 
1475	 4.31445474406158E-02 
1476	 4.31565515825654E-02 
1477	 4.31658767586144E-02 
1478	 4.31709851970037E-02 
1479	 0.043180619296216 
1480	 4.31844082242923E-02 
1481	 4.31893023691965E-02 
1482	 4.31935329216012E-02 
1483	 4.31923514981057E-02 
1484	 4.31980463851191E-02 
1485	 4.32079640671553E-02 
1486	 4.32156976452219E-02 
1487	 4.32223648012282E-02 
1488	 4.32230935103165E-02 
1489	 4.32164795685861E-02 
1490	 4.32204559282042E-02 
1491	 4.32345323122661E-02 
1492	 0.043246924903202 
1493	 4.32562605418375E-02 
1494	 4.32614351804877E-02 
1495	 4.32553274514955E-02 
1496	 4.32577984519113E-02 
1497	 4.32638546760304E-02 
1498	 4.32700103493044E-02 
1499	 4.32761976522275E-02 
1500	 4.32852871526881E-02 
1501	 4.32988397200815E-02 
1502	 4.33070691549282E-02 
1503	 4.33163883886898E-02 
1504	 4.33188717064793E-02 
1505	 4.33122812978877E-02 
1506	 4.33125027537232E-02 
1507	 4.33115219994963E-02 
1508	 4.33172756643318E-02 
1509	 4.33261650821161E-02 
1510	 4.33388331427426E-02 
1511	 4.33603328073524E-02 
1512	 0.043374442753693 
1513	 4.33937096426061E-02 
1514	 4.34029853630991E-02 
1515	 0.043398945123858 
1516	 4.34026435188357E-02 
1517	 4.34042013834896E-02 
1518	 4.34089250475155E-02 
1519	 4.34190791953382E-02 
1520	 4.34268156401789E-02 
1521	 4.34320384746587E-02 
1522	 0.043440820142407 
1523	 4.34572247222722E-02 
1524	 4.34645748168706E-02 
1525	 4.34668515214359E-02 
1526	 4.34711187188021E-02 
1527	 4.34700110995088E-02 
1528	 4.34684581808464E-02 
1529	 4.34788135578966E-02 
1530	 4.34901671977882E-02 
1531	 0.043493797385749 
1532	 4.35031771430594E-02 
1533	 4.35101258309654E-02 
1534	 4.35151596180426E-02 
1535	 0.043525003295967 
1536	 4.35303565741713E-02 
1537	 4.35437565806143E-02 
1538	 4.35578944438409E-02 
1539	 4.35646375122382E-02 
1540	 4.35771886727675E-02 
1541	 4.35750110153804E-02 
1542	 4.35641784407277E-02 
1543	 4.35627522798346E-02 
1544	 4.35661728546384E-02 
1545	 4.35834715068854E-02 
1546	 4.36025029890366E-02 
1547	 0.043613490538325 
1548	 0.043617916644065 
1549	 4.36194049062209E-02 
1550	 4.36041116422321E-02 
1551	 4.36118679568313E-02 
1552	 4.36324618394684E-02 
1553	 4.36404066131354E-02 
1554	 4.36479863628701E-02 
1555	 4.36634462003778E-02 
1556	 4.36766922453254E-02 
1557	 4.36901855691952E-02 
1558	 4.37193932882711E-02 
1559	 4.37289725920499E-02 
1560	 4.37190710695446E-02 
1561	 4.37258638294144E-02 
1562	 4.37351697886295E-02 
1563	 4.37421687124471E-02 
1564	 4.37539403106925E-02 
1565	 4.37646375493843E-02 
1566	 4.37707559211371E-02 
1567	 4.37819944941237E-02 
1568	 4.38038017805102E-02 
1569	 4.38114723792218E-02 
1570	 4.38106849684511E-02 
1571	 4.38146852607606E-02 
1572	 4.38116397029778E-02 
1573	 4.38149278423818E-02 
1574	 4.38249227104843E-02 
1575	 4.38341119755667E-02 
1576	 4.38414606654474E-02 
1577	 4.38546949502579E-02 
1578	 0.0438769197444 
1579	 4.38871977498652E-02 
1580	 4.38938866067379E-02 
1581	 4.39030102864554E-02 
1582	 4.39067519142833E-02 
1583	 4.39115402652487E-02 
1584	 4.39216062404546E-02 
1585	 4.39278373612452E-02 
1586	 4.39234586624516E-02 
1587	 4.39295687736394E-02 
1588	 4.39462186115512E-02 
1589	 4.39532999166124E-02 
1590	 4.39580423868207E-02 
1591	 4.39669710752532E-02 
1592	 4.39692808992969E-02 
1593	 4.39797660292567E-02 
1594	 4.40051511905161E-02 
1595	 4.40169566273161E-02 
1596	 4.40233270310343E-02 
1597	 4.40296856475626E-02 
1598	 4.40247669406265E-02 
1599	 4.40312368769478E-02 
1600	 4.40457659461814E-02 
1601	 4.40580961372424E-02 
1602	 4.40776925151035E-02 
1603	 4.40882799890997E-02 
1604	 4.40889864184961E-02 
1605	 4.40990623645646E-02 
1606	 4.41142937705206E-02 
1607	 4.41225670355707E-02 
1608	 4.41315123387609E-02 
1609	 4.41406680129263E-02 
1610	 4.41370581004122E-02 
1611	 4.41461049255502E-02 
1612	 4.41762843777701E-02 
1613	 4.41869603750526E-02 
1614	 0.044187111107729 
1615	 0.044194446913685 
1616	 4.41911373393305E-02 
1617	 0.044195312840662 
1618	 4.42136349349998E-02 
1619	 4.42253641587275E-02 
1620	 0.044231557973651 
1621	 4.42416438818559E-02 
1622	 4.42546088813218E-02 
1623	 0.044265552036619 
1624	 4.42784180438155E-02 
1625	 4.42883728980057E-02 
1626	 4.42916956345985E-02 
1627	 4.43007243920075E-02 
1628	 4.43159569441551E-02 
1629	 4.43247146662513E-02 
1630	 4.43331032285673E-02 
1631	 4.43404585861763E-02 
1632	 4.43360014692994E-02 
1633	 4.43427085470305E-02 
1634	 4.43606658784846E-02 
1635	 4.43724802787875E-02 
1636	 4.43904425936943E-02 
1637	 4.44004407573701E-02 
1638	 0.044396216110566 
1639	 4.44025364764716E-02 
1640	 4.44099854824855E-02 
1641	 4.44202015719387E-02 
1642	 4.44380386102336E-02 
1643	 4.44559798749179E-02 
1644	 4.44777161506426E-02 
1645	 4.44946598886881E-02 
1646	 4.45136152262723E-02 
1647	 4.45265632303622E-02 
1648	 4.45308454826771E-02 
1649	 4.45377761315807E-02 
1650	 4.45417685346431E-02 
1651	 4.45491795537645E-02 
1652	 4.45582134436904E-02 
1653	 4.45685350666706E-02 
1654	 0.044583591007711 
1655	 4.45936263666952E-02 
1656	 4.45976342615054E-02 
1657	 4.46091874461873E-02 
1658	 0.044622795844393 
1659	 4.46368849351783E-02 
1660	 4.46623191802974E-02 
1661	 4.46765681351255E-02 
1662	 4.46822090761457E-02 
1663	 4.46896426447891E-02 
1664	 4.46903338482415E-02 
1665	 4.46959700757997E-02 
1666	 4.47022758983502E-02 
1667	 4.47133205556199E-02 
1668	 4.47306112006405E-02 
1669	 4.47447501109904E-02 
1670	 4.47647387620104E-02 
1671	 4.47768357356545E-02 
1672	 4.47736636154369E-02 
1673	 4.47878803285715E-02 
1674	 4.48094654641266E-02 
1675	 4.48294868912706E-02 
1676	 4.48626179687786E-02 
1677	 4.48880532686569E-02 
1678	 4.49036731064197E-02 
1679	 4.49261398573355E-02 
1680	 4.49550938060885E-02 
1681	 4.49778953342686E-02 
1682	 4.49960935808344E-02 
1683	 4.50205031864098E-02 
1684	 4.50375136252738E-02 
1685	 4.50706366059752E-02 
1686	 0.045119606930564 
1687	 4.51646208065134E-02 
1688	 4.52263709368278E-02 
1689	 4.52666729452848E-02 
1690	 4.52925822069669E-02 
1691	 4.53235463945242E-02 
1692	 4.53401004931619E-02 
1693	 4.53707719213408E-02 
1694	 4.54122495168294E-02 
1695	 4.54506085639032E-02 
1696	 4.54966703198423E-02 
1697	 4.55327545616455E-02 
1698	 0.045564298696871 
1699	 4.55958981963534E-02 
1700	 4.56146898621425E-02 
1701	 4.56506102409358E-02 
1702	 4.56970947234764E-02 
1703	 4.57390721996778E-02 
1704	 4.57867312494203E-02 
1705	 4.58359131850828E-02 
1706	 4.58853393305754E-02 
1707	 4.59319241923924E-02 
1708	 4.59908534251212E-02 
1709	 4.60240796987539E-02 
1710	 4.60309620262083E-02 
1711	 4.60631783313832E-02 
1712	 0.046093514852269 
1713	 4.61312077639219E-02 
1714	 4.61922727346337E-02 
1715	 4.62307495394867E-02 
1716	 4.62473107710822E-02 
1717	 0.046293385853876 
1718	 4.63513273740879E-02 
1719	 4.63987039499745E-02 
1720	 4.64617424169022E-02 
1721	 4.65080707327578E-02 
1722	 4.65367508124508E-02 
1723	 4.65722082539369E-02 
1724	 4.66075466504925E-02 
1725	 4.66446805665593E-02 
1726	 4.66801954207204E-02 
1727	 4.67112926599471E-02 
1728	 4.67535172943143E-02 
1729	 0.046755385387474 
1730	 4.67514281255836E-02 
1731	 4.67245055252819E-02 
1732	 4.66797612369168E-02 
1733	 4.66452857870168E-02 
1734	 4.66059059077422E-02 
1735	 0.0465675383795 
1736	 4.65429790388064E-02 
1737	 4.65076321460723E-02 
1738	 4.64657221226106E-02 
1739	 4.64198819539545E-02 
1740	 4.63648277565553E-02 
1741	 4.63143086447512E-02 
1742	 4.62768861855895E-02 
1743	 4.62537757605176E-02 
1744	 4.62327077944102E-02 
1745	 4.62246024739039E-02 
1746	 4.62101202631494E-02 
1747	 4.61883300309262E-02 
1748	 4.61801460133882E-02 
1749	 4.61702128535187E-02 
1750	 4.61755237460713E-02 
1751	 4.62085854076582E-02 
1752	 4.62215250079297E-02 
1753	 4.62268765628952E-02 
1754	 4.62451336349434E-02 
1755	 0.046257867908192 
1756	 4.62825561281594E-02 
1757	 4.63382393999506E-02 
1758	 4.63595294830901E-02 
1759	 4.63620297043663E-02 
1760	 0.046369391809405 
1761	 4.63600773436385E-02 
1762	 4.63623506688689E-02 
1763	 0.046378967262313 
1764	 4.63804524058394E-02 
1765	 0.046379322546696 
1766	 4.63667734771724E-02 
1767	 4.63335407954326E-02 
1768	 4.63155322928962E-02 
1769	 4.63023397497972E-02 
1770	 4.62808937772081E-02 
1771	 4.62614999513529E-02 
1772	 4.62501520659395E-02 
1773	 4.62301636454669E-02 
1774	 4.62226224007595E-02 
1775	 4.62354803704567E-02 
1776	 4.62090300967906E-02 
1777	 4.61822319807674E-02 
1778	 4.61639203379917E-02 
1779	 4.61730646217616E-02 
1780	 4.61886013928369E-02 
1781	 0.046208921907761 
1782	 4.62258548409883E-02 
1783	 4.62154120076544E-02 
1784	 4.62031785735771E-02 
1785	 4.61947189544873E-02 
1786	 4.61727254207691E-02 
1787	 4.61736675920899E-02 
1788	 4.62020619491818E-02 
1789	 4.62232290573039E-02 
1790	 4.62135502143628E-02 
1791	 4.61919369473448E-02 
1792	 0.046175455946334 
1793	 4.61704216528976E-02 
1794	 4.62006378234691E-02 
1795	 4.62138227438453E-02 
1796	 4.62079707929247E-02 
1797	 4.62193042293518E-02 
1798	 4.62429763161435E-02 
1799	 4.62608747501715E-02 
1800	 4.62862413352481E-02 
1801	 4.54972371087082E-02 
1802	 4.55211632218839E-02 
1803	 4.55710540249642E-02 
1804	 4.56278387808806E-02 
1805	 4.56675335754801E-02 
1806	 4.57034932216121E-02 
1807	 4.57319550803858E-02 
1808	 0.04574916452469 
1809	 0.045770709104964 
1810	 4.57928337145709E-02 
1811	 4.58075520975269E-02 
1812	 4.58426768252077E-02 
1813	 4.58680994835207E-02 
1814	 4.58941279257752E-02 
1815	 4.59336017355149E-02 
1816	 4.59577974792976E-02 
1817	 4.59750250721065E-02 
1818	 4.59841016317606E-02 
1819	 4.59807879004525E-02 
1820	 0.045982258109009 
1821	 4.59972799812207E-02 
1822	 4.60076923564561E-02 
1823	 4.60164421318863E-02 
1824	 4.60440041507968E-02 
1825	 0.046079521804445 
1826	 4.61035327753017E-02 
1827	 4.61192519254224E-02 
1828	 4.61388010671413E-02 
1829	 4.61430528985114E-02 
1830	 4.61319084948958E-02 
1831	 4.61194645641992E-02 
1832	 4.61301575941152E-02 
1833	 4.61465917228925E-02 
1834	 4.61466774617843E-02 
1835	 4.61562011461488E-02 
1836	 4.61784276232534E-02 
1837	 4.61886712336492E-02 
1838	 4.61871818121121E-02 
1839	 4.61929398898949E-02 
1840	 4.62127991579651E-02 
1841	 4.62103452430162E-02 
1842	 4.62196699834528E-02 
1843	 4.62419857170191E-02 
1844	 4.62513868492936E-02 
1845	 4.62611939210415E-02 
1846	 4.62685995280823E-02 
1847	 4.62740100130574E-02 
1848	 4.62743167745042E-02 
1849	 4.62643061172391E-02 
1850	 4.62688192753169E-02 
1851	 4.62818445711543E-02 
1852	 4.62803995823577E-02 
1853	 4.62953085121675E-02 
1854	 4.63060073422837E-02 
1855	 4.63047983776786E-02 
1856	 4.63289058199431E-02 
1857	 4.63435576514152E-02 
1858	 4.63582106070813E-02 
1859	 0.046372446011327 
1860	 4.63935657261727E-02 
1861	 4.63960706030608E-02 
1862	 4.63960163989908E-02 
1863	 4.63974889219366E-02 
1864	 4.63924863446274E-02 
1865	 4.63983874502525E-02 
1866	 4.64091604381612E-02 
1867	 4.64367206200655E-02 
1868	 4.64495618199539E-02 
1869	 4.64559646803038E-02 
1870	 0.046466879062792 
1871	 4.64654076262921E-02 
1872	 4.64811999206199E-02 
1873	 4.65210534668405E-02 
1874	 4.65528702124692E-02 
1875	 4.65742527491108E-02 
1876	 4.65777982955026E-02 
1877	 4.65834844139612E-02 
1878	 4.65592548902805E-02 
1879	 4.65672282608446E-02 
1880	 4.65989221731501E-02 
1881	 4.66220295964396E-02 
1882	 4.66520981901368E-02 
1883	 4.66781234914116E-02 
1884	 4.67069860285835E-02 
1885	 4.67281873653879E-02 
1886	 4.67528282114379E-02 
1887	 4.67796161911068E-02 
1888	 4.68084558784827E-02 
1889	 0.046837112258572 
1890	 4.68682903585187E-02 
1891	 4.69025303240315E-02 
1892	 4.69392876767652E-02 
1893	 4.69770704397282E-02 
1894	 0.047013480792975 
1895	 4.70605874308547E-02 
1896	 4.71095510476281E-02 
1897	 4.71537459340991E-02 
1898	 4.72012337220192E-02 
1899	 4.72387733253409E-02 
1900	 4.72654292662849E-02 
1901	 4.73009902924828E-02 
1902	 4.73367047802404E-02 
1903	 4.73728911778739E-02 
1904	 4.74039885680358E-02 
1905	 4.74489235915623E-02 
1906	 0.047508987172109 
1907	 4.75538468209389E-02 
1908	 0.047590733495793 
1909	 0.047623552250743 
1910	 4.76609602523029E-02 
1911	 4.76808684431887E-02 
1912	 4.77161455816323E-02 
1913	 4.77770698326674E-02 
1914	 4.78189491629611E-02 
1915	 4.78453920118428E-02 
1916	 4.78860495157663E-02 
1917	 4.79169235846934E-02 
1918	 4.79347692167624E-02 
1919	 4.79702907389108E-02 
1920	 4.80088967077303E-02 
1921	 4.80517295891386E-02 
1922	 0.048120429105837 
1923	 4.81599907462918E-02 
1924	 4.81914265637338E-02 
1925	 4.82143199219552E-02 
1926	 4.82244615287696E-02 
1927	 4.82160374470165E-02 
1928	 4.82221013668262E-02 
1929	 4.82283974088074E-02 
1930	 4.82354967731294E-02 
1931	 0.048244608895111 
1932	 4.82549411413515E-02 
1933	 4.82616486899856E-02 
1934	 4.82752295747776E-02 
1935	 0.048296318569391 
1936	 0.048313530907768 
1937	 0.048339778349244 
1938	 4.83548902438265E-02 
1939	 4.83681715919759E-02 
1940	 4.83634921633275E-02 
1941	 4.83727046133099E-02 
1942	 4.83829486208321E-02 
1943	 4.83879679457437E-02 
1944	 0.048395760899083 
1945	 4.84017529201254E-02 
1946	 4.83970903506515E-02 
1947	 4.83978899573549E-02 
1948	 4.84030123506184E-02 
1949	 4.84104230709312E-02 
1950	 4.84120792157444E-02 
1951	 4.84296218038825E-02 
1952	 4.84366616780875E-02 
1953	 4.84526933114618E-02 
1954	 4.84479710496733E-02 
1955	 4.84263181911742E-02 
1956	 4.84143264278916E-02 
1957	 4.83888513677082E-02 
1958	 0.048379614301355 
1959	 4.83875131173224E-02 
1960	 4.83857794323266E-02 
1961	 4.83802926606494E-02 
1962	 4.83818068368585E-02 
1963	 4.83851897363686E-02 
1964	 4.83929136005656E-02 
1965	 4.83850631388041E-02 
1966	 0.048372045640125 
1967	 4.83677596559322E-02 
1968	 4.83489622405425E-02 
1969	 4.83453298913628E-02 
1970	 4.83663813278518E-02 
1971	 4.83714481605545E-02 
1972	 4.83619670152967E-02 
1973	 4.83662537756509E-02 
1974	 4.83724837328479E-02 
1975	 0.04838647841333 
1976	 4.83947496370205E-02 
1977	 4.84131208677047E-02 
1978	 0.048418506933429 
1979	 0.048413457974657 
1980	 4.84122138966121E-02 
1981	 4.84063092023316E-02 
1982	 4.84067473396384E-02 
1983	 0.048406309126638 
1984	 4.84106650906763E-02 
1985	 4.84241009511476E-02 
1986	 4.84329299082774E-02 
1987	 4.84415175928091E-02 
1988	 4.84548761735928E-02 
1989	 4.84552950037229E-02 
1990	 4.84457491632625E-02 
1991	 4.84455227217291E-02 
1992	 4.84418804728002E-02 
1993	 4.84401049911883E-02 
1994	 4.84421325221042E-02 
1995	 4.84459829248238E-02 
1996	 0.048445045173021 
1997	 4.84522183220382E-02 
1998	 4.84809724516549E-02 
1999	 4.84899763577308E-02 
2000	 4.84967826084302E-02 
2001	 4.84881349579251E-02 
2002	 4.84836589634021E-02 
2003	 4.84595148429452E-02 
2004	 4.84602422931812E-02 
2005	 4.84727716511652E-02 
2006	 0.04848408084134 
2007	 4.85113993334472E-02 
2008	 4.85227319600026E-02 
2009	 4.85284730440448E-02 
2010	 4.85348657749342E-02 
2011	 4.85279508597135E-02 
2012	 4.85309966847821E-02 
2013	 0.048540464586609 
2014	 0.048548268227628 
2015	 4.85608290050973E-02 
2016	 4.85861172276482E-02 
2017	 4.85893104198448E-02 
2018	 4.85809103909839E-02 
2019	 4.85810045101258E-02 
2020	 4.85657234587597E-02 
2021	 4.85678768432336E-02 
2022	 4.85916819764063E-02 
2023	 4.86027457034666E-02 
2024	 4.86085523334461E-02 
2025	 0.048621041964494 
2026	 0.048637869724726 
2027	 4.86454788204567E-02 
2028	 4.86591825212704E-02 
2029	 4.86794508011133E-02 
2030	 4.86962469124766E-02 
2031	 4.87157794900716E-02 
2032	 0.048723752725528 
2033	 4.87227485845208E-02 
2034	 4.87294797520165E-02 
2035	 4.87231510102463E-02 
2036	 4.87321893363558E-02 
2037	 4.87629599565692E-02 
2038	 4.87820855913128E-02 
2039	 4.87972687461134E-02 
2040	 4.88229915259925E-02 
2041	 4.88251859540559E-02 
2042	 4.88266775950097E-02 
2043	 4.88330377380322E-02 
2044	 4.88266494254847E-02 
2045	 4.88411044079802E-02 
2046	 0.048876555807312 
2047	 4.88954040944853E-02 
2048	 4.89215792027405E-02 
2049	 4.89387381535185E-02 
2050	 4.89405168137354E-02 
2051	 4.89491019075398E-02 
2052	 4.89582004551805E-02 
2053	 4.89653883351726E-02 
2054	 4.89697360071107E-02 
2055	 4.89804619032053E-02 
2056	 4.89887443852705E-02 
2057	 4.89913975290422E-02 
2058	 4.90052046370913E-02 
2059	 4.90290154127936E-02 
2060	 4.90463487107307E-02 
2061	 4.90726037990664E-02 
2062	 4.90838692633587E-02 
2063	 4.90857078901054E-02 
2064	 4.90855916848328E-02 
2065	 4.90692330393452E-02 
2066	 4.90659329772704E-02 
2067	 4.90767170726383E-02 
2068	 4.90683722460913E-02 
2069	 4.90454293665716E-02 
2070	 4.90627435757288E-02 
2071	 4.90744994278701E-02 
2072	 4.90895558839067E-02 
2073	 4.90996446430804E-02 
2074	 4.91238908790394E-02 
2075	 4.91292397373477E-02 
2076	 4.91097951624261E-02 
2077	 4.91118636454098E-02 
2078	 4.91223926505494E-02 
2079	 4.91312231759725E-02 
2080	 4.91432228379048E-02 
2081	 4.91611385748634E-02 
2082	 4.91795825400255E-02 
2083	 4.92006875642274E-02 
2084	 4.92449056855225E-02 
2085	 4.92763343259069E-02 
2086	 4.93040500122678E-02 
2087	 4.93161189560749E-02 
2088	 4.93311592774469E-02 
2089	 4.93354352650927E-02 
2090	 4.93543133565949E-02 
2091	 4.93824288620997E-02 
2092	 4.93998977248546E-02 
2093	 0.049407354680254 
2094	 4.94227324565741E-02 
2095	 4.94446089163215E-02 
2096	 4.94600561847664E-02 
2097	 4.94813997200689E-02 
2098	 4.94986510563329E-02 
2099	 4.95032369542651E-02 
2100	 4.95086270592692E-02 
2101	 4.95253700294124E-02 
2102	 4.95469362152033E-02 
2103	 4.95612363342027E-02 
2104	 4.95745677169211E-02 
2105	 4.95774305876512E-02 
2106	 4.95752729618459E-02 
2107	 4.95723533956932E-02 
2108	 4.95485013298068E-02 
2109	 4.95605113701712E-02 
2110	 4.95906513928708E-02 
2111	 4.96122947429015E-02 
2112	 4.96579850907696E-02 
2113	 4.96900238730766E-02 
2114	 4.97110926109347E-02 
2115	 4.97282267514144E-02 
2116	 0.049745747012419 
2117	 4.97829257413879E-02 
2118	 4.98134361175449E-02 
2119	 4.98164961696518E-02 
2120	 4.98360536499587E-02 
2121	 4.98594883537625E-02 
2122	 4.98645521333806E-02 
2123	 4.98634078212593E-02 
2124	 0.049871209939687 
2125	 0.04985395148844 
2126	 4.98756803169124E-02 
2127	 4.99392867345621E-02 
2128	 4.99756977923985E-02 
2129	 5.00270679477934E-02 
2130	 5.00541981828062E-02 
2131	 5.00545250860975E-02 
2132	 5.00503302851317E-02 
2133	 5.00312743943185E-02 
2134	 5.00238389160853E-02 
2135	 4.99621160658855E-02 
2136	 4.99463084798006E-02 
2137	 4.99809921607163E-02 
2138	 4.99978281228653E-02 
2139	 5.00293151946039E-02 
2140	 0.050127326889998 
2141	 5.01390604159778E-02 
2142	 5.00926408988314E-02 
2143	 5.00815199758561E-02 
2144	 5.00444219060002E-02 
2145	 0.050031532231791 
2146	 5.00501461245931E-02 
2147	 5.00519094973977E-02 
2148	 5.00489744453441E-02 
2149	 5.00475190407008E-02 
2150	 5.00579052310697E-02 
2151	 5.00420270272646E-02 
2152	 5.00208088704167E-02 
2153	 4.99866732679341E-02 
2154	 4.99326401321787E-02 
2155	 4.98935188178017E-02 
2156	 0.049891431497291 
2157	 4.99288572643755E-02 
2158	 4.99294829659775E-02 
2159	 4.99474916980287E-02 
2160	 0.049943877183597 
2161	 0.049900958016867 
2162	 4.98778020899572E-02 
2163	 4.98596497033903E-02 
2164	 4.98577922705828E-02 
2165	 0.049863072887032 
2166	 4.98684055450017E-02 
2167	 4.98904110815534E-02 
2168	 4.99048814764754E-02 
2169	 4.99187889638471E-02 
2170	 4.99202101812415E-02 
2171	 4.99136608153879E-02 
2172	 4.99270561360646E-02 
2173	 4.98821884356083E-02 
2174	 4.98523537151858E-02 
2175	 4.98345081042556E-02 
2176	 4.97956689940174E-02 
2177	 4.97881066893733E-02 
2178	 4.98096775698778E-02 
2179	 0.049806851384113 
2180	 4.98081832089808E-02 
2181	 4.98051595086569E-02 
2182	 4.97857782333985E-02 
2183	 4.97890624010091E-02 
2184	 4.97950947505353E-02 
2185	 4.98153931683551E-02 
2186	 4.98776487673158E-02 
2187	 4.98906609644486E-02 
2188	 4.98859291488408E-02 
2189	 4.98870231217265E-02 
2190	 4.98419552620808E-02 
2191	 4.98285645641805E-02 
2192	 4.98439667913069E-02 
2193	 4.98497878945835E-02 
2194	 4.98773852257247E-02 
2195	 4.99414857320425E-02 
2196	 4.99571566496554E-02 
2197	 4.99740898735349E-02 
2198	 4.99624163438911E-02 
2199	 4.98888961385782E-02 
2200	 0.049874672056674 
2201	 4.98721821401888E-02 
2202	 4.98857953151241E-02 
2203	 4.99421218958288E-02 
2204	 4.99546321102734E-02 
2205	 4.99433630200764E-02 
2206	 4.99571430002291E-02 
2207	 4.99536626480597E-02 
2208	 4.99852842634143E-02 
2209	 5.00630662250265E-02 
2210	 5.01210813814913E-02 
2211	 0.050198135806511 
2212	 5.02410993217737E-02 
2213	 5.02562976132676E-02 
2214	 5.02895144234537E-02 
2215	 5.03131159618818E-02 
2216	 5.03233884892749E-02 
2217	 0.050397760270317 
2218	 5.04452280214724E-02 
2219	 5.04761463574687E-02 
2220	 0.050528295130191 
2221	 5.05722417863359E-02 
2222	 5.05889931263477E-02 
2223	 5.06532913440227E-02 
2224	 5.07562389007229E-02 
2225	 5.08283407502795E-02 
2226	 5.09311281749444E-02 
2227	 5.09760811373826E-02 
2228	 5.09656466101757E-02 
2229	 5.09888683805167E-02 
2230	 5.09800048689847E-02 
2231	 5.10128923287761E-02 
2232	 0.051088639657046 
2233	 5.11469764857823E-02 
2234	 5.12102740740465E-02 
2235	 5.12780295111279E-02 
2236	 5.13536883325973E-02 
2237	 5.14146650279268E-02 
2238	 5.15014834498574E-02 
2239	 5.15427572854856E-02 
2240	 5.15191984618777E-02 
2241	 5.15355040502789E-02 
2242	 5.15432501580918E-02 
2243	 5.15550097810157E-02 
2244	 5.15954916270817E-02 
2245	 5.16797327597565E-02 
2246	 5.17667974956837E-02 
2247	 5.18501690386874E-02 
2248	 5.18999268967073E-02 
2249	 5.19279716690437E-02 
2250	 5.19893617597939E-02 
2251	 5.20412919703118E-02 
2252	 5.20834158733786E-02 
2253	 5.21635585678772E-02 
2254	 5.22077959786987E-02 
2255	 5.21880957704964E-02 
2256	 5.22278730611641E-02 
2257	 0.052298633858813 
2258	 5.23560127038057E-02 
2259	 5.24454534930193E-02 
2260	 0.052488055041176 
2261	 5.25002899539359E-02 
2262	 5.25245351389483E-02 
2263	 5.25027427040431E-02 
2264	 5.25306133796516E-02 
2265	 5.25816833223389E-02 
2266	 5.26557187598569E-02 
2267	 0.052790936014561 
2268	 5.28847513588962E-02 
2269	 5.30044734890006E-02 
2270	 5.30691181557312E-02 
2271	 5.30413760037952E-02 
2272	 5.30734346143952E-02 
2273	 0.053097554437948 
2274	 5.31577714384557E-02 
2275	 5.32188807542909E-02 
2276	 5.32749105407777E-02 
2277	 5.33684773963373E-02 
2278	 5.33701531946383E-02 
2279	 0.053380561111851 
2280	 5.33931439942879E-02 
2281	 5.34053203841353E-02 
2282	 5.33339337001778E-02 
2283	 5.34134904870239E-02 
2284	 5.36094736368786E-02 
2285	 5.37051938996958E-02 
2286	 5.38596337306513E-02 
2287	 5.39145649331975E-02 
2288	 5.38545426541435E-02 
2289	 5.38505875544421E-02 
2290	 5.37825935926012E-02 
2291	 5.38485614332812E-02 
2292	 5.39965620679558E-02 
2293	 0.054122437565909 
2294	 5.43483378441216E-02 
2295	 5.45123862801631E-02 
2296	 5.45922558364226E-02 
2297	 5.47553288180699E-02 
2298	 5.49846654640947E-02 
2299	 5.51753935387099E-02 
2300	 5.53651231336032E-02 
2301	 5.55851684231364E-02 
2302	 0.05584219762438 
2303	 5.60320097651169E-02 
2304	 5.62430386120706E-02 
2305	 5.63985884787794E-02 
2306	 5.64259074500114E-02 
2307	 5.65091714131413E-02 
2308	 5.66385350671674E-02 
2309	 0.056708791199673 
2310	 5.68178148456253E-02 
2311	 5.68139481476401E-02 
2312	 5.66798545587954E-02 
2313	 5.65533369838263E-02 
2314	 5.63514624146058E-02 
2315	 5.61410379688445E-02 
2316	 5.59581476992719E-02 
2317	 5.57797030403648E-02 
2318	 5.56363549951294E-02 
2319	 5.55098622999652E-02 
2320	 5.53938411106303E-02 
2321	 5.53521863745685E-02 
2322	 5.51623466639493E-02 
2323	 0.054866118343589 
2324	 5.47155737532872E-02 
2325	 5.45215358025481E-02 
2326	 5.44308165423943E-02 
2327	 5.44818752466864E-02 
2328	 5.45068439650419E-02 
2329	 5.45551745725118E-02 
2330	 5.45774114268251E-02 
2331	 5.46371957213252E-02 
2332	 5.46885968108499E-02 
2333	 5.46978350494966E-02 
2334	 5.47355066687808E-02 
2335	 5.48586635755963E-02 
2336	 5.48647118211461E-02 
2337	 5.47565042864309E-02 
2338	 5.47545974399397E-02 
2339	 5.46874299541299E-02 
2340	 5.47840941895285E-02 
2341	 5.50840268289266E-02 
2342	 5.52485400765013E-02 
2343	 5.54310584413401E-02 
2344	 5.56045578228913E-02 
2345	 5.57090548854914E-02 
2346	 0.055848129773135 
2347	 5.60785555650931E-02 
2348	 0.056199403099065 
2349	 5.62522281666717E-02 
2350	 5.62865358713141E-02 
2351	 5.62662667363652E-02 
2352	 5.62257250675624E-02 
2353	 5.61415499833937E-02 
2354	 5.60560518990547E-02 
2355	 5.59272453917525E-02 
2356	 5.58248947625766E-02 
2357	 0.055701655577873 
2358	 5.56393516436763E-02 
2359	 5.56480337864505E-02 
2360	 5.55986412245442E-02 
2361	 0.055582501493135 
2362	 0.055514071996824 
2363	 0.05534229181202 
2364	 5.52324261754142E-02 
2365	 5.50445333933029E-02 
2366	 5.50165915782642E-02 
2367	 5.52179884053007E-02 
2368	 5.52597364437013E-02 
2369	 5.53214492269305E-02 
2370	 5.53827952599448E-02 
2371	 5.53221602761607E-02 
2372	 5.52728700240376E-02 
2373	 0.055241714717874 
2374	 0.055242444014398 
2375	 0.055169890408222 
2376	 5.51954786710451E-02 
2377	 5.54180387682843E-02 
2378	 5.55349226219631E-02 
2379	 5.56636643177849E-02 
2380	 5.57197897670735E-02 
2381	 5.56792836053271E-02 
2382	 5.56349657786085E-02 
2383	 0.055708300475096 
2384	 5.58230614384829E-02 
2385	 5.60129001946183E-02 
2386	 0.056038467874212 
2387	 5.60478468509827E-02 
2388	 5.61124252498384E-02 
2389	 5.61461090783274E-02 
2390	 5.62262650196555E-02 
2391	 5.60970929450082E-02 
2392	 5.59758982769469E-02 
2393	 5.58639445617658E-02 
2394	 5.59081897818158E-02 
2395	 5.61224380234154E-02 
2396	 5.61864959345275E-02 
2397	 5.61531836910281E-02 
2398	 5.59280727089535E-02 
2399	 5.58428616508394E-02 
2400	 5.59006304319808E-02 
2401	 5.61339004534948E-02 
2402	 5.64360773587134E-02 
2403	 0.056478610573355 
2404	 5.63482864757036E-02 
2405	 0.055950115654458 
2406	 5.57427438770238E-02 
2407	 5.57621196609751E-02 
2408	 5.56833197688907E-02 
2409	 5.58045458201226E-02 
2410	 5.59134679668036E-02 
2411	 5.58311254911167E-02 
2412	 5.58886674070475E-02 
2413	 5.59348398129821E-02 
2414	 5.56929185224494E-02 
2415	 5.54011479102079E-02 
2416	 5.53157168743025E-02 
2417	 5.54110828561818E-02 
2418	 5.54163369261447E-02 
2419	 5.54581936597228E-02 
2420	 0.055582377516464 
2421	 5.54004526385696E-02 
2422	 5.53310694063528E-02 
2423	 5.54438703662234E-02 
2424	 5.53776747249225E-02 
2425	 5.53583302551738E-02 
2426	 5.55336444102602E-02 
2427	 5.56570837357813E-02 
2428	 5.54192850623576E-02 
2429	 5.56491119806545E-02 
2430	 5.60544140197767E-02 
2431	 5.58352539358002E-02 
2432	 5.59885203396926E-02 
2433	 0.055597274548715 
2434	 0.054763727336593 
2435	 5.50898044098005E-02 
2436	 5.52347780763399E-02 
2437	 5.51229296156908E-02 
2438	 5.53587165952931E-02 
2439	 5.50183215507333E-02 
2440	 5.45978763487252E-02 
2441	 5.47763575000247E-02 
2442	 5.51031841465839E-02 
2443	 5.54017264761693E-02 
2444	 5.58344564441214E-02 
2445	 5.58622524385075E-02 
2446	 0.055522277059559 
2447	 5.50099480238547E-02 
2448	 5.45216852710636E-02 
2449	 5.50655944068676E-02 
2450	 5.59878295168678E-02 
2451	 5.65270920860274E-02 
2452	 5.66754861932264E-02 
2453	 5.59473336345033E-02 
2454	 5.49794604423798E-02 
2455	 0.054947452463939 
2456	 5.55442551231058E-02 
2457	 5.56450436714861E-02 
2458	 5.57265725928721E-02 
2459	 5.57054686734224E-02 
2460	 5.52075632387609E-02 
2461	 0.054078912747502 
2462	 5.41241739902161E-02 
2463	 5.43464014537961E-02 
2464	 5.45206786262752E-02 
2465	 5.63037794963712E-02 
2466	 5.65731162443977E-02 
2467	 5.51012994557927E-02 
2468	 5.45767288557561E-02 
2469	 5.39272036488472E-02 
2470	 5.38202573969743E-02 
2471	 5.50174105748069E-02 
2472	 5.48313132438863E-02 
2473	 0.053812173765892 
2474	 5.31625931317728E-02 
2475	 5.21716646118938E-02 
2476	 5.10763631431812E-02 
2477	 4.93509908133709E-02 
2478	 4.92817431435373E-02 
2479	 4.95477423678528E-02 
2480	 4.97889241317118E-02 
2481	 5.28637069262217E-02 
2482	 5.34201037748861E-02 
2483	 5.14262804905988E-02 
2484	 5.15545863059741E-02 
2485	 5.21020585194179E-02 
2486	 0.052378197686676 
2487	 5.39971253512495E-02 
2488	 5.36588225347498E-02 
2489	 5.12323304218074E-02 
2490	 0.048380834283105 
2491	 4.75518787252108E-02 
2492	 5.13731573719113E-02 
2493	 5.37663374474906E-02 
2494	 5.44299652541299E-02 
2495	 5.56115245495231E-02 
2496	 5.32148564878285E-02 
2497	 0.049678462884345 
2498	 4.94156443430479E-02 
2499	 0.051061081486866 
2500	 5.02087611550467E-02 
