Wavelength	C:\Documents and Settings\All Users\Application Data\ASD\Indico Pro\Projects\McBeth_080818\#3.txt
350	 0.107023925634738 
351	 0.102316578789126 
352	 0.095977679366761 
353	 9.46519389929072E-02 
354	 9.84547721987828E-02 
355	 0.101049594410857 
356	 9.68368380779734E-02 
357	 9.46502054320712E-02 
358	 9.96873936222887E-02 
359	 0.101919123396664 
360	 0.101089622904203 
361	 0.100582370489976 
362	 0.103372724887713 
363	 9.95391306001638E-02 
364	 0.100364791494457 
365	 0.10563047102336 
366	 0.103508436658023 
367	 0.106530521026231 
368	 0.109195731571826 
369	 0.108304572766496 
370	 0.113576398169445 
371	 0.114879036266961 
372	 0.115124133324947 
373	 0.119738144745305 
374	 0.119559523112431 
375	 0.122654628477116 
376	 0.129014575904585 
377	 0.131129626762533 
378	 0.13363441123635 
379	 0.135844741527533 
380	 0.137991405395487 
381	 0.144234244651499 
382	 0.150244702109445 
383	 0.155503123668652 
384	 0.160841324968023 
385	 0.167188617926257 
386	 0.173140392985879 
387	 0.178582631595604 
388	 0.184705461335283 
389	 0.192174604373727 
390	 0.199491066570567 
391	 0.206295314434102 
392	 0.215515077632374 
393	 0.222989855037232 
394	 0.230334676936749 
395	 0.239745056643894 
396	 0.246604499347619 
397	 0.255120321503242 
398	 0.264567387081931 
399	 0.270409706376525 
400	 0.277948220251638 
401	 0.285046992311034 
402	 0.290622836527189 
403	 0.29811614252226 
404	 0.303984431702701 
405	 0.308363096021011 
406	 0.312524851168923 
407	 0.317066771530396 
408	 0.320625794991359 
409	 0.323010908429181 
410	 0.325167218267042 
411	 0.32713243391969 
412	 0.328797599838597 
413	 0.330000309824034 
414	 0.330485241787675 
415	 0.330838955004567 
416	 0.331309985643966 
417	 0.331807909156352 
418	 0.331154079549975 
419	 0.33081837287246 
420	 0.331174951986564 
421	 0.331328566790491 
422	 0.331676025378403 
423	 0.331715843505264 
424	 0.331241877535015 
425	 0.331229828844625 
426	 0.330994911177575 
427	 0.330614656697758 
428	 0.330433922761303 
429	 0.329916870028778 
430	 0.329328327735123 
431	 0.328788158580302 
432	 0.328129416692424 
433	 0.327617801194191 
434	 0.327285273039289 
435	 0.327049337118671 
436	 0.326689286332416 
437	 0.326285523227254 
438	 0.325990733588226 
439	 0.325919033668573 
440	 0.325262925507981 
441	 0.324588002988924 
442	 0.324189042436108 
443	 0.323552944198783 
444	 0.322915741650086 
445	 0.322193413848216 
446	 0.321284340537222 
447	 0.320449280128804 
448	 0.319836995261128 
449	 0.319123431503985 
450	 0.317638907088042 
451	 0.316704121070983 
452	 0.315897820985377 
453	 0.314752465581886 
454	 0.313522755943736 
455	 0.312458445661994 
456	 0.311407371568766 
457	 0.310092110741585 
458	 0.308919408019942 
459	 0.30782389945057 
460	 0.306717636847244 
461	 0.305551947287168 
462	 0.304290713542536 
463	 0.303085442288363 
464	 0.302029396590199 
465	 0.300792766890415 
466	 0.299615059200784 
467	 0.298519113014413 
468	 0.297361451856816 
469	 0.296092653100924 
470	 0.29498115147597 
471	 0.294081871448921 
472	 0.292914238907228 
473	 0.291940913478056 
474	 0.291034810517034 
475	 0.289901010821679 
476	 0.28859488337617 
477	 0.287495579114672 
478	 0.286658113290686 
479	 0.285765587731943 
480	 0.284685544052207 
481	 0.283496393045449 
482	 0.282335324604382 
483	 0.281355454084831 
484	 0.280226328767354 
485	 0.278957377626416 
486	 0.277754733788605 
487	 0.276571953517638 
488	 0.275336149380536 
489	 0.274034146096121 
490	 0.272759224139444 
491	 0.271410867922973 
492	 0.269959566000358 
493	 0.268441793133804 
494	 0.267114262698223 
495	 0.265673011850819 
496	 0.264090487939526 
497	 0.262637813321065 
498	 0.261238129135154 
499	 0.259820712707458 
500	 0.258326261014912 
501	 0.256687693576152 
502	 0.255269558456773 
503	 0.253991269142482 
504	 0.252555459160548 
505	 0.251161337476217 
506	 0.249841763275248 
507	 0.248564121878027 
508	 0.247231620371442 
509	 0.245823757609095 
510	 0.244481252890948 
511	 0.243310810855828 
512	 0.241995342369015 
513	 0.240667150658547 
514	 0.239388892629586 
515	 0.238126631476093 
516	 0.236651604597013 
517	 0.235121594059347 
518	 0.233694331154149 
519	 0.232313967296844 
520	 0.230824502072171 
521	 0.229259813931241 
522	 0.227738392069749 
523	 0.226063287094374 
524	 0.224432247620228 
525	 0.222878243381927 
526	 0.221069633632391 
527	 0.219287332395884 
528	 0.217594489041119 
529	 0.215958495757974 
530	 0.214237299789225 
531	 0.21257242196146 
532	 0.210980593957511 
533	 0.209350660641911 
534	 0.20776518574013 
535	 0.206258741158427 
536	 0.204836858256965 
537	 0.203450067703382 
538	 0.202093859297594 
539	 0.200752388344355 
540	 0.199416545723772 
541	 0.198232850746696 
542	 0.197080860784094 
543	 0.19590323806995 
544	 0.194820353190345 
545	 0.193848278021208 
546	 0.192872108620745 
547	 0.19177291178607 
548	 0.19070604022678 
549	 0.189636896412996 
550	 0.188571497834512 
551	 0.187570950749432 
552	 0.18649223900418 
553	 0.185390501079539 
554	 0.184326421831064 
555	 0.183221404374354 
556	 0.182062493283963 
557	 0.180887077365165 
558	 0.179749380015505 
559	 0.178431240706592 
560	 0.177161415070601 
561	 0.176031981108063 
562	 0.174696004396861 
563	 0.173383675941945 
564	 0.17209703594477 
565	 0.170769004386806 
566	 0.169498864021773 
567	 0.168222486278272 
568	 0.166925398776037 
569	 0.165676255194042 
570	 0.164335477184692 
571	 0.163013633767324 
572	 0.1618210300106 
573	 0.16057956415721 
574	 0.159307911910605 
575	 0.158051295203405 
576	 0.156870044885914 
577	 0.155759675329904 
578	 0.154674955607568 
579	 0.153600313305967 
580	 0.152607840983552 
581	 0.151679638179246 
582	 0.150812577070975 
583	 0.150005077889017 
584	 0.149212166887815 
585	 0.148503656095756 
586	 0.14789633777999 
587	 0.147309951802968 
588	 0.146785696517157 
589	 0.146291007575836 
590	 0.145804979708051 
591	 0.145457841982465 
592	 0.145109733967269 
593	 0.144774314484139 
594	 0.144599508525466 
595	 0.144369106746384 
596	 0.144147126310609 
597	 0.144008947111449 
598	 0.143908255872955 
599	 0.143864094922283 
600	 0.14382882981162 
601	 0.143745424929067 
602	 0.143799314059228 
603	 0.143882763780533 
604	 0.143937120008128 
605	 0.144040545370634 
606	 0.14417198215235 
607	 0.144305314104805 
608	 0.144422656176157 
609	 0.144564623726392 
610	 0.144694392228023 
611	 0.144831185953132 
612	 0.145048810644969 
613	 0.145268462141399 
614	 0.145451171747848 
615	 0.145597536841574 
616	 0.145797257229021 
617	 0.145959245817774 
618	 0.14608957177594 
619	 0.146251147875973 
620	 0.146467287265988 
621	 0.146678322261794 
622	 0.146839834161952 
623	 0.146946229196835 
624	 0.147124871969632 
625	 0.147313222086917 
626	 0.147411007027894 
627	 0.147498684665264 
628	 0.147610733179133 
629	 0.147713342251667 
630	 0.147710943867244 
631	 0.147789322651891 
632	 0.147903061912302 
633	 0.147971028511366 
634	 0.147955038671783 
635	 0.148016596180428 
636	 0.148146287242976 
637	 0.148239790692627 
638	 0.148363420080315 
639	 0.148497768986371 
640	 0.148644049770453 
641	 0.148857949332093 
642	 0.149090554698685 
643	 0.14934710923395 
644	 0.149631353576645 
645	 0.14984271012963 
646	 0.150079488310704 
647	 0.150383198429731 
648	 0.150725782273189 
649	 0.151080851450525 
650	 0.15144137387988 
651	 0.151804118654673 
652	 0.152153709163136 
653	 0.15255236121588 
654	 0.153005308784522 
655	 0.153478459835903 
656	 0.153914274269626 
657	 0.154340292027197 
658	 0.154788158554674 
659	 0.155284979497669 
660	 0.155669069571201 
661	 0.15599628347189 
662	 0.156351880142096 
663	 0.156605077824948 
664	 0.156802312015624 
665	 0.15695563158808 
666	 0.15704102257681 
667	 0.157087038253937 
668	 0.157059745952521 
669	 0.156955275030343 
670	 0.156878878212269 
671	 0.156737029464909 
672	 0.15651547908961 
673	 0.156235886608256 
674	 0.155882734438573 
675	 0.155521723882303 
676	 0.155175477570143 
677	 0.15480109267675 
678	 0.154400327039268 
679	 0.153973145475267 
680	 0.153523742859047 
681	 0.153066094724305 
682	 0.152605249302619 
683	 0.152137406483619 
684	 0.151653991876592 
685	 0.151193921943155 
686	 0.150712720375547 
687	 0.150194934089301 
688	 0.149715890890096 
689	 0.149182973487106 
690	 0.148599452757732 
691	 0.148004505199451 
692	 0.147415344213891 
693	 0.146800730085054 
694	 0.146155117631221 
695	 0.145499982082213 
696	 0.14482852224456 
697	 0.144126842320421 
698	 0.143398791600341 
699	 0.142705455931672 
700	 0.142011723389267 
701	 0.141329126921887 
702	 0.140687220935929 
703	 0.140067741362962 
704	 0.139469322046292 
705	 0.138915473715315 
706	 0.138462278096037 
707	 0.138009536760992 
708	 0.137613058876887 
709	 0.137338840019235 
710	 0.13713364590564 
711	 0.136987387119363 
712	 0.136904189329236 
713	 0.136900950508517 
714	 0.137017345867099 
715	 0.137201434688728 
716	 0.137427207646906 
717	 0.137735524593142 
718	 0.138132430749252 
719	 0.138588807457923 
720	 0.139078681492282 
721	 0.13964953178229 
722	 0.140280824247225 
723	 0.140978689968977 
724	 0.141767064389547 
725	 0.142597601507738 
726	 0.143499546059946 
727	 0.144496348306193 
728	 0.145576755254346 
729	 0.146776681082942 
730	 0.148032436522968 
731	 0.149297736634368 
732	 0.150795152003209 
733	 0.152413363120095 
734	 0.154135407715935 
735	 0.156043077153702 
736	 0.158096412726223 
737	 0.160276721288285 
738	 0.162591602892735 
739	 0.165094948625826 
740	 0.167841808976829 
741	 0.170823071429892 
742	 0.174005217057684 
743	 0.177385869065207 
744	 0.180978946509501 
745	 0.184799818849178 
746	 0.188859847661207 
747	 0.193148625194277 
748	 0.197640261650045 
749	 0.202305275187275 
750	 0.207121626843712 
751	 0.212081570500271 
752	 0.217141057615109 
753	 0.222247517288432 
754	 0.227388867525597 
755	 0.2325197642994 
756	 0.237600130864913 
757	 0.242592061727044 
758	 0.247448437027058 
759	 0.252112255728642 
760	 0.256553415837757 
761	 0.260826109903063 
762	 0.264919844950407 
763	 0.268763471389435 
764	 0.272290387071544 
765	 0.275581849449715 
766	 0.278630615342054 
767	 0.281418051739315 
768	 0.283920088336006 
769	 0.286239358480865 
770	 0.288353020677904 
771	 0.290243623366894 
772	 0.291962769830245 
773	 0.293534628235986 
774	 0.294967937128543 
775	 0.296263745092483 
776	 0.297406982109215 
777	 0.298458809847284 
778	 0.299437155291195 
779	 0.300317569100772 
780	 0.301090904841445 
781	 0.301782042849446 
782	 0.302419066496421 
783	 0.303028243176235 
784	 0.303527511054529 
785	 0.303946684039569 
786	 0.30433660655899 
787	 0.304678631173072 
788	 0.30502083700093 
789	 0.305346248941882 
790	 0.305599843909245 
791	 0.305791076541896 
792	 0.30596118688599 
793	 0.306126085250859 
794	 0.306263657547031 
795	 0.306394009330781 
796	 0.306523216754673 
797	 0.306643836358894 
798	 0.30672893265735 
799	 0.306725947868686 
800	 0.306715167338552 
801	 0.306791918720609 
802	 0.306774770475845 
803	 0.306772125037892 
804	 0.306798396771704 
805	 0.306772186759421 
806	 0.306739572187397 
807	 0.306715198865802 
808	 0.306696261828445 
809	 0.306658094131548 
810	 0.306608917750632 
811	 0.306553218625138 
812	 0.306501528651802 
813	 0.306489995648656 
814	 0.306456219182966 
815	 0.306392341405861 
816	 0.306325998631167 
817	 0.306283707226812 
818	 0.306234259562083 
819	 0.306169166683997 
820	 0.306108319739088 
821	 0.306000207805693 
822	 0.305872556000057 
823	 0.305757246970731 
824	 0.305661347427488 
825	 0.305576180816989 
826	 0.305472789326823 
827	 0.30534437602521 
828	 0.305295742232295 
829	 0.305207428786332 
830	 0.305063528004223 
831	 0.304919033060522 
832	 0.3048272167073 
833	 0.304719934164452 
834	 0.304577109805576 
835	 0.304445385772901 
836	 0.304381411692265 
837	 0.304302075618796 
838	 0.304158396504582 
839	 0.304014550540463 
840	 0.303899238982929 
841	 0.303774705595661 
842	 0.30361905003981 
843	 0.303547914385638 
844	 0.30340984993714 
845	 0.303245214723684 
846	 0.303156335742269 
847	 0.302986680336175 
848	 0.30285351583883 
849	 0.302766429341662 
850	 0.3026314984719 
851	 0.302462258284615 
852	 0.302306011358418 
853	 0.302186039518434 
854	 0.30208120429986 
855	 0.301912549084477 
856	 0.301732590883103 
857	 0.301590923083672 
858	 0.301452137468465 
859	 0.301314346519365 
860	 0.301169557931536 
861	 0.301019566860879 
862	 0.300905766558545 
863	 0.300788114092314 
864	 0.300658288615085 
865	 0.30052888971789 
866	 0.300414543777266 
867	 0.300288966396632 
868	 0.300179087840061 
869	 0.300137057996654 
870	 0.29993698449958 
871	 0.299745455628533 
872	 0.299634796838657 
873	 0.299477014578967 
874	 0.299362472654986 
875	 0.299255088480147 
876	 0.299115284455434 
877	 0.298949223282182 
878	 0.29881854837804 
879	 0.298693223469186 
880	 0.298537697054553 
881	 0.298388989679893 
882	 0.298295609380282 
883	 0.298211694877446 
884	 0.298068580381335 
885	 0.297894244843294 
886	 0.297781965556897 
887	 0.297692614227412 
888	 0.297527408587012 
889	 0.297394251431058 
890	 0.29728229985493 
891	 0.297172122742727 
892	 0.297047631670538 
893	 0.296922978423907 
894	 0.296807424855647 
895	 0.296664993751869 
896	 0.296420355357521 
897	 0.296247979021482 
898	 0.296112094372374 
899	 0.295964076461532 
900	 0.295805962661909 
901	 0.295669052142504 
902	 0.29550423569054 
903	 0.295302960395059 
904	 0.295192600444751 
905	 0.295078231319295 
906	 0.294953301034916 
907	 0.294827390107792 
908	 0.294671460419351 
909	 0.29452447891366 
910	 0.294388931997323 
911	 0.294257739417444 
912	 0.294154252839833 
913	 0.293996279922064 
914	 0.293834985136839 
915	 0.293760676342371 
916	 0.293698902472694 
917	 0.29362119540638 
918	 0.29350056067428 
919	 0.293340209902607 
920	 0.29330201990605 
921	 0.293224262217667 
922	 0.293110664038059 
923	 0.293075643103281 
924	 0.292899179193374 
925	 0.292756822054292 
926	 0.292710800073736 
927	 0.292674542782506 
928	 0.292595689948998 
929	 0.292421129944851 
930	 0.292252029226996 
931	 0.292305376871316 
932	 0.292248714614464 
933	 0.292190875307861 
934	 0.292148468748055 
935	 0.291963915787561 
936	 0.291873279582667 
937	 0.291795730851366 
938	 0.291679624214079 
939	 0.291589904502078 
940	 0.291464833395225 
941	 0.291350392852233 
942	 0.291273356440914 
943	 0.291197394915346 
944	 0.291065931440643 
945	 0.290951834290572 
946	 0.29087642229113 
947	 0.290734771680678 
948	 0.290652987282705 
949	 0.29061628525234 
950	 0.290571869077505 
951	 0.290465658385366 
952	 0.290340335453907 
953	 0.290237808867738 
954	 0.290182013601359 
955	 0.290164038431384 
956	 0.290095196548186 
957	 0.289919007446589 
958	 0.289693114273311 
959	 0.289643407414187 
960	 0.289541587682175 
961	 0.28947956104881 
962	 0.289492845651967 
963	 0.289382682644821 
964	 0.289176329986013 
965	 0.289121414843451 
966	 0.28923102065046 
967	 0.289037985680107 
968	 0.28900992169669 
969	 0.288961396246777 
970	 0.288769545585666 
971	 0.288665459007704 
972	 0.288536960612612 
973	 0.288502864346909 
974	 0.288533454217186 
975	 0.288323135925509 
976	 0.288104522769391 
977	 0.287876375761539 
978	 0.287747177211041 
979	 0.287977292120729 
980	 0.287752154751136 
981	 0.287556455140461 
982	 0.287555397681273 
983	 0.287254254983769 
984	 0.287290412460704 
985	 0.287317223481633 
986	 0.287141413109614 
987	 0.286941769379887 
988	 0.286875516031825 
989	 0.286869367465611 
990	 0.286808089940731 
991	 0.28662118708589 
992	 0.286583930900541 
993	 0.286419617761802 
994	 0.286194577386747 
995	 0.286206494751443 
996	 0.286068088095648 
997	 0.285945048234876 
998	 0.285853850005653 
999	 0.285706153778212 
1000	 0.285563198136733 
1001	 0.28492273161437 
1002	 0.284785675078219 
1003	 0.284663613122446 
1004	 0.284535143483166 
1005	 0.28440771521623 
1006	 0.284290332297161 
1007	 0.284188823897919 
1008	 0.28408896799831 
1009	 0.283996296116812 
1010	 0.283924954987223 
1011	 0.283852047913719 
1012	 0.283764756382681 
1013	 0.283681310845419 
1014	 0.283595123112512 
1015	 0.283492441460635 
1016	 0.283409567069216 
1017	 0.28333634199263 
1018	 0.283291685199013 
1019	 0.283245105763215 
1020	 0.28319484915487 
1021	 0.283129932587084 
1022	 0.283054906397446 
1023	 0.282968874861979 
1024	 0.282895618310108 
1025	 0.28284494754526 
1026	 0.282770613025847 
1027	 0.282701257236523 
1028	 0.282627782300091 
1029	 0.28253731341994 
1030	 0.282474716831358 
1031	 0.282440965428542 
1032	 0.282396175258813 
1033	 0.28236407559541 
1034	 0.282319880672252 
1035	 0.282253307414787 
1036	 0.282148660936821 
1037	 0.282042188461599 
1038	 0.281969055507784 
1039	 0.281879573676005 
1040	 0.281800230842569 
1041	 0.281718289438199 
1042	 0.281590046476452 
1043	 0.281475439947541 
1044	 0.281364735025821 
1045	 0.281250367050297 
1046	 0.281127972964308 
1047	 0.281019382136874 
1048	 0.280920501783378 
1049	 0.280816277266422 
1050	 0.280700738370111 
1051	 0.28058934595926 
1052	 0.280455668999776 
1053	 0.28031868373738 
1054	 0.280209728025061 
1055	 0.280069941494199 
1056	 0.279915501571363 
1057	 0.279773759792218 
1058	 0.27961351450064 
1059	 0.279448743523783 
1060	 0.2792967504749 
1061	 0.279172190569943 
1062	 0.279018597432923 
1063	 0.278850397068698 
1064	 0.278693125307368 
1065	 0.278528057554439 
1066	 0.278337657711309 
1067	 0.278159806628286 
1068	 0.277976448191977 
1069	 0.277799047097716 
1070	 0.277619771967695 
1071	 0.277424599212526 
1072	 0.277241575070837 
1073	 0.27704397146063 
1074	 0.276833259495569 
1075	 0.276616078633569 
1076	 0.276389278170027 
1077	 0.27616965692189 
1078	 0.275931875156235 
1079	 0.275720721531398 
1080	 0.275530893116255 
1081	 0.275328210934489 
1082	 0.275138418869527 
1083	 0.27496267046186 
1084	 0.27480696174079 
1085	 0.274674927893864 
1086	 0.274551781814907 
1087	 0.2744467098284 
1088	 0.274347419229177 
1089	 0.274247155639838 
1090	 0.274171933169379 
1091	 0.274118128148637 
1092	 0.274067940527755 
1093	 0.274025910130491 
1094	 0.273997500114387 
1095	 0.273980906505686 
1096	 0.273971472118978 
1097	 0.273964789470958 
1098	 0.273983622947165 
1099	 0.27399311728294 
1100	 0.273989407386653 
1101	 0.273989777165397 
1102	 0.273988542227376 
1103	 0.274002637122476 
1104	 0.274021639451305 
1105	 0.274048598254362 
1106	 0.274093234557521 
1107	 0.274129262340711 
1108	 0.274159692581514 
1109	 0.274201514320492 
1110	 0.274254293795745 
1111	 0.274295668947522 
1112	 0.274343422995528 
1113	 0.274380369938291 
1114	 0.274399456819841 
1115	 0.274428938718478 
1116	 0.274445426084406 
1117	 0.274467345260855 
1118	 0.274490722713569 
1119	 0.274492260017791 
1120	 0.274491533331381 
1121	 0.274474875652957 
1122	 0.274472858430984 
1123	 0.274478812610102 
1124	 0.274470640365503 
1125	 0.274469789545969 
1126	 0.274455010342098 
1127	 0.27441662703397 
1128	 0.274383377125905 
1129	 0.274348442119551 
1130	 0.274317342295264 
1131	 0.274271123715083 
1132	 0.274227236867764 
1133	 0.274182138336856 
1134	 0.274123161996043 
1135	 0.274067919831858 
1136	 0.274008932510896 
1137	 0.273957239904497 
1138	 0.273900259952782 
1139	 0.273857396762532 
1140	 0.273829831928858 
1141	 0.273791796753499 
1142	 0.273756320007239 
1143	 0.273719886556753 
1144	 0.273679423420681 
1145	 0.273639370354439 
1146	 0.273597315712188 
1147	 0.273560477271937 
1148	 0.273532276618814 
1149	 0.273495048988348 
1150	 0.27346138987412 
1151	 0.273434110212859 
1152	 0.273398166211565 
1153	 0.273347462773034 
1154	 0.273317934148713 
1155	 0.273300345643929 
1156	 0.273270779610034 
1157	 0.273251459552033 
1158	 0.273218608699794 
1159	 0.273168807022373 
1160	 0.273126670564565 
1161	 0.273082331267472 
1162	 0.27304026588169 
1163	 0.273006802002103 
1164	 0.272962790166234 
1165	 0.272921033493782 
1166	 0.272864343437963 
1167	 0.272806477817439 
1168	 0.272736697500175 
1169	 0.27267457113643 
1170	 0.27261524334994 
1171	 0.272548609946031 
1172	 0.272472280392429 
1173	 0.272411123217168 
1174	 0.2723515871925 
1175	 0.272293820295113 
1176	 0.272251984853631 
1177	 0.272199498673073 
1178	 0.272128830731859 
1179	 0.27207872471731 
1180	 0.272040022232708 
1181	 0.271998851316418 
1182	 0.271973718099499 
1183	 0.27193851877014 
1184	 0.271898833106571 
1185	 0.271850814690464 
1186	 0.271808844663976 
1187	 0.271763238940433 
1188	 0.271726069932101 
1189	 0.271695958628855 
1190	 0.271660087952261 
1191	 0.271632840094141 
1192	 0.271588386434157 
1193	 0.271527889243127 
1194	 0.271478467907058 
1195	 0.271422193091836 
1196	 0.271373177882711 
1197	 0.271336205591463 
1198	 0.271293423778027 
1199	 0.271246727962918 
1200	 0.271203300429321 
1201	 0.271158274283888 
1202	 0.271117946365925 
1203	 0.271080732357617 
1204	 0.271051207829212 
1205	 0.271009463264961 
1206	 0.270969648596595 
1207	 0.270918903530565 
1208	 0.270855727699533 
1209	 0.2707963511335 
1210	 0.270732790713898 
1211	 0.27067084059784 
1212	 0.270614256786933 
1213	 0.270545227281164 
1214	 0.270476973486489 
1215	 0.270394408677929 
1216	 0.270295383722369 
1217	 0.27019653074023 
1218	 0.270095687652575 
1219	 0.269982525943332 
1220	 0.2698516723913 
1221	 0.2697297245826 
1222	 0.269611367647237 
1223	 0.26948714567445 
1224	 0.269366463865007 
1225	 0.269255150101318 
1226	 0.269141800817554 
1227	 0.269023055845357 
1228	 0.268907653788081 
1229	 0.268796684054263 
1230	 0.268688979623453 
1231	 0.268578628114536 
1232	 0.268473126562791 
1233	 0.268374860927591 
1234	 0.268279145609844 
1235	 0.268175515570177 
1236	 0.268089721751139 
1237	 0.268018870109381 
1238	 0.267949161369566 
1239	 0.267893938192226 
1240	 0.267838158622253 
1241	 0.267769646303428 
1242	 0.267692994229811 
1243	 0.267627611154229 
1244	 0.267556394705595 
1245	 0.267495312672428 
1246	 0.267447486584425 
1247	 0.267394768702889 
1248	 0.26734254312502 
1249	 0.267287204547029 
1250	 0.267240780373594 
1251	 0.267176854223956 
1252	 0.267094996442417 
1253	 0.26702525221807 
1254	 0.26694427820057 
1255	 0.26687780373295 
1256	 0.266829881862019 
1257	 0.266774530733837 
1258	 0.26672735131732 
1259	 0.266670577518171 
1260	 0.266611958739086 
1261	 0.266537834670277 
1262	 0.266471843363266 
1263	 0.266402775637485 
1264	 0.266332758927523 
1265	 0.266262399986425 
1266	 0.266197067848222 
1267	 0.266134252152576 
1268	 0.266062614062947 
1269	 0.265996645629444 
1270	 0.265918051671674 
1271	 0.265822111545344 
1272	 0.2657360195451 
1273	 0.265654019843605 
1274	 0.26556367309667 
1275	 0.265463296866437 
1276	 0.265375763378619 
1277	 0.265300775027881 
1278	 0.265210074698525 
1279	 0.265116678514104 
1280	 0.265022205260935 
1281	 0.264933982480219 
1282	 0.264840864382004 
1283	 0.264778290139767 
1284	 0.264723279654526 
1285	 0.264643501703094 
1286	 0.264546125345004 
1287	 0.264466011638136 
1288	 0.264375306632994 
1289	 0.264303661086159 
1290	 0.264256038735331 
1291	 0.26419242311449 
1292	 0.264130317780885 
1293	 0.264059737018357 
1294	 0.263976639995044 
1295	 0.26390432480613 
1296	 0.263830467677392 
1297	 0.263763052006438 
1298	 0.263710756073787 
1299	 0.263645209726013 
1300	 0.263571952431696 
1301	 0.263503273168207 
1302	 0.263431422668522 
1303	 0.263358125848747 
1304	 0.263295938273536 
1305	 0.263235914888197 
1306	 0.263178376517613 
1307	 0.263122806150826 
1308	 0.263063960777044 
1309	 0.263007249302076 
1310	 0.262943067872062 
1311	 0.262866141594814 
1312	 0.26281011079121 
1313	 0.262764147008749 
1314	 0.262710552280598 
1315	 0.262663467124742 
1316	 0.262615761250665 
1317	 0.262557884093587 
1318	 0.262508425590959 
1319	 0.262469484152399 
1320	 0.262429591145644 
1321	 0.262390688547503 
1322	 0.262350483300647 
1323	 0.262316997521202 
1324	 0.262276642382176 
1325	 0.262229947445142 
1326	 0.262179088182286 
1327	 0.26214717380452 
1328	 0.26210819688097 
1329	 0.262067892085588 
1330	 0.262031328719046 
1331	 0.261983136932186 
1332	 0.261915954625082 
1333	 0.261870389063155 
1334	 0.261832381253331 
1335	 0.261790632857515 
1336	 0.26175504606457 
1337	 0.261715308860391 
1338	 0.261676577532503 
1339	 0.261630309318502 
1340	 0.261574813368059 
1341	 0.261529689622175 
1342	 0.261483181498091 
1343	 0.261437581532976 
1344	 0.261404819692351 
1345	 0.261364643639288 
1346	 0.261312267407734 
1347	 0.261267962148733 
1348	 0.261225968165095 
1349	 0.261187897274919 
1350	 0.261152556076319 
1351	 0.26110889528507 
1352	 0.26105566058438 
1353	 0.261011459841167 
1354	 0.260976465652548 
1355	 0.260946963416952 
1356	 0.260916674816904 
1357	 0.260874586385053 
1358	 0.260829348439196 
1359	 0.260769238035855 
1360	 0.260719120969858 
1361	 0.260669869721257 
1362	 0.260626639181072 
1363	 0.260584132660042 
1364	 0.260542952109285 
1365	 0.260509365403275 
1366	 0.260472813385877 
1367	 0.26043591973733 
1368	 0.260400135375608 
1369	 0.26036540271602 
1370	 0.260327241082247 
1371	 0.260286619815822 
1372	 0.260248620461223 
1373	 0.260210154898437 
1374	 0.260173320614083 
1375	 0.260142371279416 
1376	 0.260101010340033 
1377	 0.260064630968381 
1378	 0.260029194462472 
1379	 0.259993705163477 
1380	 0.259967672593767 
1381	 0.259919574826254 
1382	 0.259857305484886 
1383	 0.25978747774099 
1384	 0.259701087863285 
1385	 0.259626738865468 
1386	 0.259559273737617 
1387	 0.259482694536734 
1388	 0.259401306755878 
1389	 0.259323369148042 
1390	 0.25923651090065 
1391	 0.259163809196618 
1392	 0.259095361739022 
1393	 0.259039181099684 
1394	 0.259000977450083 
1395	 0.25894885221577 
1396	 0.258903649481441 
1397	 0.258850673909725 
1398	 0.258785838095468 
1399	 0.258723410255608 
1400	 0.258663925560958 
1401	 0.258596612333231 
1402	 0.25852502851464 
1403	 0.25844910871576 
1404	 0.258367683922647 
1405	 0.258285632981209 
1406	 0.258195961511396 
1407	 0.258103264249277 
1408	 0.25799642004002 
1409	 0.25788656512968 
1410	 0.257787204705336 
1411	 0.257685508032542 
1412	 0.257591510772704 
1413	 0.257502944375345 
1414	 0.257412875495765 
1415	 0.257324680869399 
1416	 0.257239226569227 
1417	 0.257162499380786 
1418	 0.257079280115309 
1419	 0.256989966435998 
1420	 0.256908013855822 
1421	 0.2568283437376 
1422	 0.256748536997874 
1423	 0.256676238662844 
1424	 0.256596331666094 
1425	 0.256507813248884 
1426	 0.256430199996965 
1427	 0.256355438541037 
1428	 0.256279059305907 
1429	 0.256215775047411 
1430	 0.256135975633116 
1431	 0.256040077051758 
1432	 0.255955049852168 
1433	 0.255866055242986 
1434	 0.255780772951433 
1435	 0.255701014582536 
1436	 0.255623770518768 
1437	 0.255545297889243 
1438	 0.255473307584615 
1439	 0.255412482952171 
1440	 0.255349602422158 
1441	 0.255281899208168 
1442	 0.255227686831023 
1443	 0.255178060659764 
1444	 0.255125712927078 
1445	 0.25508255727788 
1446	 0.255035921140319 
1447	 0.254974003938193 
1448	 0.254923940366382 
1449	 0.254887671983233 
1450	 0.254845888400972 
1451	 0.254802458459395 
1452	 0.254762944714993 
1453	 0.254723483891374 
1454	 0.254682099213308 
1455	 0.254636100022452 
1456	 0.254597527676792 
1457	 0.254542905758981 
1458	 0.254468289657834 
1459	 0.25440809061792 
1460	 0.254345887011337 
1461	 0.254290409975594 
1462	 0.254249078115737 
1463	 0.254190859718946 
1464	 0.254121739488303 
1465	 0.254065623535877 
1466	 0.254006711298878 
1467	 0.253950525946523 
1468	 0.253907636600212 
1469	 0.253858754023625 
1470	 0.253797764134242 
1471	 0.2537500707172 
1472	 0.253719201574204 
1473	 0.253671093132695 
1474	 0.253611094409782 
1475	 0.253568046814379 
1476	 0.253526549835168 
1477	 0.253480090279326 
1478	 0.253459339235341 
1479	 0.253436383542801 
1480	 0.253396207559963 
1481	 0.253366054836069 
1482	 0.253337851376378 
1483	 0.253309551818134 
1484	 0.253286326149543 
1485	 0.253261425204602 
1486	 0.253229556376401 
1487	 0.253195208934296 
1488	 0.253161918388428 
1489	 0.253126174664534 
1490	 0.253093273128337 
1491	 0.253074836732581 
1492	 0.253067737186729 
1493	 0.253062531189518 
1494	 0.253051226997871 
1495	 0.253045450693736 
1496	 0.253026652778727 
1497	 0.252991233655722 
1498	 0.252976348970281 
1499	 0.252966017072764 
1500	 0.252957417360494 
1501	 0.252955507150611 
1502	 0.252955010098748 
1503	 0.252959761412953 
1504	 0.252959381069055 
1505	 0.252966757759622 
1506	 0.252963265144155 
1507	 0.25293993707146 
1508	 0.252934435085433 
1509	 0.252937200783453 
1510	 0.2529339816014 
1511	 0.252942584827876 
1512	 0.252939493590581 
1513	 0.252919075071583 
1514	 0.25291249822226 
1515	 0.252918134611563 
1516	 0.252903801034311 
1517	 0.252883056194593 
1518	 0.2528656526187 
1519	 0.252834290332217 
1520	 0.252808064650817 
1521	 0.252794357033088 
1522	 0.252769092524604 
1523	 0.252729735588996 
1524	 0.252700585400533 
1525	 0.252670656392356 
1526	 0.252645026964121 
1527	 0.252627025574553 
1528	 0.25260804770031 
1529	 0.25258770960779 
1530	 0.252571859284997 
1531	 0.252561274201603 
1532	 0.252555028031777 
1533	 0.252534686871776 
1534	 0.252519502205193 
1535	 0.252498585768608 
1536	 0.252471086730672 
1537	 0.252456995117089 
1538	 0.252439421076599 
1539	 0.252427054832308 
1540	 0.252412667267431 
1541	 0.252391181505113 
1542	 0.252377544755739 
1543	 0.252362309250573 
1544	 0.252342719569596 
1545	 0.252329215340808 
1546	 0.252319540856334 
1547	 0.25230643232091 
1548	 0.252285362519596 
1549	 0.252267240040438 
1550	 0.252250420419962 
1551	 0.252226855193437 
1552	 0.252196568311664 
1553	 0.252178721930913 
1554	 0.252156173882909 
1555	 0.252145712022575 
1556	 0.252149238308681 
1557	 0.252152085067347 
1558	 0.252161373137262 
1559	 0.252163601273797 
1560	 0.252167009058125 
1561	 0.252170377982495 
1562	 0.252168715514756 
1563	 0.252173368184024 
1564	 0.252188353526399 
1565	 0.252187888141595 
1566	 0.252184250725666 
1567	 0.252171521547753 
1568	 0.252146025889944 
1569	 0.252125004791674 
1570	 0.252096412994214 
1571	 0.252076286486526 
1572	 0.252055763048587 
1573	 0.252043807712382 
1574	 0.252043280835877 
1575	 0.252035405913555 
1576	 0.25202944552289 
1577	 0.252021893683949 
1578	 0.25201260611394 
1579	 0.252000494785144 
1580	 0.251984062012048 
1581	 0.251975902869012 
1582	 0.251964677398472 
1583	 0.251962377556575 
1584	 0.251972554992797 
1585	 0.251980197807629 
1586	 0.251989728969547 
1587	 0.251997261024723 
1588	 0.251999755421992 
1589	 0.252014439404003 
1590	 0.252029645315218 
1591	 0.252061449101657 
1592	 0.252118241742021 
1593	 0.252156585692142 
1594	 0.252182969261557 
1595	 0.252231369155811 
1596	 0.252299131172145 
1597	 0.252341349720917 
1598	 0.252391888331488 
1599	 0.2524286410107 
1600	 0.252421724532325 
1601	 0.252444207930297 
1602	 0.25248636421226 
1603	 0.252522368181475 
1604	 0.252561005038241 
1605	 0.252602569552181 
1606	 0.252646204550569 
1607	 0.252689698645998 
1608	 0.252739609005949 
1609	 0.252782154737164 
1610	 0.252816690022824 
1611	 0.252858255046829 
1612	 0.252901492017941 
1613	 0.252944095321495 
1614	 0.252999664451776 
1615	 0.253036236731845 
1616	 0.253056067036887 
1617	 0.253083047853552 
1618	 0.253105397599146 
1619	 0.253123857496436 
1620	 0.25314497206186 
1621	 0.253163018953495 
1622	 0.253170086113861 
1623	 0.253182922787532 
1624	 0.253199692326472 
1625	 0.253215709217682 
1626	 0.253228361989634 
1627	 0.253247450482246 
1628	 0.253279420821599 
1629	 0.25329838673883 
1630	 0.253308680619391 
1631	 0.253326375078425 
1632	 0.253331899917695 
1633	 0.25335211550245 
1634	 0.253391555867959 
1635	 0.253425940857962 
1636	 0.253468134747303 
1637	 0.253501252226271 
1638	 0.253516118677092 
1639	 0.253554370161483 
1640	 0.253600404263108 
1641	 0.253649817239605 
1642	 0.253720850954391 
1643	 0.253785403248605 
1644	 0.253848836776466 
1645	 0.253908660445775 
1646	 0.253973254235892 
1647	 0.254027941482079 
1648	 0.254076812886262 
1649	 0.254116589252454 
1650	 0.254157619147779 
1651	 0.25417558777345 
1652	 0.254174598679376 
1653	 0.254166181613017 
1654	 0.254141892753767 
1655	 0.254106274242993 
1656	 0.254048301762105 
1657	 0.254003400047592 
1658	 0.253966561400522 
1659	 0.253904850359997 
1660	 0.253839226150248 
1661	 0.253765654353964 
1662	 0.253665359179855 
1663	 0.253566006185658 
1664	 0.253458493639412 
1665	 0.253364456458724 
1666	 0.253267524450233 
1667	 0.253174376479527 
1668	 0.253105738923849 
1669	 0.253018412891287 
1670	 0.252912242317787 
1671	 0.252817110824162 
1672	 0.252708196904375 
1673	 0.252627569546358 
1674	 0.252552248376322 
1675	 0.252508737916575 
1676	 0.252495761102555 
1677	 0.252494824889121 
1678	 0.252517833788982 
1679	 0.252554312635842 
1680	 0.252597533636718 
1681	 0.252673352205001 
1682	 0.252783463042194 
1683	 0.252896144281567 
1684	 0.253040183902034 
1685	 0.253174218061309 
1686	 0.253311901563417 
1687	 0.253446769853796 
1688	 0.253575432173223 
1689	 0.2537184881475 
1690	 0.253874814418537 
1691	 0.254016306913261 
1692	 0.254167306556535 
1693	 0.254301080549678 
1694	 0.25441338648779 
1695	 0.254529533435283 
1696	 0.254622968978913 
1697	 0.254757544797861 
1698	 0.254915271726094 
1699	 0.255061327806583 
1700	 0.255239564801121 
1701	 0.255388224444536 
1702	 0.255502537812357 
1703	 0.255639850451226 
1704	 0.255781962427067 
1705	 0.255925296574732 
1706	 0.256083146168766 
1707	 0.256222307104726 
1708	 0.256353231122871 
1709	 0.256484520545228 
1710	 0.256602391015569 
1711	 0.256728430639285 
1712	 0.256847260732482 
1713	 0.256998767356217 
1714	 0.257164734801332 
1715	 0.257338948113816 
1716	 0.257535832048398 
1717	 0.257738779965989 
1718	 0.257945311506015 
1719	 0.258162679345784 
1720	 0.258400913323292 
1721	 0.258635755575088 
1722	 0.258881124563593 
1723	 0.259103259621604 
1724	 0.259332973996413 
1725	 0.259524875135448 
1726	 0.259700242000888 
1727	 0.259817364446377 
1728	 0.259906180807118 
1729	 0.259937712919853 
1730	 0.259922192425677 
1731	 0.259854037688385 
1732	 0.259747855244521 
1733	 0.259591658773157 
1734	 0.259405178411996 
1735	 0.25922406285776 
1736	 0.259031767269535 
1737	 0.258839162336856 
1738	 0.258659956921536 
1739	 0.25847603251188 
1740	 0.258295370567092 
1741	 0.258126194286014 
1742	 0.257950899442309 
1743	 0.257761088198245 
1744	 0.257597084439271 
1745	 0.257425797320637 
1746	 0.257293273509967 
1747	 0.25720476154397 
1748	 0.257118435324121 
1749	 0.257046880642364 
1750	 0.25700153470815 
1751	 0.256963943310307 
1752	 0.256960098859034 
1753	 0.256992379114464 
1754	 0.257037667514613 
1755	 0.257114354343058 
1756	 0.257193092515244 
1757	 0.257280828131442 
1758	 0.257394263925393 
1759	 0.257553082139692 
1760	 0.257663568837833 
1761	 0.25777901996215 
1762	 0.257869564841634 
1763	 0.257928984054588 
1764	 0.257955546943642 
1765	 0.257977674590153 
1766	 0.257950323274585 
1767	 0.257857570128833 
1768	 0.257776442784738 
1769	 0.257665559254996 
1770	 0.257575845223876 
1771	 0.257480910442439 
1772	 0.257394645155152 
1773	 0.257316443459982 
1774	 0.257252974608795 
1775	 0.257188757828066 
1776	 0.257164992570852 
1777	 0.257144522567328 
1778	 0.257153677028861 
1779	 0.257184747270436 
1780	 0.257231323223565 
1781	 0.257277213424829 
1782	 0.257313810376191 
1783	 0.257362760652546 
1784	 0.257384759716897 
1785	 0.2573864847257 
1786	 0.257393434913697 
1787	 0.257384203226467 
1788	 0.257363069260504 
1789	 0.257382940592187 
1790	 0.257416384885493 
1791	 0.257413881309389 
1792	 0.257463103664986 
1793	 0.257506362940683 
1794	 0.257556304921918 
1795	 0.257598557954869 
1796	 0.257614729818608 
1797	 0.257659489676307 
1798	 0.257717387987335 
1799	 0.257779836792679 
1800	 0.257881074855958 
1801	 0.256090064101247 
1802	 0.256143762284777 
1803	 0.25618423265684 
1804	 0.256233248377178 
1805	 0.256307511570687 
1806	 0.256385783964711 
1807	 0.256455137118235 
1808	 0.256526150358387 
1809	 0.256596737152597 
1810	 0.25666751933886 
1811	 0.256734161093668 
1812	 0.256811485532266 
1813	 0.256899786835621 
1814	 0.256966671752141 
1815	 0.257018027176807 
1816	 0.257070472271351 
1817	 0.257120147748727 
1818	 0.257161061296312 
1819	 0.257193241276482 
1820	 0.257227840344806 
1821	 0.257266087173263 
1822	 0.257302353437814 
1823	 0.25735296092637 
1824	 0.257408031515876 
1825	 0.257454699438573 
1826	 0.257509509495701 
1827	 0.257574533378287 
1828	 0.257643192950566 
1829	 0.257720107433091 
1830	 0.257806219940877 
1831	 0.257888428449539 
1832	 0.257954172493382 
1833	 0.258020206056422 
1834	 0.258082381007415 
1835	 0.258126542494714 
1836	 0.258177341119311 
1837	 0.258223358944784 
1838	 0.258264699815785 
1839	 0.258298678383971 
1840	 0.258342940635576 
1841	 0.258380212667595 
1842	 0.258410726805505 
1843	 0.258456924044047 
1844	 0.258513030070714 
1845	 0.258557584188486 
1846	 0.25861113420897 
1847	 0.258682106018333 
1848	 0.258736386559433 
1849	 0.258778519995148 
1850	 0.258837894928121 
1851	 0.258889558457135 
1852	 0.258937971515091 
1853	 0.258992307162248 
1854	 0.259033830837346 
1855	 0.259097575946347 
1856	 0.259144609720484 
1857	 0.259181240332185 
1858	 0.259226584878872 
1859	 0.259253939396427 
1860	 0.259254632545445 
1861	 0.259254118416861 
1862	 0.259269750471752 
1863	 0.259253447991892 
1864	 0.259246357047292 
1865	 0.259253430594781 
1866	 0.25924505374647 
1867	 0.259226897784668 
1868	 0.259214361522816 
1869	 0.259201296957175 
1870	 0.25917761461068 
1871	 0.259141329937392 
1872	 0.259129298833156 
1873	 0.259105769380272 
1874	 0.259071186503296 
1875	 0.259053750528172 
1876	 0.259032184670468 
1877	 0.258990110836564 
1878	 0.258944606248366 
1879	 0.258874219375476 
1880	 0.258777086391819 
1881	 0.258673300254104 
1882	 0.258547431416496 
1883	 0.258429472505157 
1884	 0.258292757004749 
1885	 0.258151900052523 
1886	 0.257978925424573 
1887	 0.257769373637981 
1888	 0.257566008182993 
1889	 0.257340467849972 
1890	 0.257118965284332 
1891	 0.256909660133706 
1892	 0.256680576183681 
1893	 0.25644231090877 
1894	 0.256179284212147 
1895	 0.25591021773076 
1896	 0.255645393828568 
1897	 0.255393178875148 
1898	 0.255138708200117 
1899	 0.254908896162422 
1900	 0.254701328277071 
1901	 0.254489232473942 
1902	 0.254284144121342 
1903	 0.254091200579851 
1904	 0.253906932361123 
1905	 0.253724086003336 
1906	 0.25354786811888 
1907	 0.253387375134709 
1908	 0.253242946948372 
1909	 0.253100010713204 
1910	 0.252983680288661 
1911	 0.252894688172942 
1912	 0.252815507285709 
1913	 0.252745797467882 
1914	 0.252699099445366 
1915	 0.252674700572599 
1916	 0.252668659131753 
1917	 0.252661439560152 
1918	 0.252667309361561 
1919	 0.252681878710158 
1920	 0.252704018769197 
1921	 0.252729096593981 
1922	 0.252764508417696 
1923	 0.252807782909717 
1924	 0.252854879025517 
1925	 0.252905471268401 
1926	 0.252960659489433 
1927	 0.253036747848271 
1928	 0.253102781598884 
1929	 0.253168179814969 
1930	 0.253235500075012 
1931	 0.253307781565524 
1932	 0.25337504630732 
1933	 0.253446082374139 
1934	 0.25350463787381 
1935	 0.25354961499934 
1936	 0.253604646789541 
1937	 0.253648515954622 
1938	 0.253706992097073 
1939	 0.253776709325728 
1940	 0.253851721343345 
1941	 0.253934680884237 
1942	 0.254022910756638 
1943	 0.254120489956069 
1944	 0.254238273015745 
1945	 0.254339868981097 
1946	 0.254446200378451 
1947	 0.254543175888327 
1948	 0.254621234373597 
1949	 0.254713523542823 
1950	 0.254815508069605 
1951	 0.254905284306568 
1952	 0.25500450041407 
1953	 0.255120207116279 
1954	 0.255207059711513 
1955	 0.255285896711655 
1956	 0.255357149466547 
1957	 0.255401126882028 
1958	 0.255464109976001 
1959	 0.255533629377852 
1960	 0.255598778114473 
1961	 0.255655819441524 
1962	 0.255729837247555 
1963	 0.255810636903996 
1964	 0.255891392695201 
1965	 0.255983304406644 
1966	 0.256099058169534 
1967	 0.256197856819595 
1968	 0.256286601107005 
1969	 0.256389275757126 
1970	 0.256500483030023 
1971	 0.256605124803983 
1972	 0.256712210612542 
1973	 0.256822009271756 
1974	 0.256923216237102 
1975	 0.257036067264024 
1976	 0.257144174974284 
1977	 0.257254750091294 
1978	 0.257372559409752 
1979	 0.257499332182101 
1980	 0.257609513052645 
1981	 0.257717731092522 
1982	 0.257829418372954 
1983	 0.257933976645868 
1984	 0.258033212074919 
1985	 0.258120959034387 
1986	 0.258232426774463 
1987	 0.258350773688263 
1988	 0.258462142580902 
1989	 0.258590741550713 
1990	 0.258752927781204 
1991	 0.258890436332188 
1992	 0.259016508190702 
1993	 0.259149504147517 
1994	 0.25930080859289 
1995	 0.259419242551955 
1996	 0.259508843641823 
1997	 0.259619103925621 
1998	 0.259732829781698 
1999	 0.25982791993848 
2000	 0.259935824487974 
2001	 0.260024492267808 
2002	 0.260101543534999 
2003	 0.260147467295196 
2004	 0.260201251484559 
2005	 0.260260713464931 
2006	 0.260301844087311 
2007	 0.260337213606885 
2008	 0.260346998134599 
2009	 0.260339958597404 
2010	 0.260319279626171 
2011	 0.260265059045564 
2012	 0.260215848868558 
2013	 0.260151303887564 
2014	 0.260094505366927 
2015	 0.260044705305261 
2016	 0.26000081245534 
2017	 0.259946726218136 
2018	 0.259904821408178 
2019	 0.259841465047457 
2020	 0.259752366593422 
2021	 0.259681458581553 
2022	 0.2596138835213 
2023	 0.259537408410812 
2024	 0.259464045761031 
2025	 0.259387896842871 
2026	 0.259293207403216 
2027	 0.259216120817528 
2028	 0.259138812233419 
2029	 0.259080490803265 
2030	 0.258981834155137 
2031	 0.25886988136049 
2032	 0.258753268171764 
2033	 0.258607747753011 
2034	 0.258474240855013 
2035	 0.258345131249612 
2036	 0.258213090183417 
2037	 0.258084238510918 
2038	 0.257940031473826 
2039	 0.257784215140369 
2040	 0.257631522198658 
2041	 0.257487002824709 
2042	 0.257319640046136 
2043	 0.257157175634359 
2044	 0.256996673798493 
2045	 0.256844480560361 
2046	 0.256687522252199 
2047	 0.256533269148826 
2048	 0.256395230942743 
2049	 0.256244972152358 
2050	 0.256084851865308 
2051	 0.255924638895015 
2052	 0.255766137371658 
2053	 0.255602863231861 
2054	 0.255432484424202 
2055	 0.255260397339085 
2056	 0.255087849491846 
2057	 0.254914654526171 
2058	 0.254740560422257 
2059	 0.254567109349012 
2060	 0.254385546088496 
2061	 0.254187888679852 
2062	 0.254017749012377 
2063	 0.253849169615473 
2064	 0.253690844378687 
2065	 0.253557893409846 
2066	 0.253421955274173 
2067	 0.253286085206134 
2068	 0.253156764309896 
2069	 0.253037556355166 
2070	 0.252907296710895 
2071	 0.252778028891495 
2072	 0.252636085813419 
2073	 0.25252244912663 
2074	 0.252409501831261 
2075	 0.252324943732699 
2076	 0.252273414881178 
2077	 0.252209685328131 
2078	 0.252152558242133 
2079	 0.252105813643357 
2080	 0.25205913953165 
2081	 0.252028657502276 
2082	 0.252013126654329 
2083	 0.252011730670131 
2084	 0.252010348119529 
2085	 0.252010073098253 
2086	 0.252047749042752 
2087	 0.252066425229158 
2088	 0.252071304848252 
2089	 0.252076818021822 
2090	 0.252074666496322 
2091	 0.252036698955608 
2092	 0.252035170536526 
2093	 0.252056662293192 
2094	 0.252063536395755 
2095	 0.25206761800131 
2096	 0.25208775714749 
2097	 0.2521111210415 
2098	 0.252135158351504 
2099	 0.252165349219946 
2100	 0.252207048583349 
2101	 0.252249420671127 
2102	 0.252317008382873 
2103	 0.252391783910898 
2104	 0.252502236476006 
2105	 0.252574335736625 
2106	 0.25262853708692 
2107	 0.252704058272275 
2108	 0.252787902052408 
2109	 0.252856990585678 
2110	 0.252921245316993 
2111	 0.252998157890366 
2112	 0.253068080351001 
2113	 0.25313860624712 
2114	 0.253213432931356 
2115	 0.253315763974818 
2116	 0.253394161398577 
2117	 0.253467149291014 
2118	 0.253555232761082 
2119	 0.25362482388454 
2120	 0.253685967120592 
2121	 0.253734564623298 
2122	 0.253777495993969 
2123	 0.253804266035183 
2124	 0.253843162893634 
2125	 0.253869477032357 
2126	 0.253917142048522 
2127	 0.254006803252492 
2128	 0.25404408332923 
2129	 0.254109188567227 
2130	 0.254090406334163 
2131	 0.253969319769139 
2132	 0.253885265335854 
2133	 0.253780183381923 
2134	 0.253646880543332 
2135	 0.253540063094666 
2136	 0.253463090467484 
2137	 0.253356162357677 
2138	 0.253239326304586 
2139	 0.253146743222848 
2140	 0.253036759135828 
2141	 0.253003238567823 
2142	 0.253017006837193 
2143	 0.253038066559122 
2144	 0.253122774679216 
2145	 0.253183432896769 
2146	 0.253236317852297 
2147	 0.253302627113623 
2148	 0.253402735144022 
2149	 0.253472287357268 
2150	 0.253545176036402 
2151	 0.253585390015674 
2152	 0.253585898610681 
2153	 0.253631425503943 
2154	 0.253656709900475 
2155	 0.25365163993818 
2156	 0.25363068890204 
2157	 0.253584381177183 
2158	 0.253539876364047 
2159	 0.253460280421672 
2160	 0.253437102538297 
2161	 0.253435947661948 
2162	 0.253438251976606 
2163	 0.253462868077839 
2164	 0.253485002658359 
2165	 0.253485947374847 
2166	 0.25354756300923 
2167	 0.253642065296304 
2168	 0.253753239907322 
2169	 0.253922211236079 
2170	 0.254080419268234 
2171	 0.254233020977734 
2172	 0.254415931553801 
2173	 0.254632142899174 
2174	 0.254817645793179 
2175	 0.255028777975526 
2176	 0.255225171499775 
2177	 0.25538356608388 
2178	 0.255517807084089 
2179	 0.255639005595029 
2180	 0.255735044827947 
2181	 0.255812093052004 
2182	 0.255856365318347 
2183	 0.255913938008099 
2184	 0.255929150179522 
2185	 0.255989528452457 
2186	 0.256064104935512 
2187	 0.256169734139487 
2188	 0.256326638672048 
2189	 0.256463763459908 
2190	 0.256613457688139 
2191	 0.256765732019693 
2192	 0.25691145097568 
2193	 0.257054308117294 
2194	 0.257225423240761 
2195	 0.257409700797088 
2196	 0.257576888340997 
2197	 0.257741908147792 
2198	 0.257913323198164 
2199	 0.258100149003386 
2200	 0.258252317680001 
2201	 0.258397646400398 
2202	 0.258521313030458 
2203	 0.258585157115419 
2204	 0.25870319946922 
2205	 0.258828984017514 
2206	 0.258986164075669 
2207	 0.2591857948351 
2208	 0.259371421759561 
2209	 0.259554757089472 
2210	 0.259763314903232 
2211	 0.259972853821038 
2212	 0.260212964910571 
2213	 0.260490069440732 
2214	 0.260770973813503 
2215	 0.261047281541464 
2216	 0.261377698130025 
2217	 0.261761011285605 
2218	 0.262098469598733 
2219	 0.262414342737885 
2220	 0.262732572804264 
2221	 0.262987816231177 
2222	 0.263177080132359 
2223	 0.263369740811034 
2224	 0.263519483144083 
2225	 0.263696882185537 
2226	 0.263869179342731 
2227	 0.264017823693737 
2228	 0.264217460942826 
2229	 0.264300405311138 
2230	 0.264288133390269 
2231	 0.264300304676748 
2232	 0.264277768012749 
2233	 0.264219727658152 
2234	 0.26418419163887 
2235	 0.264054325643214 
2236	 0.263806214366601 
2237	 0.263589425052276 
2238	 0.263328598273507 
2239	 0.263072087485202 
2240	 0.262813207169178 
2241	 0.262559669665753 
2242	 0.262310215263794 
2243	 0.262042280323678 
2244	 0.261748579499629 
2245	 0.261473147596223 
2246	 0.261156391952867 
2247	 0.260819570076872 
2248	 0.260551779625985 
2249	 0.26032351915087 
2250	 0.260082152595087 
2251	 0.259889622481353 
2252	 0.259647348039415 
2253	 0.259368234704181 
2254	 0.259124276201765 
2255	 0.258881760796579 
2256	 0.258642196036475 
2257	 0.258421362375115 
2258	 0.258195744830468 
2259	 0.257956307619789 
2260	 0.257735627727706 
2261	 0.257527061505853 
2262	 0.257323912074281 
2263	 0.257120190975392 
2264	 0.256941534699504 
2265	 0.256789214249518 
2266	 0.256632945956183 
2267	 0.256488226776799 
2268	 0.256353152003133 
2269	 0.256193425014891 
2270	 0.256086803426795 
2271	 0.256038273932842 
2272	 0.255972602494373 
2273	 0.255933969627442 
2274	 0.255901445868176 
2275	 0.255832347778225 
2276	 0.255741064202855 
2277	 0.255693941903223 
2278	 0.255685241683286 
2279	 0.255680880187969 
2280	 0.255739385042472 
2281	 0.25571165967122 
2282	 0.255659916906403 
2283	 0.255591166974202 
2284	 0.255472864347596 
2285	 0.255369147317326 
2286	 0.255225643491235 
2287	 0.255170871240863 
2288	 0.255138297649893 
2289	 0.255135499880464 
2290	 0.255219240743257 
2291	 0.255263965223028 
2292	 0.255256065685675 
2293	 0.255359299938312 
2294	 0.255482192278022 
2295	 0.255707939458917 
2296	 0.256085405852787 
2297	 0.256410861386362 
2298	 0.256765720776007 
2299	 0.257159673763533 
2300	 0.257514989079164 
2301	 0.257992103354894 
2302	 0.258671203509074 
2303	 0.259207812204066 
2304	 0.259801183760895 
2305	 0.260273805538829 
2306	 0.260612906580606 
2307	 0.260915634342719 
2308	 0.261258979028226 
2309	 0.261367911419292 
2310	 0.261320615220349 
2311	 0.261152652028007 
2312	 0.260758261580938 
2313	 0.260284417745245 
2314	 0.259659271191261 
2315	 0.258999763267505 
2316	 0.258312273370624 
2317	 0.257482444599003 
2318	 0.25682231090029 
2319	 0.256230658589514 
2320	 0.255589891018861 
2321	 0.25493977057154 
2322	 0.254415360464858 
2323	 0.253891023376924 
2324	 0.253474154960803 
2325	 0.253220451580051 
2326	 0.252916631680233 
2327	 0.25258023400874 
2328	 0.25239548336059 
2329	 0.252328787306935 
2330	 0.252229491165378 
2331	 0.252246982180682 
2332	 0.252159850234864 
2333	 0.25196673658392 
2334	 0.25191159266927 
2335	 0.251845753108395 
2336	 0.25191939889465 
2337	 0.252164295912762 
2338	 0.252348124960728 
2339	 0.252651076094572 
2340	 0.252812289217833 
2341	 0.252847928404356 
2342	 0.252993331014682 
2343	 0.253045889334175 
2344	 0.253291421800786 
2345	 0.253783907384685 
2346	 0.254114400858121 
2347	 0.254499189658462 
2348	 0.254792301568949 
2349	 0.255016947022182 
2350	 0.255138412189108 
2351	 0.255230741476706 
2352	 0.255191775830664 
2353	 0.254909167676234 
2354	 0.254713178955379 
2355	 0.254351177153062 
2356	 0.25422734441783 
2357	 0.254304830435949 
2358	 0.254291009392924 
2359	 0.254356636710803 
2360	 0.254443819563818 
2361	 0.254426288102907 
2362	 0.254554119548943 
2363	 0.254882251869545 
2364	 0.255129212129888 
2365	 0.255398436097457 
2366	 0.255649495966256 
2367	 0.255833430015194 
2368	 0.256107080555609 
2369	 0.256511020580365 
2370	 0.256772854063255 
2371	 0.256973478872278 
2372	 0.25720802242738 
2373	 0.25737820560834 
2374	 0.257527425445578 
2375	 0.257750820103602 
2376	 0.257902717119304 
2377	 0.257773305404784 
2378	 0.257935661021955 
2379	 0.2583096158047 
2380	 0.258635038802683 
2381	 0.25909457777997 
2382	 0.259499812523337 
2383	 0.259644762924781 
2384	 0.259701684644944 
2385	 0.259963019171468 
2386	 0.260205120319643 
2387	 0.260322857493357 
2388	 0.260490895281771 
2389	 0.260564152559369 
2390	 0.260606490828606 
2391	 0.260674109523436 
2392	 0.260830338366387 
2393	 0.261011375308937 
2394	 0.261032794568498 
2395	 0.261260442935431 
2396	 0.261554977682283 
2397	 0.261557796951956 
2398	 0.26159664838565 
2399	 0.261671583810106 
2400	 0.261580957624497 
2401	 0.261525348551253 
2402	 0.261555713950398 
2403	 0.261388488021744 
2404	 0.26119111261288 
2405	 0.261289616615153 
2406	 0.261433479938904 
2407	 0.261322876539274 
2408	 0.261256974095354 
2409	 0.26119423809514 
2410	 0.260940459393172 
2411	 0.26091861460551 
2412	 0.261101839722377 
2413	 0.261157225088117 
2414	 0.261037629422268 
2415	 0.260843923440667 
2416	 0.260677166366448 
2417	 0.260641565929082 
2418	 0.260514178694402 
2419	 0.260144590297107 
2420	 0.259838174081544 
2421	 0.259629780664789 
2422	 0.259402108351118 
2423	 0.259315889552924 
2424	 0.259199195017902 
2425	 0.258676953965861 
2426	 0.25792778408561 
2427	 0.25737900084687 
2428	 0.257350810953273 
2429	 0.257439785647949 
2430	 0.257551931243594 
2431	 0.257730808076702 
2432	 0.257313822326135 
2433	 0.256674591993895 
2434	 0.256083418068878 
2435	 0.255343393636174 
2436	 0.254695198726838 
2437	 0.254289865670047 
2438	 0.253916748591986 
2439	 0.253175064818007 
2440	 0.252645433844143 
2441	 0.2520739117932 
2442	 0.250981232907464 
2443	 0.250607308487033 
2444	 0.25060418866107 
2445	 0.25009878260689 
2446	 0.24984985610627 
2447	 0.249723967432048 
2448	 0.24906808644082 
2449	 0.248398667123258 
2450	 0.248115763919443 
2451	 0.247629090617653 
2452	 0.246936755359042 
2453	 0.246516983490724 
2454	 0.246174255395241 
2455	 0.245451928605815 
2456	 0.244776068873952 
2457	 0.244500702835427 
2458	 0.243639630109366 
2459	 0.242159984802912 
2460	 0.241193575382459 
2461	 0.240107640690085 
2462	 0.239206903607451 
2463	 0.239193762868077 
2464	 0.238759530997552 
2465	 0.237535086090129 
2466	 0.237006812835148 
2467	 0.236689730063463 
2468	 0.236545046337324 
2469	 0.237261771839346 
2470	 0.237470465446655 
2471	 0.237775793268434 
2472	 0.237584379902916 
2473	 0.236460435947111 
2474	 0.23621701174493 
2475	 0.236345685002003 
2476	 0.236200880162719 
2477	 0.236413311713187 
2478	 0.236512573103627 
2479	 0.236174617648132 
2480	 0.235739116426163 
2481	 0.235492808618674 
2482	 0.235315522787126 
2483	 0.234796696064557 
2484	 0.234803748785961 
2485	 0.234968285574949 
2486	 0.236039967518355 
2487	 0.23811150282195 
2488	 0.239330074566109 
2489	 0.241582402922779 
2490	 0.242037893114223 
2491	 0.240474001040008 
2492	 0.238449413413997 
2493	 0.238623716879826 
2494	 0.239404498710357 
2495	 0.239147956499299 
2496	 0.239892026202775 
2497	 0.242701155489445 
2498	 0.244511825104152 
2499	 0.244018318930834 
2500	 0.242444047565748 
