Wavelength	C:\Documents and Settings\All Users\Application Data\ASD\Indico Pro\Projects\McBeth_080818\#4.txt
350	 0.101237842481463 
351	 0.103189407036406 
352	 0.108534790402791 
353	 0.109954707890332 
354	 0.105729035651919 
355	 0.100401786972653 
356	 0.099443740284006 
357	 0.100087586674413 
358	 9.95698084152472E-02 
359	 9.98043398957972E-02 
360	 0.100070223724761 
361	 0.1006643346783 
362	 0.101699539378608 
363	 9.97958164292736E-02 
364	 9.75744554356703E-02 
365	 9.63093336818349E-02 
366	 9.54907859422627E-02 
367	 9.78944077506095E-02 
368	 9.85459246157538E-02 
369	 0.096095554472449 
370	 0.101045900223095 
371	 0.100663789680849 
372	 9.66665892761352E-02 
373	 9.53248399071615E-02 
374	 9.51233368483563E-02 
375	 9.75834251272737E-02 
376	 0.10070024193941 
377	 9.97530566332211E-02 
378	 9.89437612272449E-02 
379	 9.75795901865706E-02 
380	 9.59177422178391E-02 
381	 0.098346560815433 
382	 9.91544335390646E-02 
383	 9.94533628754369E-02 
384	 0.101341402046574 
385	 9.93817637809895E-02 
386	 9.86984874767742E-02 
387	 9.97404055672417E-02 
388	 9.88083121393589E-02 
389	 9.81115063146223E-02 
390	 9.82857624415415E-02 
391	 9.91579134237705E-02 
392	 9.95845658431947E-02 
393	 0.099132400597697 
394	 9.88226874357238E-02 
395	 9.96019258964776E-02 
396	 9.95335464335128E-02 
397	 9.92875960724026E-02 
398	 9.94099730799835E-02 
399	 0.100135896998066 
400	 0.100276089479436 
401	 0.100235505521543 
402	 0.100385317625561 
403	 0.100479667364192 
404	 0.100630872768771 
405	 0.100583522082101 
406	 0.100132128638974 
407	 9.98960003763049E-02 
408	 9.96029528826706E-02 
409	 9.95073544893777E-02 
410	 0.100256672845418 
411	 0.100055706197406 
412	 9.99549435324584E-02 
413	 0.100445220977335 
414	 9.96275587581489E-02 
415	 9.90430592193655E-02 
416	 9.90918425265217E-02 
417	 9.95041404565273E-02 
418	 9.89191082212118E-02 
419	 9.86516855591444E-02 
420	 9.89798250850977E-02 
421	 9.89692268429515E-02 
422	 9.90325342185246E-02 
423	 9.88979253079575E-02 
424	 0.098534434901469 
425	 9.89341622280426E-02 
426	 9.87504580570915E-02 
427	 9.82897549945431E-02 
428	 9.84690609620381E-02 
429	 9.83776974592759E-02 
430	 9.83432848830263E-02 
431	 9.85079097371612E-02 
432	 9.86405565255391E-02 
433	 9.85509959857379E-02 
434	 9.84709963393269E-02 
435	 9.85874552306381E-02 
436	 9.85863768768812E-02 
437	 9.81679614107025E-02 
438	 0.097886328685869 
439	 9.86232071308123E-02 
440	 9.84567005072785E-02 
441	 9.81814386400612E-02 
442	 9.83564091467245E-02 
443	 9.84810812634631E-02 
444	 0.098558091494002 
445	 9.85687581076081E-02 
446	 9.85155777104239E-02 
447	 9.84051025848585E-02 
448	 0.098600239250221 
449	 9.89346322955254E-02 
450	 0.098780360149521 
451	 9.86732100714933E-02 
452	 9.86636753111445E-02 
453	 9.86962665187978E-02 
454	 9.86997217469039E-02 
455	 9.86226513912972E-02 
456	 9.85107134519266E-02 
457	 9.84788942290729E-02 
458	 9.87721671766536E-02 
459	 9.88860717699431E-02 
460	 9.87101800448427E-02 
461	 9.87451331703847E-02 
462	 0.098746220465907 
463	 9.88099677159653E-02 
464	 9.90119206774551E-02 
465	 0.09904731291814 
466	 9.91113476891191E-02 
467	 9.92418474609825E-02 
468	 9.93463117397082E-02 
469	 9.92398925864551E-02 
470	 9.92939853235564E-02 
471	 9.96017241641957E-02 
472	 9.95036499455242E-02 
473	 9.96124570148984E-02 
474	 9.97897845704339E-02 
475	 9.97104919039019E-02 
476	 9.96165917174742E-02 
477	 9.97517459938601E-02 
478	 0.100117722849139 
479	 0.10045544017821 
480	 0.10052563951442 
481	 0.100614588823907 
482	 0.100928436231003 
483	 0.101025679747053 
484	 0.101174041066159 
485	 0.101445974630754 
486	 0.10176773931398 
487	 0.101847210549048 
488	 0.102069695693242 
489	 0.102547660979186 
490	 0.102770634749478 
491	 0.103166115574384 
492	 0.103556998336916 
493	 0.103751396993044 
494	 0.10450489888329 
495	 0.105078212358189 
496	 0.105441344882398 
497	 0.106298851841338 
498	 0.107214810322552 
499	 0.10815223971743 
500	 0.109148673989874 
501	 0.110188698851187 
502	 0.111611960837126 
503	 0.113328212232398 
504	 0.115067933029419 
505	 0.117271795913969 
506	 0.119662155176527 
507	 0.122170332366649 
508	 0.125193202461315 
509	 0.128436654750969 
510	 0.131992347491311 
511	 0.13597630429193 
512	 0.140058437653029 
513	 0.144407462792892 
514	 0.149049781823378 
515	 0.15386103001353 
516	 0.158728663397667 
517	 0.163621836973676 
518	 0.168515578256102 
519	 0.173346417576679 
520	 0.178022241636476 
521	 0.182489256915754 
522	 0.186719239180704 
523	 0.190688024933626 
524	 0.194394443929259 
525	 0.197797793161733 
526	 0.200800060806814 
527	 0.203420547765301 
528	 0.205682945397022 
529	 0.207595257132061 
530	 0.209065912745818 
531	 0.210198430369352 
532	 0.211031917640019 
533	 0.211529634582262 
534	 0.211792910792055 
535	 0.211823087171342 
536	 0.211613133539118 
537	 0.211208721256981 
538	 0.210531810619656 
539	 0.209657129969124 
540	 0.208729403905644 
541	 0.207621664118231 
542	 0.206419495923201 
543	 0.205156969227123 
544	 0.203722555675336 
545	 0.202259714202551 
546	 0.200757918436135 
547	 0.199159874962167 
548	 0.197468034816087 
549	 0.19567994631027 
550	 0.193836788615634 
551	 0.192021942212857 
552	 0.190161973045261 
553	 0.188306101369481 
554	 0.186488226069789 
555	 0.184599493488625 
556	 0.182774568280064 
557	 0.181034428234707 
558	 0.179310049008067 
559	 0.177495442607725 
560	 0.175761692290138 
561	 0.174187138772964 
562	 0.172562950427186 
563	 0.171023304975762 
564	 0.169608073351383 
565	 0.168301688030193 
566	 0.166988056340125 
567	 0.165715423557814 
568	 0.164538861748021 
569	 0.16350403420742 
570	 0.162447139707126 
571	 0.161399069171896 
572	 0.160433606936295 
573	 0.159551593026068 
574	 0.158685856654304 
575	 0.157840026672618 
576	 0.157071630546882 
577	 0.156321879549155 
578	 0.155600843668102 
579	 0.154926070863026 
580	 0.154307598725724 
581	 0.153723268476369 
582	 0.153160178505363 
583	 0.152615175939996 
584	 0.152115733888376 
585	 0.151618527135141 
586	 0.151118955249361 
587	 0.150678249360228 
588	 0.150212665319507 
589	 0.149712902160119 
590	 0.149204614386415 
591	 0.148766406394835 
592	 0.148266430747459 
593	 0.147714660709604 
594	 0.147247350497368 
595	 0.146731267427 
596	 0.146171460184068 
597	 0.145600434620068 
598	 0.145043645663385 
599	 0.144515748301121 
600	 0.144011928402426 
601	 0.143513986156206 
602	 0.143005375428171 
603	 0.142502266440394 
604	 0.142033029676503 
605	 0.141642665992851 
606	 0.141251135193907 
607	 0.140863377572315 
608	 0.140508453648233 
609	 0.140181474477395 
610	 0.139878163131166 
611	 0.139610826207194 
612	 0.139407017400212 
613	 0.139236986948058 
614	 0.139098548847767 
615	 0.138996397083566 
616	 0.138940088313522 
617	 0.138901213334545 
618	 0.138871901950865 
619	 0.138869220500284 
620	 0.139018481572921 
621	 0.139175232376784 
622	 0.139270681215562 
623	 0.139424184884261 
624	 0.13964925799278 
625	 0.139905340165243 
626	 0.140146084292521 
627	 0.14042369970184 
628	 0.140728625289838 
629	 0.141026760085854 
630	 0.141266078973927 
631	 0.14156776013677 
632	 0.141927223135582 
633	 0.14229757688196 
634	 0.142595861344463 
635	 0.142929629410421 
636	 0.143288271826649 
637	 0.143601481810372 
638	 0.143954776234974 
639	 0.14427499590216 
640	 0.144541175267617 
641	 0.144856221788735 
642	 0.14517118579994 
643	 0.145463742293696 
644	 0.145724368043741 
645	 0.145965867726246 
646	 0.146211276502284 
647	 0.146463221153308 
648	 0.146703934303146 
649	 0.146958364951861 
650	 0.147187019978621 
651	 0.147371364903956 
652	 0.147592185531601 
653	 0.147788990326671 
654	 0.147981901246637 
655	 0.148219493654251 
656	 0.148380854069291 
657	 0.148519199693057 
658	 0.148670843601905 
659	 0.148813931555971 
660	 0.148883295793898 
661	 0.148932930839909 
662	 0.14902836858506 
663	 0.149100768906892 
664	 0.14911045197392 
665	 0.149079439003055 
666	 0.149080765065513 
667	 0.149072853560302 
668	 0.149006515176294 
669	 0.148878098078354 
670	 0.148807312539128 
671	 0.148671079220197 
672	 0.148485761653307 
673	 0.148318258094831 
674	 0.148088032564207 
675	 0.147803793187536 
676	 0.147503073054389 
677	 0.147251634082525 
678	 0.146983578603178 
679	 0.146674545919625 
680	 0.146325272318854 
681	 0.145977652674889 
682	 0.145639451247514 
683	 0.145329055677136 
684	 0.145066988334225 
685	 0.144821563158289 
686	 0.144571398777919 
687	 0.144326286155157 
688	 0.144159778249435 
689	 0.143980986761909 
690	 0.143800083483692 
691	 0.143656576295703 
692	 0.143523268832957 
693	 0.143442314458779 
694	 0.143418225149857 
695	 0.143413482925353 
696	 0.143451644407716 
697	 0.143477793487362 
698	 0.143473021115357 
699	 0.143557784824301 
700	 0.143653164615107 
701	 0.143766994895488 
702	 0.143936203359701 
703	 0.144069450944447 
704	 0.144212576165776 
705	 0.144395431793275 
706	 0.144607162849544 
707	 0.144805585798965 
708	 0.145000909153695 
709	 0.145216869951279 
710	 0.145468679421818 
711	 0.145727136898898 
712	 0.145972725012154 
713	 0.14619717687814 
714	 0.146418335088042 
715	 0.146667824071721 
716	 0.146944560708633 
717	 0.14718885834534 
718	 0.147449810357903 
719	 0.147700102646084 
720	 0.147910700172522 
721	 0.148150523290724 
722	 0.148422744528786 
723	 0.148713226902293 
724	 0.148995805694072 
725	 0.149276651933389 
726	 0.149572403966082 
727	 0.149897885446076 
728	 0.15026338636195 
729	 0.150654320037748 
730	 0.151068699787607 
731	 0.151511627888787 
732	 0.151987736260539 
733	 0.152522996379131 
734	 0.15309952475776 
735	 0.153661266395812 
736	 0.154317068681419 
737	 0.155024134843351 
738	 0.155732988881315 
739	 0.156443190664621 
740	 0.157228143378229 
741	 0.158057633072668 
742	 0.158871936271552 
743	 0.159716211400238 
744	 0.160574812177044 
745	 0.161442127677262 
746	 0.162325461440748 
747	 0.163212066377396 
748	 0.164119367003059 
749	 0.165037493448191 
750	 0.165870632622611 
751	 0.166723982510019 
752	 0.167597416227293 
753	 0.168449962053086 
754	 0.169287290794984 
755	 0.170078507719298 
756	 0.170841404888928 
757	 0.171638149976509 
758	 0.172360325314556 
759	 0.173051924688611 
760	 0.173752309046139 
761	 0.174419898671647 
762	 0.175075332913645 
763	 0.175697880958309 
764	 0.176271118540834 
765	 0.176893154250498 
766	 0.177441741306463 
767	 0.177917087560397 
768	 0.178440461012123 
769	 0.178961561320141 
770	 0.179461086547845 
771	 0.179929928550041 
772	 0.180369388561257 
773	 0.180834975502151 
774	 0.181291238908436 
775	 0.181686247032413 
776	 0.18205191586643 
777	 0.182441220427689 
778	 0.18285091899063 
779	 0.183231021010416 
780	 0.183578557743322 
781	 0.183934150100575 
782	 0.184308793638806 
783	 0.184649611782512 
784	 0.185006035238276 
785	 0.185369217406246 
786	 0.185720764247341 
787	 0.186068627203982 
788	 0.1864550527526 
789	 0.186847198614074 
790	 0.187176629532212 
791	 0.187511527882343 
792	 0.187846824296163 
793	 0.188179275082513 
794	 0.18851816110648 
795	 0.188871561462994 
796	 0.189244230683595 
797	 0.189630238262856 
798	 0.190004639912018 
799	 0.190336967888164 
800	 0.190669102892239 
801	 0.191050276688858 
802	 0.191371522056276 
803	 0.191689415786419 
804	 0.192029946044554 
805	 0.192378559677618 
806	 0.192689660314645 
807	 0.19301041842096 
808	 0.19334888361777 
809	 0.193612099098293 
810	 0.193898595375737 
811	 0.194205159076096 
812	 0.194499773874613 
813	 0.194763375283595 
814	 0.19505701461877 
815	 0.195339955624691 
816	 0.195536884743124 
817	 0.19575663779015 
818	 0.196017231348944 
819	 0.196290190972901 
820	 0.196510570797746 
821	 0.196736955345688 
822	 0.196965578495625 
823	 0.197177319098812 
824	 0.197342146121552 
825	 0.197565406987451 
826	 0.197793567539205 
827	 0.197958038408545 
828	 0.198147707932491 
829	 0.19833013723115 
830	 0.198480963951312 
831	 0.198595914654472 
832	 0.198765872613275 
833	 0.19892350956256 
834	 0.199042563605863 
835	 0.199158618505554 
836	 0.199298434535664 
837	 0.199459633307133 
838	 0.199607110858554 
839	 0.199655468653988 
840	 0.199774038765258 
841	 0.199904209360693 
842	 0.199972550939045 
843	 0.200108601735861 
844	 0.200184028287402 
845	 0.200236330256079 
846	 0.200353086456991 
847	 0.200381074275305 
848	 0.200448247321102 
849	 0.200558956597356 
850	 0.200605588642542 
851	 0.20066755168311 
852	 0.200696366927803 
853	 0.200709933440959 
854	 0.200836934443773 
855	 0.200863778929647 
856	 0.20085686357385 
857	 0.200892236315248 
858	 0.200901488189387 
859	 0.200948152243948 
860	 0.200987285725766 
861	 0.200973976834403 
862	 0.201017256311714 
863	 0.201029318375362 
864	 0.201007703740541 
865	 0.200996735731073 
866	 0.200993777804817 
867	 0.200962220606668 
868	 0.200939707700652 
869	 0.201010018575852 
870	 0.201010510686779 
871	 0.200974891859884 
872	 0.200944510697234 
873	 0.200930151282837 
874	 0.200941949997952 
875	 0.200949680597505 
876	 0.200935641285578 
877	 0.200926280539723 
878	 0.20091700827462 
879	 0.200896942815466 
880	 0.200863672940942 
881	 0.200844585907295 
882	 0.200857081014279 
883	 0.200868015916396 
884	 0.200835812327492 
885	 0.200788219533251 
886	 0.200749610149188 
887	 0.200709943357626 
888	 0.200650905385046 
889	 0.200656339509725 
890	 0.20063749907216 
891	 0.200575286050261 
892	 0.200526736784102 
893	 0.200519300626978 
894	 0.200499625050255 
895	 0.200454095756523 
896	 0.200427415305717 
897	 0.20032664077316 
898	 0.200255058854536 
899	 0.200250896713812 
900	 0.200185383387625 
901	 0.200187984827411 
902	 0.200148017101129 
903	 0.200012057440863 
904	 0.199985108422091 
905	 0.199978053730646 
906	 0.199942430258036 
907	 0.199864631492394 
908	 0.199801361386667 
909	 0.199744460006804 
910	 0.199701326441014 
911	 0.199665890490318 
912	 0.199557904469189 
913	 0.199507217500809 
914	 0.199502424726505 
915	 0.199471447812625 
916	 0.199447356878991 
917	 0.199392010970332 
918	 0.199340886661054 
919	 0.199347422844005 
920	 0.199269134732955 
921	 0.199238687995487 
922	 0.199214708386822 
923	 0.199059075974809 
924	 0.199076111616196 
925	 0.199058501381684 
926	 0.198963686005927 
927	 0.198933826673685 
928	 0.198877008592989 
929	 0.19881056714104 
930	 0.198757459317675 
931	 0.198725409652739 
932	 0.19863711878799 
933	 0.198601084254091 
934	 0.198614274655992 
935	 0.19851792707916 
936	 0.198436119274576 
937	 0.198424748298385 
938	 0.198455890078028 
939	 0.198413935507762 
940	 0.198403339590376 
941	 0.198399781295848 
942	 0.198354548815379 
943	 0.198229863355771 
944	 0.198205651597399 
945	 0.198203496769793 
946	 0.198167142530834 
947	 0.198170908208033 
948	 0.198045921949335 
949	 0.197958877051499 
950	 0.197989180090724 
951	 0.197935083740425 
952	 0.197926211775104 
953	 0.197882298745525 
954	 0.197783842411198 
955	 0.197798337362373 
956	 0.197792497144071 
957	 0.197742362324223 
958	 0.197663994800597 
959	 0.197594815485231 
960	 0.197602465951046 
961	 0.197585201235872 
962	 0.197496493460638 
963	 0.197465796823074 
964	 0.197345571250949 
965	 0.197316317207235 
966	 0.197413032365032 
967	 0.197296425550079 
968	 0.197281240721097 
969	 0.197221593162366 
970	 0.197064217813245 
971	 0.197073521153391 
972	 0.197048253617613 
973	 0.196992140151585 
974	 0.196949419243877 
975	 0.196950565009241 
976	 0.19692606252033 
977	 0.196778731690817 
978	 0.196624010306279 
979	 0.196819091539236 
980	 0.196706368402588 
981	 0.196588659175829 
982	 0.196600492726296 
983	 0.196454187775075 
984	 0.196337085064554 
985	 0.196415177413021 
986	 0.196552799387826 
987	 0.196360643054228 
988	 0.196243836739666 
989	 0.196314967579504 
990	 0.196432128710839 
991	 0.196316833577988 
992	 0.196287166822796 
993	 0.196090103558558 
994	 0.195938603699313 
995	 0.196267632804365 
996	 0.196225574395094 
997	 0.195988971936306 
998	 0.195928316829436 
999	 0.196263757469462 
1000	 0.196174695561917 
1001	 0.195377840184597 
1002	 0.195339583797181 
1003	 0.195289687143828 
1004	 0.195217206038744 
1005	 0.195169284948024 
1006	 0.195157444376135 
1007	 0.195137058631746 
1008	 0.195078727254682 
1009	 0.195038273602016 
1010	 0.195012427684209 
1011	 0.1949640176884 
1012	 0.194932710468789 
1013	 0.194928375870605 
1014	 0.194916554445936 
1015	 0.194889022860982 
1016	 0.194865141441742 
1017	 0.194857455511046 
1018	 0.19483947595586 
1019	 0.194786769256522 
1020	 0.194748357984757 
1021	 0.194724544033252 
1022	 0.194692096542178 
1023	 0.194656793177054 
1024	 0.19460570337429 
1025	 0.194564059866677 
1026	 0.194545091345671 
1027	 0.194518216970692 
1028	 0.194493171730298 
1029	 0.194463633258812 
1030	 0.194440773096635 
1031	 0.194411425093968 
1032	 0.194390407372442 
1033	 0.194385223893321 
1034	 0.194367948572469 
1035	 0.194342755756003 
1036	 0.194319260279486 
1037	 0.194285526708215 
1038	 0.19426402526185 
1039	 0.194246547537011 
1040	 0.194199570785843 
1041	 0.194153369666544 
1042	 0.194106508703166 
1043	 0.194056250649336 
1044	 0.194011260922312 
1045	 0.193964614782087 
1046	 0.193921999680517 
1047	 0.193885252224547 
1048	 0.193850024613266 
1049	 0.193810253966381 
1050	 0.193773630178129 
1051	 0.19374710271292 
1052	 0.193699214685282 
1053	 0.193638844296879 
1054	 0.193592533152763 
1055	 0.193538821032813 
1056	 0.193481020577816 
1057	 0.193432180413518 
1058	 0.193396935279675 
1059	 0.193362176286547 
1060	 0.193324619158712 
1061	 0.193297066343606 
1062	 0.193261175345633 
1063	 0.193222143323774 
1064	 0.193173624087629 
1065	 0.193113952428521 
1066	 0.19305136847644 
1067	 0.19298693493644 
1068	 0.192932507425398 
1069	 0.192896265801413 
1070	 0.192865910539773 
1071	 0.192840496767786 
1072	 0.192809272542145 
1073	 0.192771751417918 
1074	 0.192729553948212 
1075	 0.192687086918061 
1076	 0.192640203382611 
1077	 0.192596536379044 
1078	 0.192548449815625 
1079	 0.192502840647468 
1080	 0.192457416070923 
1081	 0.19241729072821 
1082	 0.192375620531297 
1083	 0.192349530841647 
1084	 0.192326918198037 
1085	 0.192282368775817 
1086	 0.192220874394993 
1087	 0.192166323000767 
1088	 0.192121271323346 
1089	 0.192067945246024 
1090	 0.192039041485243 
1091	 0.192042325194111 
1092	 0.192019669211051 
1093	 0.191999839851648 
1094	 0.191968668770545 
1095	 0.191920013550547 
1096	 0.191878957224658 
1097	 0.191831477646871 
1098	 0.191792678151607 
1099	 0.1917778691373 
1100	 0.191753265755713 
1101	 0.191731646156244 
1102	 0.191717795143147 
1103	 0.191689814804251 
1104	 0.191644209134938 
1105	 0.191610909199477 
1106	 0.191575379819209 
1107	 0.19155051819948 
1108	 0.191530944389297 
1109	 0.191512571934574 
1110	 0.191501836415352 
1111	 0.191490802955709 
1112	 0.19147741250606 
1113	 0.191470498576988 
1114	 0.191473967244753 
1115	 0.191479019712065 
1116	 0.191476420115915 
1117	 0.191470618517099 
1118	 0.191457812936812 
1119	 0.191434264086802 
1120	 0.191430655949845 
1121	 0.191436603178425 
1122	 0.191445888861242 
1123	 0.191472590900368 
1124	 0.191484105494023 
1125	 0.191489552237968 
1126	 0.191496937548637 
1127	 0.191491469762276 
1128	 0.191502137478461 
1129	 0.191529755368294 
1130	 0.191546281074138 
1131	 0.191555413467693 
1132	 0.191576346938339 
1133	 0.191568184739633 
1134	 0.191554654711037 
1135	 0.191555176180571 
1136	 0.191554847939793 
1137	 0.191563327801104 
1138	 0.191581459325817 
1139	 0.191602248260361 
1140	 0.191629361529993 
1141	 0.191655323334456 
1142	 0.191691656821736 
1143	 0.191716288704517 
1144	 0.19173672043309 
1145	 0.19175407748164 
1146	 0.191763447264063 
1147	 0.191775907498797 
1148	 0.191779600589595 
1149	 0.191784945399711 
1150	 0.191799099955345 
1151	 0.191814868342035 
1152	 0.191835193827451 
1153	 0.191869185811763 
1154	 0.191891189321961 
1155	 0.191913699161557 
1156	 0.191925018331682 
1157	 0.191925536050846 
1158	 0.19193245177075 
1159	 0.191934622829659 
1160	 0.191939380533447 
1161	 0.191951083345008 
1162	 0.191955592121151 
1163	 0.191953614519082 
1164	 0.19195329561766 
1165	 0.19194266782266 
1166	 0.19195180083542 
1167	 0.19195285548403 
1168	 0.191951468909606 
1169	 0.191958298486687 
1170	 0.191972191370707 
1171	 0.19197672989589 
1172	 0.191984438889641 
1173	 0.191987208293645 
1174	 0.191976786562934 
1175	 0.191978573250721 
1176	 0.191988854269543 
1177	 0.191993377563532 
1178	 0.191995065837437 
1179	 0.192003530419983 
1180	 0.192014922843138 
1181	 0.19202395143694 
1182	 0.192040969035331 
1183	 0.192051903399098 
1184	 0.192059079382856 
1185	 0.192057606762039 
1186	 0.192064353976646 
1187	 0.192071523839163 
1188	 0.192081164274268 
1189	 0.192093427506219 
1190	 0.192107007317312 
1191	 0.192123239747965 
1192	 0.192137182696461 
1193	 0.192150374729008 
1194	 0.192167130465488 
1195	 0.192185813050121 
1196	 0.192202557894182 
1197	 0.192219866119225 
1198	 0.192239439324967 
1199	 0.192260134858058 
1200	 0.192277810426848 
1201	 0.192298963699493 
1202	 0.192316652890396 
1203	 0.192331350130293 
1204	 0.192339559157215 
1205	 0.192352274076685 
1206	 0.1923669080308 
1207	 0.19237689899356 
1208	 0.192391190086505 
1209	 0.192390828926597 
1210	 0.192378595747712 
1211	 0.192371143658004 
1212	 0.192358100038777 
1213	 0.192344019733483 
1214	 0.19233336391403 
1215	 0.192317126995424 
1216	 0.192293847864282 
1217	 0.192270409519297 
1218	 0.19225330207628 
1219	 0.192222397754175 
1220	 0.192180479859176 
1221	 0.1921354233517 
1222	 0.192095073274793 
1223	 0.192047209120832 
1224	 0.192004695607042 
1225	 0.191970338047789 
1226	 0.191929593755008 
1227	 0.191882508586581 
1228	 0.191841082435746 
1229	 0.191798182607413 
1230	 0.191764438877748 
1231	 0.191733010545838 
1232	 0.191708089236937 
1233	 0.191694647489747 
1234	 0.191678243458338 
1235	 0.191663987515992 
1236	 0.191651479260714 
1237	 0.191642496645036 
1238	 0.191630750492988 
1239	 0.191614985758567 
1240	 0.191606666196187 
1241	 0.191599001642907 
1242	 0.19159028074604 
1243	 0.191586753303317 
1244	 0.191588612861476 
1245	 0.191590468158902 
1246	 0.191595607916221 
1247	 0.191597775502071 
1248	 0.191602185473974 
1249	 0.191604159751315 
1250	 0.191606867375335 
1251	 0.19160095563336 
1252	 0.191582426586668 
1253	 0.191579373307718 
1254	 0.191574210928323 
1255	 0.191577677125768 
1256	 0.191603829851543 
1257	 0.191615694272593 
1258	 0.191619169202151 
1259	 0.191626740925996 
1260	 0.191631316206905 
1261	 0.19163984672162 
1262	 0.19164396015608 
1263	 0.19165285278667 
1264	 0.191650360916589 
1265	 0.191635768901814 
1266	 0.191631732508895 
1267	 0.19162955672342 
1268	 0.191623220679485 
1269	 0.191617209345426 
1270	 0.191614522038536 
1271	 0.191611769579062 
1272	 0.191604726381456 
1273	 0.191601824192907 
1274	 0.191594102006584 
1275	 0.191571930256267 
1276	 0.191561891217838 
1277	 0.191564033948527 
1278	 0.191556958588345 
1279	 0.19154334753056 
1280	 0.191541204894617 
1281	 0.191541064464987 
1282	 0.191526175253968 
1283	 0.191517197839972 
1284	 0.191514022312667 
1285	 0.1915107417753 
1286	 0.191501427286864 
1287	 0.191503219004671 
1288	 0.191513138382242 
1289	 0.191523999923325 
1290	 0.191539606400528 
1291	 0.191553217159945 
1292	 0.191572574373749 
1293	 0.191585612304117 
1294	 0.191590882349079 
1295	 0.191603770783354 
1296	 0.191626387591813 
1297	 0.191634509192786 
1298	 0.191630498916975 
1299	 0.1916405348511 
1300	 0.191646850781451 
1301	 0.191657212815993 
1302	 0.191681653177548 
1303	 0.191704541426636 
1304	 0.191721102134889 
1305	 0.191733189097713 
1306	 0.191749777128307 
1307	 0.191778697856223 
1308	 0.191803664346824 
1309	 0.191831676768218 
1310	 0.191856180255236 
1311	 0.191881184732674 
1312	 0.191903682209646 
1313	 0.191924694958524 
1314	 0.191944509877895 
1315	 0.191964194723661 
1316	 0.191978200411779 
1317	 0.191981862996319 
1318	 0.191999070713985 
1319	 0.192017820822308 
1320	 0.192041474684061 
1321	 0.19207531234241 
1322	 0.192108926396881 
1323	 0.192145019025638 
1324	 0.192179689404423 
1325	 0.19222201425812 
1326	 0.192251514678846 
1327	 0.192282935213209 
1328	 0.192324249476258 
1329	 0.192360642392511 
1330	 0.19240271060067 
1331	 0.192436671498584 
1332	 0.192463788577133 
1333	 0.192494756945852 
1334	 0.19252461334859 
1335	 0.192556939089587 
1336	 0.192594371308595 
1337	 0.192625360550558 
1338	 0.192655705863883 
1339	 0.192678818104556 
1340	 0.192693430280775 
1341	 0.192713317278638 
1342	 0.192730271551402 
1343	 0.19275073879875 
1344	 0.192779904592913 
1345	 0.192799579663551 
1346	 0.19281165303693 
1347	 0.192826639949171 
1348	 0.19283775004958 
1349	 0.192849648787734 
1350	 0.192870245035413 
1351	 0.192905814747853 
1352	 0.192933546819893 
1353	 0.192954746412061 
1354	 0.19297308908547 
1355	 0.192994281613148 
1356	 0.193021342689622 
1357	 0.193047295113574 
1358	 0.193070858320547 
1359	 0.193091948694752 
1360	 0.193114753798432 
1361	 0.193139984273653 
1362	 0.193159840566207 
1363	 0.193175985776322 
1364	 0.193195492798704 
1365	 0.193208810677379 
1366	 0.193230195475544 
1367	 0.193258322986774 
1368	 0.193287561867816 
1369	 0.193321127898848 
1370	 0.193352079425773 
1371	 0.193379809319735 
1372	 0.193417154077669 
1373	 0.193462677374145 
1374	 0.193500785963101 
1375	 0.1935406135172 
1376	 0.193582595168561 
1377	 0.193617312426323 
1378	 0.193655391172341 
1379	 0.193702623189113 
1380	 0.193752101587684 
1381	 0.19378789508707 
1382	 0.193812491955847 
1383	 0.193846422491363 
1384	 0.193876861523403 
1385	 0.193911181345071 
1386	 0.193957004170694 
1387	 0.193995993457659 
1388	 0.194030313839381 
1389	 0.194059073347091 
1390	 0.194091451324814 
1391	 0.194108382734192 
1392	 0.194117841556202 
1393	 0.194120397788491 
1394	 0.194112212126528 
1395	 0.194096220496489 
1396	 0.19406935026519 
1397	 0.194040967359162 
1398	 0.194000244487591 
1399	 0.193971055888394 
1400	 0.193949138766162 
1401	 0.193916297694497 
1402	 0.193887444158093 
1403	 0.19384856335429 
1404	 0.193796898498094 
1405	 0.193745532352884 
1406	 0.193690602676394 
1407	 0.193635303171863 
1408	 0.193569998772467 
1409	 0.193506339941028 
1410	 0.193451328056764 
1411	 0.19339377542237 
1412	 0.193348149423228 
1413	 0.193299648439015 
1414	 0.193246452429849 
1415	 0.19319513467977 
1416	 0.193143685522678 
1417	 0.193090729236746 
1418	 0.193042176601093 
1419	 0.192996791170762 
1420	 0.192948594888798 
1421	 0.19289784844329 
1422	 0.192855164683083 
1423	 0.192816698596858 
1424	 0.192776522822533 
1425	 0.192740212821204 
1426	 0.192702368561032 
1427	 0.192663485419457 
1428	 0.192622766436695 
1429	 0.192580346324891 
1430	 0.192544785469982 
1431	 0.19250745371015 
1432	 0.192474565304032 
1433	 0.192447372808614 
1434	 0.192422786887048 
1435	 0.192401590540047 
1436	 0.192381191577636 
1437	 0.192359665325322 
1438	 0.19235163559091 
1439	 0.192342593046406 
1440	 0.192331939254147 
1441	 0.192334266517674 
1442	 0.192338671477377 
1443	 0.192341591483195 
1444	 0.192341961174553 
1445	 0.192334203766024 
1446	 0.192321146973866 
1447	 0.192310435526596 
1448	 0.192310120500608 
1449	 0.192313899061028 
1450	 0.192319555534552 
1451	 0.192331730886456 
1452	 0.19235035116241 
1453	 0.192366204599839 
1454	 0.192389952919407 
1455	 0.192405253822739 
1456	 0.192414348125002 
1457	 0.192424841859736 
1458	 0.19243213845606 
1459	 0.192442868083613 
1460	 0.192453964607608 
1461	 0.192467863261616 
1462	 0.192485161385404 
1463	 0.192500467442717 
1464	 0.192516836647853 
1465	 0.192532738891187 
1466	 0.192543968968882 
1467	 0.19256289417558 
1468	 0.192589210975875 
1469	 0.192611978237325 
1470	 0.192638441706476 
1471	 0.192660222118997 
1472	 0.19267946672275 
1473	 0.192693439875584 
1474	 0.19269753381374 
1475	 0.192713069670034 
1476	 0.192724864037078 
1477	 0.192750525824631 
1478	 0.192783853377697 
1479	 0.192816077468298 
1480	 0.192856589713329 
1481	 0.192881898768073 
1482	 0.192907649111606 
1483	 0.192940806775084 
1484	 0.192962690214609 
1485	 0.19299286407107 
1486	 0.193031476065379 
1487	 0.193062550433217 
1488	 0.193102173718226 
1489	 0.19315213014052 
1490	 0.19318550489558 
1491	 0.193217729672698 
1492	 0.19326073423473 
1493	 0.193295632158687 
1494	 0.193345961462233 
1495	 0.193414313338756 
1496	 0.193474553431275 
1497	 0.193536313418429 
1498	 0.19359748585672 
1499	 0.193657973607108 
1500	 0.193718856263641 
1501	 0.193785130925462 
1502	 0.193841607597472 
1503	 0.193892017571258 
1504	 0.193944667277526 
1505	 0.193994055660758 
1506	 0.194041561763659 
1507	 0.19408519440719 
1508	 0.194135229443545 
1509	 0.194180191974402 
1510	 0.194236620012574 
1511	 0.194313294062079 
1512	 0.194373015022619 
1513	 0.194425399521533 
1514	 0.194482564415215 
1515	 0.194531354794437 
1516	 0.194589079537947 
1517	 0.194663266402726 
1518	 0.194723185559914 
1519	 0.19477664312035 
1520	 0.194829011638931 
1521	 0.194872948498968 
1522	 0.194919039977205 
1523	 0.194969407497169 
1524	 0.195013454599193 
1525	 0.19504988133788 
1526	 0.195091577812996 
1527	 0.195133735993216 
1528	 0.195175007444404 
1529	 0.195213643041603 
1530	 0.195258307381628 
1531	 0.195303828254307 
1532	 0.195341310719786 
1533	 0.195392048492659 
1534	 0.195441161733028 
1535	 0.195484601721419 
1536	 0.195538264063401 
1537	 0.19558501367434 
1538	 0.195630899915727 
1539	 0.195677961464908 
1540	 0.195730058048415 
1541	 0.195791715006767 
1542	 0.195851479158084 
1543	 0.195922710172628 
1544	 0.195993997757884 
1545	 0.196055147453119 
1546	 0.196116718105957 
1547	 0.196181324596288 
1548	 0.196238053451861 
1549	 0.196289674984247 
1550	 0.196338606326071 
1551	 0.196398206053136 
1552	 0.196454990802488 
1553	 0.196506498019932 
1554	 0.196562620907496 
1555	 0.196618732246994 
1556	 0.196661723041404 
1557	 0.196724315047664 
1558	 0.19680888510874 
1559	 0.196873833318492 
1560	 0.196934885982761 
1561	 0.196995966213184 
1562	 0.197051249335892 
1563	 0.197108099259959 
1564	 0.197166311447334 
1565	 0.197218062181366 
1566	 0.197266400718765 
1567	 0.197315146851761 
1568	 0.197358930636821 
1569	 0.197408501082479 
1570	 0.19745434629613 
1571	 0.197510874247303 
1572	 0.197579000186112 
1573	 0.197640729110263 
1574	 0.197704526079881 
1575	 0.19776864893544 
1576	 0.197828298507787 
1577	 0.197893870463466 
1578	 0.197968611163522 
1579	 0.19803717413279 
1580	 0.198097246544364 
1581	 0.19817181154395 
1582	 0.198250461692165 
1583	 0.198332609364123 
1584	 0.198433086482813 
1585	 0.198518125969181 
1586	 0.198596901197849 
1587	 0.198674034272627 
1588	 0.19873745091608 
1589	 0.198814978572585 
1590	 0.198899485312129 
1591	 0.198983564679172 
1592	 0.199069713829736 
1593	 0.199166120120336 
1594	 0.19927493024026 
1595	 0.199368484760944 
1596	 0.199465126628486 
1597	 0.199556427289607 
1598	 0.199626236373518 
1599	 0.199711951169375 
1600	 0.199808682098671 
1601	 0.199904447425028 
1602	 0.199994400979962 
1603	 0.200102199223848 
1604	 0.200229030757848 
1605	 0.200342798335619 
1606	 0.200460556203692 
1607	 0.200579595908868 
1608	 0.200692404260268 
1609	 0.200804832550678 
1610	 0.200921621304635 
1611	 0.20104016843243 
1612	 0.201158719900685 
1613	 0.201268747085156 
1614	 0.201380751162642 
1615	 0.201489218572975 
1616	 0.201586240674358 
1617	 0.201684332104466 
1618	 0.201787914889601 
1619	 0.201882604631972 
1620	 0.201966464361655 
1621	 0.202052969116075 
1622	 0.202140276653562 
1623	 0.202220967863443 
1624	 0.20229157029512 
1625	 0.202373747193473 
1626	 0.2024535796867 
1627	 0.202540777173858 
1628	 0.202645028697277 
1629	 0.202741112875465 
1630	 0.202833031921446 
1631	 0.20292811658406 
1632	 0.203027743174128 
1633	 0.203119748594191 
1634	 0.203203409265658 
1635	 0.203297635629971 
1636	 0.203387660832358 
1637	 0.203486380786722 
1638	 0.203595658663342 
1639	 0.203710662652931 
1640	 0.203833299883634 
1641	 0.20395586372938 
1642	 0.204092676072906 
1643	 0.204216827583837 
1644	 0.204332810151773 
1645	 0.204449866583038 
1646	 0.204567560340607 
1647	 0.204674541387681 
1648	 0.204782082079819 
1649	 0.204875250348052 
1650	 0.204951577355561 
1651	 0.205025295981623 
1652	 0.205088667133826 
1653	 0.205150515358503 
1654	 0.20521545835785 
1655	 0.205262335110236 
1656	 0.205293828229245 
1657	 0.205326637764519 
1658	 0.205345167218917 
1659	 0.205366261492079 
1660	 0.205393324916389 
1661	 0.205412074646801 
1662	 0.20542569345259 
1663	 0.205433154241735 
1664	 0.205425608869532 
1665	 0.205431544354587 
1666	 0.205440254786296 
1667	 0.205447590570296 
1668	 0.205467197068324 
1669	 0.205477279847274 
1670	 0.20547368345342 
1671	 0.205480114830892 
1672	 0.20548012025767 
1673	 0.205499488499631 
1674	 0.205527373263086 
1675	 0.20556963997938 
1676	 0.20562540590107 
1677	 0.205696910511409 
1678	 0.20578389126797 
1679	 0.205881478634031 
1680	 0.205992124149837 
1681	 0.206119923148723 
1682	 0.206264622572246 
1683	 0.206416854396927 
1684	 0.206591254744421 
1685	 0.206762970723074 
1686	 0.206946415278258 
1687	 0.207118397468517 
1688	 0.207291597815869 
1689	 0.207458305149526 
1690	 0.20761861850265 
1691	 0.207770942481785 
1692	 0.207919469205892 
1693	 0.208060315903389 
1694	 0.208182009522078 
1695	 0.208317571561669 
1696	 0.208444795864496 
1697	 0.208596433557213 
1698	 0.208774919300914 
1699	 0.208934215846201 
1700	 0.209094911128 
1701	 0.209261464863355 
1702	 0.209417283921028 
1703	 0.209583096768319 
1704	 0.209771304588671 
1705	 0.209941315617941 
1706	 0.210096499469908 
1707	 0.210265465174579 
1708	 0.21044150881379 
1709	 0.210604505255601 
1710	 0.210759127368421 
1711	 0.210934355324887 
1712	 0.211098441602535 
1713	 0.211295977271256 
1714	 0.211536163641577 
1715	 0.211746606685547 
1716	 0.211949876068453 
1717	 0.21217571642246 
1718	 0.212397691703255 
1719	 0.212642497190051 
1720	 0.212924903756639 
1721	 0.213174200105732 
1722	 0.213418842211526 
1723	 0.213652615156011 
1724	 0.213887937651093 
1725	 0.214078085482813 
1726	 0.2142526517399 
1727	 0.214389209599882 
1728	 0.214490908454483 
1729	 0.214538162761947 
1730	 0.214553783907734 
1731	 0.214504803032173 
1732	 0.21442066569204 
1733	 0.214329655802831 
1734	 0.214224463662714 
1735	 0.214091825817235 
1736	 0.213950740678291 
1737	 0.213798738423734 
1738	 0.213640617081343 
1739	 0.213509382491529 
1740	 0.213386169333505 
1741	 0.213282339708395 
1742	 0.213181413679745 
1743	 0.21308313460121 
1744	 0.212996198715609 
1745	 0.21290267208098 
1746	 0.212844709470107 
1747	 0.21281400241243 
1748	 0.2127923596562 
1749	 0.212795149196181 
1750	 0.212812906824657 
1751	 0.212839430903405 
1752	 0.212889375068123 
1753	 0.212964626545037 
1754	 0.213053929870089 
1755	 0.213172368759605 
1756	 0.213279035353867 
1757	 0.213390118993021 
1758	 0.213517605203407 
1759	 0.213664102929842 
1760	 0.213780875814161 
1761	 0.213924139338738 
1762	 0.21399975317488 
1763	 0.21401094958591 
1764	 0.214036650615025 
1765	 0.214043240743793 
1766	 0.214034588368611 
1767	 0.214022574560652 
1768	 0.2139811530719 
1769	 0.213888285080242 
1770	 0.21384231878995 
1771	 0.213803596572223 
1772	 0.21376162241018 
1773	 0.213740922910689 
1774	 0.213712131410508 
1775	 0.213657442508717 
1776	 0.213649581060157 
1777	 0.21366795156513 
1778	 0.213720115589582 
1779	 0.213788670755133 
1780	 0.213883621264293 
1781	 0.213994417343126 
1782	 0.214093487982855 
1783	 0.214209093605952 
1784	 0.214303020754069 
1785	 0.214358342669436 
1786	 0.214423924443958 
1787	 0.214482052784245 
1788	 0.214529849877632 
1789	 0.214591201885509 
1790	 0.214636274021326 
1791	 0.214673542010984 
1792	 0.214763780803213 
1793	 0.214842358649462 
1794	 0.214933175598368 
1795	 0.215023987213336 
1796	 0.215098990575456 
1797	 0.215194971101351 
1798	 0.215307032678549 
1799	 0.215416211531624 
1800	 0.215546007450457 
1801	 0.213961022966018 
1802	 0.214033491083901 
1803	 0.214128712499871 
1804	 0.214230302125087 
1805	 0.214307950010515 
1806	 0.21442225703823 
1807	 0.214523775984922 
1808	 0.214632266600271 
1809	 0.214709948882537 
1810	 0.214799043553048 
1811	 0.214879566692146 
1812	 0.214956305963964 
1813	 0.215071375648221 
1814	 0.215180752497498 
1815	 0.215283394146272 
1816	 0.215384056987502 
1817	 0.215468054766642 
1818	 0.215532682154477 
1819	 0.215590828535599 
1820	 0.215651695594196 
1821	 0.21572181732861 
1822	 0.215780716587122 
1823	 0.215844580594167 
1824	 0.215915554937374 
1825	 0.215981255546396 
1826	 0.21606334623217 
1827	 0.216144940347578 
1828	 0.216232687575379 
1829	 0.21632211453226 
1830	 0.216411214313216 
1831	 0.216498590043496 
1832	 0.216589092408158 
1833	 0.216674278665493 
1834	 0.2167813337343 
1835	 0.216898849508676 
1836	 0.217002577795282 
1837	 0.217113018633734 
1838	 0.217234752377777 
1839	 0.217347496292432 
1840	 0.217442231916969 
1841	 0.2175529059923 
1842	 0.217658696757736 
1843	 0.217740970782864 
1844	 0.217825666078123 
1845	 0.21790565112585 
1846	 0.217995584703848 
1847	 0.218088894225956 
1848	 0.21818803179211 
1849	 0.218291239306375 
1850	 0.218410937930684 
1851	 0.218520042521852 
1852	 0.218610544854159 
1853	 0.218708028677019 
1854	 0.218787674891083 
1855	 0.218866975575888 
1856	 0.218960632342045 
1857	 0.219044188371014 
1858	 0.219133449002188 
1859	 0.219204664548903 
1860	 0.219270475613128 
1861	 0.219319389700718 
1862	 0.219356061432502 
1863	 0.219367888610183 
1864	 0.219390433740072 
1865	 0.219427598060897 
1866	 0.219455677460017 
1867	 0.219486573182799 
1868	 0.219516993114809 
1869	 0.21954921795582 
1870	 0.219570305104834 
1871	 0.21958339399873 
1872	 0.219603658312046 
1873	 0.219621989647009 
1874	 0.219618641070989 
1875	 0.21962527881021 
1876	 0.219634911742053 
1877	 0.219632584427871 
1878	 0.219630923305241 
1879	 0.219608218756155 
1880	 0.219581732060469 
1881	 0.219532170378717 
1882	 0.219466736404593 
1883	 0.219373944692537 
1884	 0.219278731413421 
1885	 0.219157900802716 
1886	 0.219023790187185 
1887	 0.218879014784712 
1888	 0.218717843250544 
1889	 0.218534443183183 
1890	 0.218337664229521 
1891	 0.218119254803179 
1892	 0.217894248289277 
1893	 0.217642553687256 
1894	 0.217400740697697 
1895	 0.217164570990855 
1896	 0.216939876584431 
1897	 0.216714444924838 
1898	 0.216487041967204 
1899	 0.216281352117655 
1900	 0.216085809900155 
1901	 0.215894209331465 
1902	 0.215723120952647 
1903	 0.215553490139976 
1904	 0.215386203240174 
1905	 0.215218841075361 
1906	 0.215051393989283 
1907	 0.214903918888226 
1908	 0.214777371655386 
1909	 0.2146602777921 
1910	 0.214559713171819 
1911	 0.214486065641678 
1912	 0.214420893206047 
1913	 0.21435994744292 
1914	 0.214320758430658 
1915	 0.214302537510749 
1916	 0.214301832092976 
1917	 0.214308668209365 
1918	 0.21433584656708 
1919	 0.214355111545042 
1920	 0.214379298933268 
1921	 0.214412226301823 
1922	 0.214437988121789 
1923	 0.214488718361598 
1924	 0.214564906733897 
1925	 0.214636130854368 
1926	 0.214717938160007 
1927	 0.214808669716548 
1928	 0.214883250872487 
1929	 0.214953021386679 
1930	 0.215021002975957 
1931	 0.215074818430827 
1932	 0.2151439661102 
1933	 0.21521065710878 
1934	 0.21529344090012 
1935	 0.215387532548744 
1936	 0.215488977738027 
1937	 0.215608248871291 
1938	 0.215723239609885 
1939	 0.215844044952913 
1940	 0.215956353424579 
1941	 0.216088236367435 
1942	 0.216220973295742 
1943	 0.216371794695163 
1944	 0.216546682427109 
1945	 0.216713847671781 
1946	 0.216899098259121 
1947	 0.217063043688527 
1948	 0.217219221299926 
1949	 0.217373241918772 
1950	 0.217527144556109 
1951	 0.217658967149106 
1952	 0.21779024589551 
1953	 0.217915196099084 
1954	 0.218041502048537 
1955	 0.218165268655653 
1956	 0.21827581168715 
1957	 0.21838477880654 
1958	 0.218484704261979 
1959	 0.218571541298267 
1960	 0.218650176909115 
1961	 0.218708809577386 
1962	 0.218784899545498 
1963	 0.218863207352383 
1964	 0.218928368344821 
1965	 0.219017918876919 
1966	 0.219129812851 
1967	 0.219237008228885 
1968	 0.219335243472864 
1969	 0.219464516411429 
1970	 0.219620487784487 
1971	 0.219767608177932 
1972	 0.219922580772856 
1973	 0.220090570928274 
1974	 0.220271466706146 
1975	 0.220442469324583 
1976	 0.220612182471493 
1977	 0.220797826736763 
1978	 0.220969041956892 
1979	 0.221117767523379 
1980	 0.221284003381476 
1981	 0.221461291564598 
1982	 0.221634280784472 
1983	 0.221806528074876 
1984	 0.221979718574738 
1985	 0.222164656549179 
1986	 0.222333924300813 
1987	 0.222496210194041 
1988	 0.222652871572205 
1989	 0.222805989633933 
1990	 0.222944961082334 
1991	 0.223093277131041 
1992	 0.223244177637364 
1993	 0.223392782695938 
1994	 0.2235460351308 
1995	 0.223689161377319 
1996	 0.223820650378711 
1997	 0.223961237453436 
1998	 0.224113402234127 
1999	 0.224244936828121 
2000	 0.224361429768456 
2001	 0.224500837816306 
2002	 0.224605871966968 
2003	 0.224686611833008 
2004	 0.224763606661974 
2005	 0.224833672742901 
2006	 0.224887407175387 
2007	 0.22492482698103 
2008	 0.224953947327404 
2009	 0.224967102489217 
2010	 0.224977697747091 
2011	 0.224979158602663 
2012	 0.224974918221061 
2013	 0.224953014965027 
2014	 0.224942703013567 
2015	 0.224935116065401 
2016	 0.224931338698236 
2017	 0.224910689045843 
2018	 0.22489519736435 
2019	 0.224864252069697 
2020	 0.224803033921238 
2021	 0.22476388920343 
2022	 0.224739867654311 
2023	 0.224698440285196 
2024	 0.224659510682707 
2025	 0.22460767934125 
2026	 0.224533185462609 
2027	 0.224462477819824 
2028	 0.22440174796314 
2029	 0.224344819442199 
2030	 0.224282156141767 
2031	 0.224230980883126 
2032	 0.224160363008199 
2033	 0.224082681539744 
2034	 0.223991280773393 
2035	 0.223884469268822 
2036	 0.223777122021206 
2037	 0.223653516727777 
2038	 0.223534716764769 
2039	 0.223410246520582 
2040	 0.223302669418045 
2041	 0.223181950102938 
2042	 0.223035857840133 
2043	 0.222900343538192 
2044	 0.22274961231252 
2045	 0.22261819986804 
2046	 0.222509269211833 
2047	 0.222374802196927 
2048	 0.222237182432213 
2049	 0.222091962842235 
2050	 0.221917855957556 
2051	 0.221767175808186 
2052	 0.221638826751795 
2053	 0.221490298125543 
2054	 0.221347325898157 
2055	 0.221180819740847 
2056	 0.221023754583827 
2057	 0.220843957862062 
2058	 0.220698064633101 
2059	 0.220572495296939 
2060	 0.220443271744612 
2061	 0.220338111744553 
2062	 0.220203597655275 
2063	 0.220053110234661 
2064	 0.219908507765008 
2065	 0.219734799282548 
2066	 0.219593497980334 
2067	 0.219466777617834 
2068	 0.219365496553622 
2069	 0.219238918758565 
2070	 0.219113315034158 
2071	 0.219007322374217 
2072	 0.218883974593064 
2073	 0.21880788337926 
2074	 0.218772801077917 
2075	 0.218731962203076 
2076	 0.218713805329978 
2077	 0.218689823129114 
2078	 0.21867244791743 
2079	 0.218659901949797 
2080	 0.218638701633928 
2081	 0.218636380923478 
2082	 0.218651459216894 
2083	 0.21867378806922 
2084	 0.218665155991031 
2085	 0.21868830916515 
2086	 0.218724210511505 
2087	 0.218718970873974 
2088	 0.21873456262975 
2089	 0.218780395149608 
2090	 0.218788077133854 
2091	 0.218769584276475 
2092	 0.218768337153071 
2093	 0.218760760377589 
2094	 0.218760374892244 
2095	 0.218756895427606 
2096	 0.218767084289558 
2097	 0.218776129415923 
2098	 0.218800758810557 
2099	 0.218842001724587 
2100	 0.218891469577249 
2101	 0.21896649034793 
2102	 0.219037960745755 
2103	 0.219116316451112 
2104	 0.219208575111998 
2105	 0.219304268782676 
2106	 0.219401338060475 
2107	 0.219514467196019 
2108	 0.219642326954913 
2109	 0.219763604828843 
2110	 0.219891257411624 
2111	 0.220018259280045 
2112	 0.220155326987198 
2113	 0.220279248107264 
2114	 0.220407406147732 
2115	 0.220500874488384 
2116	 0.220628166620785 
2117	 0.220784816205169 
2118	 0.220930942904953 
2119	 0.221097078153514 
2120	 0.221242066853584 
2121	 0.22135553298088 
2122	 0.221501207515834 
2123	 0.221670512962968 
2124	 0.22181368813986 
2125	 0.221956096069435 
2126	 0.222095614852687 
2127	 0.222233663123403 
2128	 0.222345581380449 
2129	 0.222446048765896 
2130	 0.222539464387265 
2131	 0.222597099010063 
2132	 0.222670782993675 
2133	 0.222756996880844 
2134	 0.222848706896142 
2135	 0.222888397289025 
2136	 0.222919412279464 
2137	 0.222933061444443 
2138	 0.222936361781355 
2139	 0.222964917474618 
2140	 0.223002028182716 
2141	 0.223054263935966 
2142	 0.223125132387528 
2143	 0.223193901610017 
2144	 0.223269840989953 
2145	 0.223358652469326 
2146	 0.223458594314127 
2147	 0.22355391954729 
2148	 0.223667432450896 
2149	 0.2237688392959 
2150	 0.223856905603566 
2151	 0.223958763219229 
2152	 0.224059494058445 
2153	 0.224143224976473 
2154	 0.224165834810277 
2155	 0.224167328413923 
2156	 0.22417505520865 
2157	 0.224128264099478 
2158	 0.224148530065346 
2159	 0.22421370339337 
2160	 0.224253867748863 
2161	 0.224287871099474 
2162	 0.224348656879824 
2163	 0.224406511774804 
2164	 0.224492617403702 
2165	 0.2246286029295 
2166	 0.224743167579143 
2167	 0.224846419032828 
2168	 0.224974665256445 
2169	 0.225110921622272 
2170	 0.22525793481601 
2171	 0.225423024084216 
2172	 0.225612938913521 
2173	 0.225783576376976 
2174	 0.225926624180258 
2175	 0.226107370973379 
2176	 0.226303404658965 
2177	 0.22648246548582 
2178	 0.226695863938551 
2179	 0.226845919514242 
2180	 0.226958551095749 
2181	 0.227056802411023 
2182	 0.227112913227513 
2183	 0.227189873957368 
2184	 0.22722420470367 
2185	 0.22732375832764 
2186	 0.227449452035491 
2187	 0.227593833162227 
2188	 0.227812803990344 
2189	 0.227987552766655 
2190	 0.228131438651728 
2191	 0.228312231722637 
2192	 0.228504916509297 
2193	 0.228681338777526 
2194	 0.228902275189731 
2195	 0.229180141235499 
2196	 0.229411569206491 
2197	 0.229611475214608 
2198	 0.229795421188378 
2199	 0.229946521247703 
2200	 0.230103852596582 
2201	 0.230240326373376 
2202	 0.230390624826151 
2203	 0.230538640368776 
2204	 0.230688249109526 
2205	 0.230840940759226 
2206	 0.231001398025891 
2207	 0.231134562511002 
2208	 0.231329753782536 
2209	 0.231575207939889 
2210	 0.231797661368513 
2211	 0.232039298700809 
2212	 0.232299705138013 
2213	 0.232527702717953 
2214	 0.232807910761917 
2215	 0.233157623332477 
2216	 0.233504890720847 
2217	 0.23380709797541 
2218	 0.234149693560899 
2219	 0.234442518478193 
2220	 0.234731141442468 
2221	 0.235013176343787 
2222	 0.235301626039933 
2223	 0.235551777028289 
2224	 0.235779226228816 
2225	 0.235988668055703 
2226	 0.236174551279762 
2227	 0.236349601015044 
2228	 0.236525140802469 
2229	 0.236642638375534 
2230	 0.236731052481678 
2231	 0.236791765737569 
2232	 0.236786082422813 
2233	 0.236791246540941 
2234	 0.236799445538275 
2235	 0.236761098354826 
2236	 0.236697157346021 
2237	 0.236610068101758 
2238	 0.236502102924903 
2239	 0.236338475901746 
2240	 0.236117416447918 
2241	 0.235901511335428 
2242	 0.235650257628254 
2243	 0.235367629036498 
2244	 0.235102161735253 
2245	 0.234812539349069 
2246	 0.234599949814108 
2247	 0.234444706661527 
2248	 0.234265016205668 
2249	 0.23415640998553 
2250	 0.233990500193042 
2251	 0.233762109911705 
2252	 0.233591933763289 
2253	 0.233463682912636 
2254	 0.233301370069339 
2255	 0.233130037191451 
2256	 0.232969298182242 
2257	 0.232792949159063 
2258	 0.232638495976658 
2259	 0.232499496832542 
2260	 0.232373954375538 
2261	 0.232260062728518 
2262	 0.232156472939139 
2263	 0.232079389957762 
2264	 0.231990669209885 
2265	 0.231847332709129 
2266	 0.231805383181556 
2267	 0.231841555011376 
2268	 0.231854719918475 
2269	 0.231969900314985 
2270	 0.232004414879331 
2271	 0.231924315824121 
2272	 0.231917010747732 
2273	 0.231894187107256 
2274	 0.231937845889655 
2275	 0.231994387753322 
2276	 0.232086490723169 
2277	 0.232289391958106 
2278	 0.232480583207156 
2279	 0.232639415529488 
2280	 0.232872409473723 
2281	 0.232988107557068 
2282	 0.232988137118331 
2283	 0.233051143348416 
2284	 0.233098579298352 
2285	 0.233185198176182 
2286	 0.23327174273387 
2287	 0.233395356312815 
2288	 0.233571688780765 
2289	 0.233719852662262 
2290	 0.233886878012294 
2291	 0.23403324740977 
2292	 0.234118835722026 
2293	 0.234308132528285 
2294	 0.234494097631481 
2295	 0.234792536898202 
2296	 0.235214539566101 
2297	 0.235644889983304 
2298	 0.23619315403779 
2299	 0.236675815330006 
2300	 0.23714437389198 
2301	 0.23764437764935 
2302	 0.238115173559898 
2303	 0.238640118595656 
2304	 0.239330542962108 
2305	 0.239836334981274 
2306	 0.240288700114697 
2307	 0.240669008823389 
2308	 0.241026752176469 
2309	 0.241138402229523 
2310	 0.241111224717947 
2311	 0.240945183612291 
2312	 0.240479704379966 
2313	 0.23996049511773 
2314	 0.23933101427406 
2315	 0.23865238807537 
2316	 0.237862373180006 
2317	 0.236882749047035 
2318	 0.236094176675318 
2319	 0.235257009577304 
2320	 0.234608797022834 
2321	 0.234115871850519 
2322	 0.233582272414167 
2323	 0.233109206817957 
2324	 0.232665601823262 
2325	 0.232193543329813 
2326	 0.231899601501154 
2327	 0.23175390664949 
2328	 0.231561121744789 
2329	 0.23142350339626 
2330	 0.231367071572695 
2331	 0.231309551839438 
2332	 0.231365173169897 
2333	 0.231646095242281 
2334	 0.231749098981825 
2335	 0.231794952542355 
2336	 0.23189940357715 
2337	 0.231894279318874 
2338	 0.232094178955325 
2339	 0.232509356754475 
2340	 0.232781152248003 
2341	 0.233074245242673 
2342	 0.233384929416613 
2343	 0.233640647987493 
2344	 0.233913236883491 
2345	 0.234266168174616 
2346	 0.234573644729765 
2347	 0.234831835281147 
2348	 0.235074013975603 
2349	 0.235358968080208 
2350	 0.235540254825064 
2351	 0.235675805595415 
2352	 0.235701302097143 
2353	 0.235493156623825 
2354	 0.23549174159734 
2355	 0.235539247475753 
2356	 0.235545122348802 
2357	 0.235748553254199 
2358	 0.235758272863704 
2359	 0.235456559067585 
2360	 0.235389198102129 
2361	 0.235351166820827 
2362	 0.235407430610887 
2363	 0.235628818132411 
2364	 0.235865029985979 
2365	 0.236219656977767 
2366	 0.236490020097128 
2367	 0.23675267164019 
2368	 0.237047445536274 
2369	 0.237309518492395 
2370	 0.23756250383555 
2371	 0.237853790399484 
2372	 0.23814283416328 
2373	 0.238372851721478 
2374	 0.238658115336552 
2375	 0.239138946486174 
2376	 0.239399332786206 
2377	 0.239399195273985 
2378	 0.239587590981583 
2379	 0.239703949761459 
2380	 0.239889377429401 
2381	 0.240400434735986 
2382	 0.240866022941131 
2383	 0.241066807961295 
2384	 0.241202932831794 
2385	 0.241339204706706 
2386	 0.241609569541826 
2387	 0.241935403970328 
2388	 0.242180271454717 
2389	 0.242347354430876 
2390	 0.242477487700256 
2391	 0.242759689558885 
2392	 0.243106461346158 
2393	 0.243205264188357 
2394	 0.243296702219848 
2395	 0.243389094628927 
2396	 0.243385172921869 
2397	 0.243597808090689 
2398	 0.243801005979021 
2399	 0.243740495495045 
2400	 0.2438191607302 
2401	 0.243814547922373 
2402	 0.24366517629993 
2403	 0.243708823339252 
2404	 0.243686174916605 
2405	 0.243847455060617 
2406	 0.244064060231005 
2407	 0.244008784798451 
2408	 0.243816533297825 
2409	 0.243614556268766 
2410	 0.243548828204038 
2411	 0.243524254053179 
2412	 0.243618378044151 
2413	 0.243613804098645 
2414	 0.243159145548635 
2415	 0.242495250642589 
2416	 0.242099418035709 
2417	 0.24187273640326 
2418	 0.241648376941786 
2419	 0.241835881101839 
2420	 0.242051746111893 
2421	 0.24188680417627 
2422	 0.241781614597744 
2423	 0.241658691431123 
2424	 0.241492001872625 
2425	 0.241288880721252 
2426	 0.240961604415425 
2427	 0.240834322440572 
2428	 0.240582636479454 
2429	 0.240256940690777 
2430	 0.240191364750643 
2431	 0.239846289894356 
2432	 0.239315151392928 
2433	 0.239106070303598 
2434	 0.238608091195949 
2435	 0.237768782399231 
2436	 0.236942394767707 
2437	 0.235891322365621 
2438	 0.235466371420373 
2439	 0.235607825197786 
2440	 0.236084716310241 
2441	 0.236934480346903 
2442	 0.236983479819705 
2443	 0.236870632992498 
2444	 0.236452032545093 
2445	 0.234935985944829 
2446	 0.234063546298448 
2447	 0.233495352123952 
2448	 0.232597649229245 
2449	 0.232569966206635 
2450	 0.232176962633782 
2451	 0.231333997693715 
2452	 0.230963331423333 
2453	 0.23045124336493 
2454	 0.230441999029269 
2455	 0.230058923729445 
2456	 0.22919189269159 
2457	 0.229552919395371 
2458	 0.229192641700312 
2459	 0.229022414601724 
2460	 0.228761648349511 
2461	 0.22738208237305 
2462	 0.226851850822924 
2463	 0.22707975938264 
2464	 0.227281366508959 
2465	 0.2280763589393 
2466	 0.227926311411576 
2467	 0.227646120533182 
2468	 0.227131627518686 
2469	 0.225419681110959 
2470	 0.224511184927543 
2471	 0.223559915054778 
2472	 0.222910760600756 
2473	 0.223375755284448 
2474	 0.222862533408006 
2475	 0.221719113304648 
2476	 0.221564834273526 
2477	 0.221444086277951 
2478	 0.221036582355023 
2479	 0.221978361661006 
2480	 0.221083815170434 
2481	 0.217412305345607 
2482	 0.216360417868309 
2483	 0.215685617692295 
2484	 0.21638999663536 
2485	 0.220260038870388 
2486	 0.221641116107872 
2487	 0.222667609791396 
2488	 0.22336056157095 
2489	 0.222355247578447 
2490	 0.22175758511094 
2491	 0.223303466714388 
2492	 0.223921802968015 
2493	 0.224650039035573 
2494	 0.226843841419643 
2495	 0.22628533996323 
2496	 0.225191065729157 
2497	 0.225135958757068 
2498	 0.22485673461079 
2499	 0.22389734085977 
2500	 0.224490081469573 
