Wavelength	C:\Documents and Settings\All Users\Application Data\ASD\Indico Pro\Projects\McBeth_080818\#9.txt
350	 0.114206394211819 
351	 0.111598919035077 
352	 0.113593090407891 
353	 0.114548210941902 
354	 0.112603848537006 
355	 0.110678761827095 
356	 0.106100757468133 
357	 0.103773245871311 
358	 0.105685027213957 
359	 0.103318642839803 
360	 0.103256191525865 
361	 0.10388253550318 
362	 0.101526480733118 
363	 0.101109009690122 
364	 0.102596886041697 
365	 0.104170563395602 
366	 0.103037112526538 
367	 0.104781107482274 
368	 0.105169970157702 
369	 0.102940600645408 
370	 0.108232203938196 
371	 0.10795561546543 
372	 0.105443206854534 
373	 0.107795728345126 
374	 0.106207692370726 
375	 0.108357469728557 
376	 0.113623899545077 
377	 0.113825258409611 
378	 0.114963279303859 
379	 0.115650783522841 
380	 0.115568391282963 
381	 0.119548852761379 
382	 0.121753650648858 
383	 0.123369212030091 
384	 0.126869527056226 
385	 0.128654597600074 
386	 0.130082452770589 
387	 0.132098573393978 
388	 0.134976292621419 
389	 0.136996453013349 
390	 0.139668679954475 
391	 0.143368124239613 
392	 0.145124357947395 
393	 0.147640497827754 
394	 0.150184726543732 
395	 0.151474734812408 
396	 0.153269148368247 
397	 0.154760993694574 
398	 0.155870875745861 
399	 0.157214831313555 
400	 0.158990557609675 
401	 0.159720127589453 
402	 0.159212607065179 
403	 0.160392640051676 
404	 0.161008484467649 
405	 0.160849571074167 
406	 0.160467521369101 
407	 0.160571309787467 
408	 0.160578944469274 
409	 0.160420221823984 
410	 0.160498445913865 
411	 0.160106828367047 
412	 0.159519416193469 
413	 0.158942488759551 
414	 0.15801973155854 
415	 0.157118331357973 
416	 0.156552608683666 
417	 0.1564314387003 
418	 0.155958495290918 
419	 0.155306128319844 
420	 0.154728016295569 
421	 0.154461607120178 
422	 0.153976438060059 
423	 0.15309225412593 
424	 0.152071593230411 
425	 0.152207878648469 
426	 0.15168215376542 
427	 0.150813032698279 
428	 0.150733577330196 
429	 0.150418560727315 
430	 0.14987563187433 
431	 0.149269221974664 
432	 0.148826184254834 
433	 0.148507368152207 
434	 0.148291662468079 
435	 0.148110408467456 
436	 0.147788771735108 
437	 0.147104663070361 
438	 0.146436124776084 
439	 0.146423734122593 
440	 0.146090230551893 
441	 0.145580824700942 
442	 0.14518611898495 
443	 0.145221535496819 
444	 0.14491302067738 
445	 0.144392046217787 
446	 0.144029552795138 
447	 0.14374477445434 
448	 0.143430435927962 
449	 0.143025803626869 
450	 0.142527650705286 
451	 0.14207169823749 
452	 0.141731666993624 
453	 0.141432403182248 
454	 0.140734544024043 
455	 0.140190036337483 
456	 0.139762385294705 
457	 0.139194982955037 
458	 0.138845602796326 
459	 0.138417095653023 
460	 0.137828460330391 
461	 0.137365696239035 
462	 0.136861411245329 
463	 0.136348440661039 
464	 0.135878861231852 
465	 0.135375418388581 
466	 0.134933587465057 
467	 0.134430077156834 
468	 0.133634648990067 
469	 0.133066751737765 
470	 0.132566643066341 
471	 0.13198632223529 
472	 0.131406535515584 
473	 0.130978105292983 
474	 0.130497615727936 
475	 0.129728348201928 
476	 0.129054787285882 
477	 0.1285631511549 
478	 0.128180811647337 
479	 0.127692188231293 
480	 0.127161783927267 
481	 0.126574792334471 
482	 0.12594553210224 
483	 0.125413587773311 
484	 0.124903282363951 
485	 0.124391574259303 
486	 0.12388483718792 
487	 0.123361047095875 
488	 0.12279801309981 
489	 0.122241570869447 
490	 0.121866223831495 
491	 0.121353963251101 
492	 0.120697738534357 
493	 0.120033961229496 
494	 0.119651000762337 
495	 0.119119008010761 
496	 0.118426122789081 
497	 0.117991457161443 
498	 0.11755571251038 
499	 0.117075803944356 
500	 0.116552089686927 
501	 0.115967921582918 
502	 0.115442288500017 
503	 0.114958912367009 
504	 0.114435519429861 
505	 0.113956569544488 
506	 0.113432011438321 
507	 0.112841071098032 
508	 0.112308618398703 
509	 0.111754988682564 
510	 0.111252940343086 
511	 0.110847833348112 
512	 0.11022235515209 
513	 0.109678083098837 
514	 0.109239815395562 
515	 0.108650047396175 
516	 0.108091980561311 
517	 0.107556049119336 
518	 0.107026300426278 
519	 0.106574876292215 
520	 0.106178895064029 
521	 0.105814777235149 
522	 0.105462510488933 
523	 0.105144874459951 
524	 0.104873333551118 
525	 0.104641499182793 
526	 0.10441329388009 
527	 0.104230208414276 
528	 0.104086110527926 
529	 0.103956866014535 
530	 0.103809872356314 
531	 0.103707683079077 
532	 0.103636124330795 
533	 0.103505549312419 
534	 0.103447330538055 
535	 0.103434948932618 
536	 0.103429399413059 
537	 0.103466848146278 
538	 0.103476794385045 
539	 0.10343508069722 
540	 0.103360670998048 
541	 0.103397606168005 
542	 0.103416999528993 
543	 0.103372682041549 
544	 0.103436800005352 
545	 0.103532697256141 
546	 0.103599789610952 
547	 0.103614997769149 
548	 0.103747865607714 
549	 0.103907642521473 
550	 0.104045939310137 
551	 0.104183032792919 
552	 0.104379441995004 
553	 0.104662073939401 
554	 0.105011741833247 
555	 0.10529795961991 
556	 0.105583910532971 
557	 0.105909503344784 
558	 0.106293578887048 
559	 0.106711314431282 
560	 0.107169715253164 
561	 0.107670516772863 
562	 0.108183672162012 
563	 0.108806144302603 
564	 0.109486854362134 
565	 0.110149050238045 
566	 0.110966356219324 
567	 0.111958551535692 
568	 0.11314206420987 
569	 0.114546409399871 
570	 0.116181104592991 
571	 0.118115631079296 
572	 0.120436293769264 
573	 0.123233602159063 
574	 0.126486995434269 
575	 0.130232803530065 
576	 0.134561140951863 
577	 0.139643293977107 
578	 0.14533009749664 
579	 0.151510610731573 
580	 0.158298884572851 
581	 0.165644844133248 
582	 0.173613014366921 
583	 0.18226835367274 
584	 0.19139257881909 
585	 0.201067009364721 
586	 0.211319423164366 
587	 0.222108313317466 
588	 0.233251469159156 
589	 0.244708199980417 
590	 0.256478060352473 
591	 0.268439588612196 
592	 0.280511415225297 
593	 0.292652652555802 
594	 0.304836219079189 
595	 0.316882472773637 
596	 0.328780502009566 
597	 0.340521754555181 
598	 0.352046418230701 
599	 0.363309811610989 
600	 0.374210013668475 
601	 0.384644389849267 
602	 0.39470265857996 
603	 0.404340279490779 
604	 0.413527217524812 
605	 0.422279350199243 
606	 0.430505496565178 
607	 0.438267919115189 
608	 0.445627334377405 
609	 0.452342434850565 
610	 0.458624091192443 
611	 0.464558928349915 
612	 0.470079283817141 
613	 0.475171784008714 
614	 0.479887154900262 
615	 0.484255986228422 
616	 0.488190604353265 
617	 0.491845437114448 
618	 0.495240437940068 
619	 0.498319087002941 
620	 0.50113795640986 
621	 0.503732897488103 
622	 0.506117583376134 
623	 0.508281850405378 
624	 0.510263097465564 
625	 0.512061756242647 
626	 0.513681503993344 
627	 0.515203233665101 
628	 0.516577481396174 
629	 0.517794967606041 
630	 0.518893464624249 
631	 0.519919533344037 
632	 0.520911826876303 
633	 0.521852609030623 
634	 0.522574618689933 
635	 0.523230800652274 
636	 0.523877389353109 
637	 0.524503909758641 
638	 0.525037722693408 
639	 0.525544220299324 
640	 0.526048260025533 
641	 0.526470864023103 
642	 0.526837157447874 
643	 0.527183623601945 
644	 0.527532377049462 
645	 0.527796062812779 
646	 0.528076481378511 
647	 0.528373773872059 
648	 0.528580656482985 
649	 0.528794633315016 
650	 0.529018434874274 
651	 0.529233735351511 
652	 0.529418081098145 
653	 0.529630832783728 
654	 0.529836600981494 
655	 0.529963684910001 
656	 0.530130882347043 
657	 0.530283832169272 
658	 0.530385711986885 
659	 0.530461585170294 
660	 0.53049295270184 
661	 0.530491147360252 
662	 0.530471861647956 
663	 0.530424403958537 
664	 0.530341903535353 
665	 0.530282229836633 
666	 0.530348999838939 
667	 0.530368478957471 
668	 0.530332365560064 
669	 0.530286750992524 
670	 0.530334091978749 
671	 0.530356025165796 
672	 0.530305454945072 
673	 0.530187859549576 
674	 0.530107022496708 
675	 0.530061694952839 
676	 0.530037533744587 
677	 0.530019134457051 
678	 0.530005250577113 
679	 0.529991942251303 
680	 0.529972189611894 
681	 0.529923188992215 
682	 0.529902030816498 
683	 0.529895643426401 
684	 0.529850218881211 
685	 0.529893180855096 
686	 0.529989064054788 
687	 0.530087743134253 
688	 0.530164320053115 
689	 0.530207615572657 
690	 0.530237143205566 
691	 0.530289191055978 
692	 0.530414914088953 
693	 0.530528435327899 
694	 0.530578185787072 
695	 0.530561553691868 
696	 0.530550852395946 
697	 0.530573577482667 
698	 0.530625729609896 
699	 0.530656891179818 
700	 0.5306505557474 
701	 0.530654051033044 
702	 0.530730603082048 
703	 0.530796369668643 
704	 0.530787746791636 
705	 0.530744973500169 
706	 0.530844123617264 
707	 0.530918127747721 
708	 0.530952612784391 
709	 0.530976704346266 
710	 0.531018603069203 
711	 0.531067135302344 
712	 0.531111507473364 
713	 0.531144147898269 
714	 0.531182271788132 
715	 0.531237468725041 
716	 0.531300617981803 
717	 0.531328265742528 
718	 0.531354291508398 
719	 0.531393148453965 
720	 0.531441320138548 
721	 0.531442375053648 
722	 0.531460584490977 
723	 0.531521642529927 
724	 0.531607854842308 
725	 0.531627323653785 
726	 0.531618696561264 
727	 0.531621296383551 
728	 0.53161843746474 
729	 0.531695969668116 
730	 0.531764807009175 
731	 0.531714500558663 
732	 0.531690133061733 
733	 0.531714830667567 
734	 0.531767205679544 
735	 0.531792923723079 
736	 0.531842820989675 
737	 0.531896089723658 
738	 0.531918173214799 
739	 0.531859189304015 
740	 0.531877922394797 
741	 0.531956180564907 
742	 0.53200855062828 
743	 0.532043043981916 
744	 0.532066743752265 
745	 0.532089915440799 
746	 0.53212554045395 
747	 0.532205515214774 
748	 0.532290913570274 
749	 0.532337795091132 
750	 0.532318218845147 
751	 0.5323381908402 
752	 0.532354474752062 
753	 0.532301444224691 
754	 0.532391066381005 
755	 0.532447672631981 
756	 0.532418367938967 
757	 0.532404167724685 
758	 0.53245383950438 
759	 0.532460219323533 
760	 0.5323740729356 
761	 0.532356542318614 
762	 0.532375651266637 
763	 0.532401445449704 
764	 0.532410068836454 
765	 0.532436104471663 
766	 0.53248050322475 
767	 0.532504126202291 
768	 0.532442633179142 
769	 0.532421286000348 
770	 0.532433317883711 
771	 0.532444558968596 
772	 0.532411308282294 
773	 0.532441950326257 
774	 0.532486045792729 
775	 0.532449343290829 
776	 0.532307238816175 
777	 0.532303907341568 
778	 0.532402096500804 
779	 0.532350377466427 
780	 0.532328983576142 
781	 0.532341709894183 
782	 0.532355598768043 
783	 0.532318306239717 
784	 0.532274490083359 
785	 0.532280011759853 
786	 0.53234177005838 
787	 0.532275372222425 
788	 0.532243101739703 
789	 0.53227012856116 
790	 0.532287333416922 
791	 0.532257357249974 
792	 0.53219918935988 
793	 0.532145031905396 
794	 0.532131229820135 
795	 0.532087284329778 
796	 0.532062898784845 
797	 0.532092627482554 
798	 0.532103218877355 
799	 0.532011910512566 
800	 0.531911188988123 
801	 0.531931504324275 
802	 0.531927733171511 
803	 0.531935699423274 
804	 0.531936424273576 
805	 0.531864555646181 
806	 0.531840752142399 
807	 0.531846573386284 
808	 0.53183407615185 
809	 0.53174484593267 
810	 0.531685325284338 
811	 0.531671665328963 
812	 0.531674636528475 
813	 0.531611159183165 
814	 0.531588483308213 
815	 0.531589387677519 
816	 0.531536474370916 
817	 0.531475509646139 
818	 0.531425762142107 
819	 0.531420443236968 
820	 0.531497986863059 
821	 0.531480174691077 
822	 0.531413723320701 
823	 0.531370007427321 
824	 0.531377037871277 
825	 0.531348654712188 
826	 0.531281004424332 
827	 0.531222380129185 
828	 0.5313052901257 
829	 0.531348913631026 
830	 0.531306503627442 
831	 0.531226841766962 
832	 0.531161615513571 
833	 0.531148115649089 
834	 0.531146796680712 
835	 0.531052016909233 
836	 0.531001098114602 
837	 0.531008312781085 
838	 0.5310436925644 
839	 0.531044080528267 
840	 0.530986004414539 
841	 0.530924170504868 
842	 0.530917441776435 
843	 0.530954753584963 
844	 0.530944021665473 
845	 0.530900564386386 
846	 0.530887906603334 
847	 0.530891995006622 
848	 0.530865413968732 
849	 0.53081671966895 
850	 0.530800517991651 
851	 0.530787979290217 
852	 0.530792317539468 
853	 0.530810230741206 
854	 0.530808595987316 
855	 0.530741306315063 
856	 0.530698832031954 
857	 0.530734692704529 
858	 0.530740152768518 
859	 0.530713751310005 
860	 0.530670191327816 
861	 0.530641478016049 
862	 0.530692740600769 
863	 0.530679211023106 
864	 0.530595093340583 
865	 0.530531699256768 
866	 0.530620741160989 
867	 0.530659140690346 
868	 0.530603066528881 
869	 0.530568555076123 
870	 0.530508107918077 
871	 0.530488931098724 
872	 0.530523432348448 
873	 0.530533700934591 
874	 0.530524087601944 
875	 0.530526890949797 
876	 0.530552964418666 
877	 0.530555636022098 
878	 0.530533505921629 
879	 0.530500503189262 
880	 0.530481368670177 
881	 0.530508424562842 
882	 0.530607258494601 
883	 0.530658933744859 
884	 0.530553428638552 
885	 0.530501089893614 
886	 0.530502348966661 
887	 0.530550063258225 
888	 0.530620604747715 
889	 0.530618429951811 
890	 0.53059036471688 
891	 0.530608733520096 
892	 0.530724151725303 
893	 0.530685053615074 
894	 0.530660352526539 
895	 0.530683807274876 
896	 0.530573440632915 
897	 0.53063129573504 
898	 0.530722299222535 
899	 0.530712566865793 
900	 0.530618365035313 
901	 0.530585057536276 
902	 0.530598624157986 
903	 0.530618735476154 
904	 0.530653097307095 
905	 0.53062208002597 
906	 0.530639263992081 
907	 0.530762861877563 
908	 0.530690436071042 
909	 0.530670700740097 
910	 0.530722618185752 
911	 0.530770806031136 
912	 0.530748570734525 
913	 0.530806958571561 
914	 0.530912766790908 
915	 0.530937647426281 
916	 0.530791051972243 
917	 0.530764931917483 
918	 0.530872332127185 
919	 0.530948361848873 
920	 0.531023770348361 
921	 0.531030294265065 
922	 0.531005959024933 
923	 0.53105455116563 
924	 0.531097927260912 
925	 0.5311276026623 
926	 0.531163140703467 
927	 0.531230996943975 
928	 0.531224764801153 
929	 0.531250721466508 
930	 0.531341653167232 
931	 0.531415329729553 
932	 0.531371743339052 
933	 0.531312261290581 
934	 0.531339709108282 
935	 0.531494959131705 
936	 0.531612255611781 
937	 0.531602427474419 
938	 0.53151680507456 
939	 0.531560169753621 
940	 0.531655030865329 
941	 0.531749876363949 
942	 0.531789530567333 
943	 0.531722413425208 
944	 0.531689914023598 
945	 0.531695547872501 
946	 0.531748227297631 
947	 0.53190993009583 
948	 0.531924989233647 
949	 0.531900052213671 
950	 0.531933853694832 
951	 0.531955744794794 
952	 0.532004790164314 
953	 0.532048165197944 
954	 0.532064475138275 
955	 0.532082207570504 
956	 0.532129878808208 
957	 0.532145779278236 
958	 0.53211954080998 
959	 0.532170441094856 
960	 0.532161546493315 
961	 0.532165607210812 
962	 0.53219774067929 
963	 0.532084904892619 
964	 0.532127932669729 
965	 0.532199586063768 
966	 0.532197191557132 
967	 0.532250047015077 
968	 0.53233148746262 
969	 0.532351390318211 
970	 0.532278869441982 
971	 0.532211393709814 
972	 0.532397765309587 
973	 0.53242558328177 
974	 0.532219252749171 
975	 0.532417459940067 
976	 0.532529163841891 
977	 0.532579170252058 
978	 0.532623331720979 
979	 0.532625681828953 
980	 0.53281814389573 
981	 0.532802485694255 
982	 0.532544279366582 
983	 0.532571714417604 
984	 0.532609205118674 
985	 0.532557119136019 
986	 0.532513366279383 
987	 0.532720014001242 
988	 0.532924356989313 
989	 0.533069535995901 
990	 0.533101426721506 
991	 0.532993092670355 
992	 0.53305409675746 
993	 0.532992848566152 
994	 0.532918611414613 
995	 0.533171753559809 
996	 0.533084600769134 
997	 0.533113979317479 
998	 0.533231781128362 
999	 0.533146154752459 
1000	 0.533267089513761 
1001	 0.532175639778644 
1002	 0.53223531100285 
1003	 0.532286195415377 
1004	 0.532326133583383 
1005	 0.532340155261315 
1006	 0.532361511360368 
1007	 0.532433349479372 
1008	 0.532518441014835 
1009	 0.532594965712327 
1010	 0.5327055698288 
1011	 0.532800200399152 
1012	 0.532879660030019 
1013	 0.533000687033385 
1014	 0.533089532745661 
1015	 0.533132967551345 
1016	 0.533202706763585 
1017	 0.533270892344417 
1018	 0.53334062762336 
1019	 0.533430713815875 
1020	 0.53353643792377 
1021	 0.533600236779395 
1022	 0.533652460299529 
1023	 0.533727926334234 
1024	 0.533825213144691 
1025	 0.533936936536356 
1026	 0.534027594802494 
1027	 0.534074597412958 
1028	 0.534116755145889 
1029	 0.534210054024788 
1030	 0.5343106456114 
1031	 0.534466816745327 
1032	 0.534574003325203 
1033	 0.534684021902467 
1034	 0.534729285374978 
1035	 0.534789070834289 
1036	 0.534864256636311 
1037	 0.534927738012619 
1038	 0.535039226719366 
1039	 0.535132663198158 
1040	 0.535190990571028 
1041	 0.535290293849194 
1042	 0.535374300018762 
1043	 0.535460836755568 
1044	 0.535565902889813 
1045	 0.535637268442993 
1046	 0.535677166031619 
1047	 0.53574159415002 
1048	 0.53580307073569 
1049	 0.535854118845143 
1050	 0.535905767194465 
1051	 0.535950629436445 
1052	 0.535999141931559 
1053	 0.53604943150708 
1054	 0.536106090564982 
1055	 0.536176390535273 
1056	 0.536233012178137 
1057	 0.536247051566824 
1058	 0.536288226761367 
1059	 0.53636320751872 
1060	 0.5364161168618 
1061	 0.536467976453288 
1062	 0.536524674606994 
1063	 0.536580592392839 
1064	 0.536617324726955 
1065	 0.536676317389671 
1066	 0.536728749813312 
1067	 0.536797486789905 
1068	 0.536889249806883 
1069	 0.536968808524182 
1070	 0.537051595555416 
1071	 0.537140469327297 
1072	 0.537214462916811 
1073	 0.537288290388243 
1074	 0.537352603624381 
1075	 0.537437154811412 
1076	 0.537535015779141 
1077	 0.537618392539848 
1078	 0.537722856248275 
1079	 0.537803835087366 
1080	 0.537862622399409 
1081	 0.537905518226703 
1082	 0.537980735550346 
1083	 0.538044123569613 
1084	 0.538152706909346 
1085	 0.538296772661914 
1086	 0.538378136699794 
1087	 0.538438849032112 
1088	 0.538518459539561 
1089	 0.538556891840104 
1090	 0.538639485794285 
1091	 0.538781128267601 
1092	 0.53888989453773 
1093	 0.538991701055017 
1094	 0.539089050866809 
1095	 0.539177594231629 
1096	 0.539257841544842 
1097	 0.539350787780738 
1098	 0.539444352574489 
1099	 0.539566099736374 
1100	 0.539684952313547 
1101	 0.539798383521569 
1102	 0.53992767030887 
1103	 0.54002515252504 
1104	 0.540099192600059 
1105	 0.54018064218772 
1106	 0.540256926164051 
1107	 0.540320574307394 
1108	 0.54036325800675 
1109	 0.540436978899199 
1110	 0.540517818092711 
1111	 0.540593444012148 
1112	 0.540690897262795 
1113	 0.540777215075312 
1114	 0.540845919901313 
1115	 0.540910276867184 
1116	 0.54098657778424 
1117	 0.541070251285558 
1118	 0.541124584614623 
1119	 0.541155299937081 
1120	 0.541187706914799 
1121	 0.541197640749272 
1122	 0.541220204177386 
1123	 0.541249635753454 
1124	 0.541271416321305 
1125	 0.541300004853995 
1126	 0.541307137372017 
1127	 0.541303891561194 
1128	 0.541292810022391 
1129	 0.541270460671668 
1130	 0.541233275634758 
1131	 0.541190927358441 
1132	 0.541154116766625 
1133	 0.541112949106945 
1134	 0.541064211651667 
1135	 0.541024906297952 
1136	 0.540992127352376 
1137	 0.540953715509582 
1138	 0.540912011119252 
1139	 0.540878625021768 
1140	 0.540837836358879 
1141	 0.540816006825967 
1142	 0.540809612355477 
1143	 0.540803387348006 
1144	 0.540798142931362 
1145	 0.540810940584333 
1146	 0.54083460096321 
1147	 0.540863856569028 
1148	 0.540904769337918 
1149	 0.540944840909803 
1150	 0.54098603112131 
1151	 0.541023419941972 
1152	 0.541061594787283 
1153	 0.541105237411806 
1154	 0.54114116064356 
1155	 0.541176594106476 
1156	 0.541202277584328 
1157	 0.54122426809133 
1158	 0.541238508623492 
1159	 0.541242502024805 
1160	 0.541243345664368 
1161	 0.54124090546919 
1162	 0.541231932855755 
1163	 0.541211240660587 
1164	 0.541194957028787 
1165	 0.541181812565044 
1166	 0.541156676689003 
1167	 0.541133430565027 
1168	 0.541114138017995 
1169	 0.541084115689151 
1170	 0.541045822960534 
1171	 0.541008333744759 
1172	 0.540963466685848 
1173	 0.540925309871689 
1174	 0.540893412487317 
1175	 0.540849885722715 
1176	 0.540809442954652 
1177	 0.540756163581649 
1178	 0.540691353187077 
1179	 0.540620919546937 
1180	 0.540540038151993 
1181	 0.54045981279325 
1182	 0.540370449554042 
1183	 0.540283502581429 
1184	 0.540196784391274 
1185	 0.540110146206638 
1186	 0.540024680243227 
1187	 0.539936575455036 
1188	 0.539856545719136 
1189	 0.539772984301639 
1190	 0.539711137722065 
1191	 0.539661473110154 
1192	 0.539616525363595 
1193	 0.539582484678937 
1194	 0.539558441289862 
1195	 0.539541249270302 
1196	 0.539531682492788 
1197	 0.539537461003808 
1198	 0.539545166093662 
1199	 0.539549444688637 
1200	 0.539570390313652 
1201	 0.539605303205728 
1202	 0.539644658847409 
1203	 0.539692379295941 
1204	 0.539751981997489 
1205	 0.539815685445739 
1206	 0.539887312044003 
1207	 0.539957755718053 
1208	 0.54003912741146 
1209	 0.540110897866146 
1210	 0.540174485039523 
1211	 0.540247476394562 
1212	 0.540318361310039 
1213	 0.54039875606694 
1214	 0.540498180279684 
1215	 0.5405800880747 
1216	 0.540661372982196 
1217	 0.540735971260711 
1218	 0.540788660792208 
1219	 0.540855882968092 
1220	 0.540926372381662 
1221	 0.541003659415133 
1222	 0.541077593056447 
1223	 0.541155210375173 
1224	 0.54123570168105 
1225	 0.541318101181662 
1226	 0.541396026841143 
1227	 0.54147668586636 
1228	 0.541557282589621 
1229	 0.54162315459094 
1230	 0.541712341328267 
1231	 0.541808796578269 
1232	 0.541921164383127 
1233	 0.542057188689708 
1234	 0.542185125309766 
1235	 0.542319971602238 
1236	 0.542458045614443 
1237	 0.542594641546014 
1238	 0.542735945574073 
1239	 0.542885334566272 
1240	 0.54303900128732 
1241	 0.543186537971527 
1242	 0.543330409805893 
1243	 0.543482233281479 
1244	 0.543634772306249 
1245	 0.543789295971052 
1246	 0.543958473670482 
1247	 0.54410420728576 
1248	 0.544242201120778 
1249	 0.54437651126193 
1250	 0.544493982916318 
1251	 0.544618840535095 
1252	 0.544745736539265 
1253	 0.544868725182151 
1254	 0.544986634867722 
1255	 0.545109963972723 
1256	 0.545235661805821 
1257	 0.545357798569524 
1258	 0.545491812307579 
1259	 0.54560978312082 
1260	 0.545714049230148 
1261	 0.545818598595238 
1262	 0.545916832804396 
1263	 0.546001719942585 
1264	 0.546092181957229 
1265	 0.546184221431918 
1266	 0.546272664265479 
1267	 0.546353780462517 
1268	 0.546444404637897 
1269	 0.546535076675142 
1270	 0.546631262801093 
1271	 0.546740446985044 
1272	 0.546838656293905 
1273	 0.546933704677791 
1274	 0.547025691410018 
1275	 0.547107272314197 
1276	 0.5471975338323 
1277	 0.547294750283601 
1278	 0.547388316491354 
1279	 0.54748621898199 
1280	 0.547569626471716 
1281	 0.547678354883844 
1282	 0.547780782871033 
1283	 0.54789497210177 
1284	 0.54802765844638 
1285	 0.548139888771579 
1286	 0.548241476058861 
1287	 0.548352056225879 
1288	 0.548454815015456 
1289	 0.548573175568512 
1290	 0.548707280588744 
1291	 0.548826998014455 
1292	 0.548947748629161 
1293	 0.549067540476088 
1294	 0.549187054413268 
1295	 0.549293476810255 
1296	 0.549400798174614 
1297	 0.549495335271244 
1298	 0.549565785120644 
1299	 0.549646370784972 
1300	 0.54972341614015 
1301	 0.549805317595731 
1302	 0.549886157353983 
1303	 0.549976656185758 
1304	 0.55007446955842 
1305	 0.550169160797647 
1306	 0.550263483218765 
1307	 0.55035963765722 
1308	 0.550439608214503 
1309	 0.550506048087269 
1310	 0.550575840169353 
1311	 0.550636767706119 
1312	 0.550703712285353 
1313	 0.550779571692681 
1314	 0.550838395222193 
1315	 0.550897969037526 
1316	 0.550938747552457 
1317	 0.550959574471081 
1318	 0.550985067179728 
1319	 0.551000012552399 
1320	 0.551012227379411 
1321	 0.551025666030803 
1322	 0.551033411927123 
1323	 0.55103349807328 
1324	 0.551034952341626 
1325	 0.55104024207671 
1326	 0.551028927761957 
1327	 0.551028530638776 
1328	 0.551019605728549 
1329	 0.550993455783239 
1330	 0.550959888125856 
1331	 0.550903703639879 
1332	 0.550822878128798 
1333	 0.550741052429019 
1334	 0.550650300943 
1335	 0.550543615291359 
1336	 0.550432524931759 
1337	 0.55029387384305 
1338	 0.550130436203353 
1339	 0.549963116272002 
1340	 0.54977280498677 
1341	 0.549585742287614 
1342	 0.549400597990168 
1343	 0.549198144448766 
1344	 0.548990905491483 
1345	 0.548767003278309 
1346	 0.548528846569463 
1347	 0.548274424604209 
1348	 0.548004057259969 
1349	 0.547719259316307 
1350	 0.547429085979008 
1351	 0.547135710704745 
1352	 0.546835170803245 
1353	 0.546523301400071 
1354	 0.546198586216146 
1355	 0.545876125537547 
1356	 0.545542012562855 
1357	 0.545194873000913 
1358	 0.544850288406899 
1359	 0.544484598111835 
1360	 0.544150631855061 
1361	 0.54383120487262 
1362	 0.543517451852629 
1363	 0.543213905635376 
1364	 0.542922918708101 
1365	 0.542631007585358 
1366	 0.542367133220145 
1367	 0.542129097803978 
1368	 0.541899536568431 
1369	 0.541686919488796 
1370	 0.541481819917116 
1371	 0.541287896982579 
1372	 0.541102331620777 
1373	 0.540942944825665 
1374	 0.540766920357223 
1375	 0.540589883934125 
1376	 0.54041049559715 
1377	 0.540222865929714 
1378	 0.540018936857855 
1379	 0.539823252067606 
1380	 0.539614427867608 
1381	 0.539363016467385 
1382	 0.539085229477762 
1383	 0.53878614472892 
1384	 0.538470831045677 
1385	 0.538139677734844 
1386	 0.537808451160921 
1387	 0.537434243619834 
1388	 0.537021315163594 
1389	 0.536603177827693 
1390	 0.536174774829006 
1391	 0.53570611280867 
1392	 0.535220600455847 
1393	 0.534701216187975 
1394	 0.534141472680925 
1395	 0.533557717939566 
1396	 0.532949130121504 
1397	 0.532313540460737 
1398	 0.531651736802296 
1399	 0.530956022684215 
1400	 0.530237923490685 
1401	 0.52948230501541 
1402	 0.528708797236618 
1403	 0.527867883004036 
1404	 0.526984521369343 
1405	 0.526051199664319 
1406	 0.525045694416557 
1407	 0.523994273629012 
1408	 0.522893959858735 
1409	 0.521762139867366 
1410	 0.520607182707387 
1411	 0.519433247939005 
1412	 0.518285908181012 
1413	 0.51717312515019 
1414	 0.516111340214499 
1415	 0.515113567646709 
1416	 0.514169179920428 
1417	 0.51328425421361 
1418	 0.512444771606098 
1419	 0.511671989701515 
1420	 0.510903828590668 
1421	 0.510179985457088 
1422	 0.509467544103388 
1423	 0.508787477608481 
1424	 0.508093009573203 
1425	 0.507419338947507 
1426	 0.506735164800412 
1427	 0.506020588962818 
1428	 0.505348696791834 
1429	 0.504697829478796 
1430	 0.504054283344054 
1431	 0.503421977218326 
1432	 0.502819998634392 
1433	 0.50222325954424 
1434	 0.501663516974811 
1435	 0.501142083649657 
1436	 0.500639354875544 
1437	 0.500155924423387 
1438	 0.499706814508677 
1439	 0.499285893397739 
1440	 0.498883893529884 
1441	 0.498517724255857 
1442	 0.498174034957472 
1443	 0.497837720473734 
1444	 0.497529160374005 
1445	 0.497231335501835 
1446	 0.496937888328716 
1447	 0.496668162255595 
1448	 0.496411764178632 
1449	 0.496167468214532 
1450	 0.495947640050032 
1451	 0.495737213249612 
1452	 0.495546484399776 
1453	 0.495353890661026 
1454	 0.495175211504993 
1455	 0.49499003865516 
1456	 0.494809339486598 
1457	 0.494625009030745 
1458	 0.49443277835941 
1459	 0.494252102406291 
1460	 0.494071197177316 
1461	 0.493899128276857 
1462	 0.493743991162183 
1463	 0.493580042886638 
1464	 0.493399585621828 
1465	 0.493253417924434 
1466	 0.493118045623961 
1467	 0.492993407498999 
1468	 0.492904089342576 
1469	 0.492804344153262 
1470	 0.492701030525631 
1471	 0.492602909887089 
1472	 0.492506777029549 
1473	 0.492417069217305 
1474	 0.492331431843239 
1475	 0.492252257274098 
1476	 0.4921716625533 
1477	 0.492109358878336 
1478	 0.492072281616326 
1479	 0.492048282278753 
1480	 0.492047267790363 
1481	 0.492062892811584 
1482	 0.492080153356779 
1483	 0.492115641154605 
1484	 0.492170248009519 
1485	 0.492243559516378 
1486	 0.49234021046786 
1487	 0.492437913116741 
1488	 0.492557652459962 
1489	 0.492695171609778 
1490	 0.492831284960647 
1491	 0.492982945392866 
1492	 0.493136940288646 
1493	 0.493294853336768 
1494	 0.493472167770069 
1495	 0.493666886718214 
1496	 0.493861233016016 
1497	 0.494066048927167 
1498	 0.494281522279213 
1499	 0.494499498651167 
1500	 0.49472869493618 
1501	 0.494981223948609 
1502	 0.495220154712135 
1503	 0.495457055741508 
1504	 0.495700951830882 
1505	 0.495940998382231 
1506	 0.496192556307557 
1507	 0.496456367596963 
1508	 0.496714532176536 
1509	 0.496977265554873 
1510	 0.497240140915518 
1511	 0.497501152259659 
1512	 0.497764310028126 
1513	 0.498034334766969 
1514	 0.498292891457562 
1515	 0.498556638018377 
1516	 0.498799766669399 
1517	 0.499023331738367 
1518	 0.499253870825087 
1519	 0.499475845488873 
1520	 0.499692508787447 
1521	 0.499917846567776 
1522	 0.500123007752188 
1523	 0.500309818970685 
1524	 0.500492037314083 
1525	 0.500665074761437 
1526	 0.500830480149407 
1527	 0.500984789047838 
1528	 0.501137615030609 
1529	 0.501285722444604 
1530	 0.501428231698153 
1531	 0.501576426572673 
1532	 0.501725844093779 
1533	 0.50187312795023 
1534	 0.502004980219264 
1535	 0.502128818073184 
1536	 0.502254845137881 
1537	 0.502361456423561 
1538	 0.502467111520337 
1539	 0.50257353141116 
1540	 0.502672271154317 
1541	 0.502786799986065 
1542	 0.502910230591628 
1543	 0.503036883651171 
1544	 0.503163758414223 
1545	 0.503293432708815 
1546	 0.503424040459015 
1547	 0.503558377352968 
1548	 0.503708406936917 
1549	 0.503857225954808 
1550	 0.504015458935947 
1551	 0.504167881489129 
1552	 0.504317999319522 
1553	 0.504471939032304 
1554	 0.504623245309265 
1555	 0.504780924973745 
1556	 0.504945698325929 
1557	 0.505109965684599 
1558	 0.505286379890086 
1559	 0.505440466322271 
1560	 0.505586115085112 
1561	 0.505727687263354 
1562	 0.505850057964557 
1563	 0.505983964305218 
1564	 0.506117987044852 
1565	 0.50626173122082 
1566	 0.506416669107919 
1567	 0.506557058991264 
1568	 0.506700697751966 
1569	 0.506836580850778 
1570	 0.506952037269403 
1571	 0.507085625918958 
1572	 0.507217595903574 
1573	 0.507369243104164 
1574	 0.507544528724538 
1575	 0.507704100650058 
1576	 0.507872353964734 
1577	 0.508034010128762 
1578	 0.508177967770405 
1579	 0.508335861970862 
1580	 0.508495684775738 
1581	 0.508669653183418 
1582	 0.508851319718905 
1583	 0.509041936625431 
1584	 0.509242850152808 
1585	 0.509455832348863 
1586	 0.509673411659175 
1587	 0.509908641427044 
1588	 0.510154944726234 
1589	 0.510425385159196 
1590	 0.510707883551665 
1591	 0.511023226825014 
1592	 0.511369871974474 
1593	 0.511731342493039 
1594	 0.512109954643569 
1595	 0.512518619045187 
1596	 0.512969785659857 
1597	 0.513408050819074 
1598	 0.513864289374429 
1599	 0.514325760189266 
1600	 0.514779384989624 
1601	 0.51524736917838 
1602	 0.515742492467329 
1603	 0.516227259053598 
1604	 0.516708723557006 
1605	 0.517193017879168 
1606	 0.517679185240671 
1607	 0.518166588886657 
1608	 0.518673138695253 
1609	 0.519146959885272 
1610	 0.519599420108474 
1611	 0.520056872534464 
1612	 0.520498762569746 
1613	 0.520933174243285 
1614	 0.521386833641778 
1615	 0.521803937217714 
1616	 0.522188957280382 
1617	 0.522567390959899 
1618	 0.522922917604304 
1619	 0.523271606995714 
1620	 0.523614597584713 
1621	 0.523939412082679 
1622	 0.524255574662686 
1623	 0.524549443453212 
1624	 0.524807626561531 
1625	 0.52507874106847 
1626	 0.525331006702048 
1627	 0.525597893055109 
1628	 0.525885326854598 
1629	 0.526158107873684 
1630	 0.52641892220168 
1631	 0.526695467536402 
1632	 0.52697787765848 
1633	 0.527255336015268 
1634	 0.527534525484344 
1635	 0.527825063935013 
1636	 0.528112715063276 
1637	 0.528406625240098 
1638	 0.528729239467836 
1639	 0.529031075253985 
1640	 0.529327979505452 
1641	 0.529612098221853 
1642	 0.529904444395434 
1643	 0.530150660586814 
1644	 0.53037349734746 
1645	 0.530565223987005 
1646	 0.530727033195401 
1647	 0.530845207013604 
1648	 0.530947340769297 
1649	 0.530980874018167 
1650	 0.5309737973084 
1651	 0.530883248117545 
1652	 0.530721448443153 
1653	 0.530495800267465 
1654	 0.53018816289406 
1655	 0.52982454423301 
1656	 0.529379417614813 
1657	 0.52890721978458 
1658	 0.528356744488484 
1659	 0.527805955756955 
1660	 0.527237024996941 
1661	 0.526636214529043 
1662	 0.525991227901152 
1663	 0.525354990640967 
1664	 0.524680996411338 
1665	 0.524034311018093 
1666	 0.523408788370115 
1667	 0.52277818314407 
1668	 0.522141058744374 
1669	 0.521530350345923 
1670	 0.520916866582782 
1671	 0.520343727006435 
1672	 0.519788670109971 
1673	 0.519288031903903 
1674	 0.518806521722031 
1675	 0.518407055169259 
1676	 0.518054663233474 
1677	 0.517796099588342 
1678	 0.517636527764736 
1679	 0.517516415541705 
1680	 0.517464062496239 
1681	 0.517479992982274 
1682	 0.517579837871362 
1683	 0.517687533091467 
1684	 0.517886275843932 
1685	 0.51805139063045 
1686	 0.51822574129785 
1687	 0.518377103039383 
1688	 0.518522867278325 
1689	 0.518661479488533 
1690	 0.518789112287162 
1691	 0.51889470392421 
1692	 0.519004351626335 
1693	 0.519072332348326 
1694	 0.519086338856793 
1695	 0.519119364530879 
1696	 0.519129649448389 
1697	 0.519158242135897 
1698	 0.51919245779055 
1699	 0.519238220741261 
1700	 0.519293161684348 
1701	 0.519354226908603 
1702	 0.519419784471578 
1703	 0.519504017941066 
1704	 0.519603205782634 
1705	 0.519701646508643 
1706	 0.51980911915618 
1707	 0.519934309556498 
1708	 0.520059956465806 
1709	 0.520208123573385 
1710	 0.520381333677066 
1711	 0.52056665739531 
1712	 0.520743470653305 
1713	 0.52099195519843 
1714	 0.52129161027382 
1715	 0.521592305251325 
1716	 0.521916487156749 
1717	 0.522302191892893 
1718	 0.522706007172002 
1719	 0.523174378670477 
1720	 0.523729132954054 
1721	 0.5242846837248 
1722	 0.524873282621219 
1723	 0.525466040382255 
1724	 0.526110337736789 
1725	 0.526690908036732 
1726	 0.527275256611387 
1727	 0.527769090211288 
1728	 0.528241298836215 
1729	 0.528553303054148 
1730	 0.528782354579527 
1731	 0.528937291637583 
1732	 0.528974158056231 
1733	 0.528917454392198 
1734	 0.528817524755725 
1735	 0.528628981016116 
1736	 0.528385914821719 
1737	 0.528155946106176 
1738	 0.527885255212109 
1739	 0.527563079582947 
1740	 0.527227672275427 
1741	 0.526875199704641 
1742	 0.526545068621512 
1743	 0.526227247922598 
1744	 0.525921549617627 
1745	 0.525626059960252 
1746	 0.525340325868987 
1747	 0.525054020465675 
1748	 0.524798493129597 
1749	 0.524550305991926 
1750	 0.524343178891225 
1751	 0.524171543180599 
1752	 0.524039492673099 
1753	 0.523920511404377 
1754	 0.523880485254259 
1755	 0.523904269424125 
1756	 0.523958737990688 
1757	 0.524100914157646 
1758	 0.524232937245183 
1759	 0.52438552098905 
1760	 0.524557529511013 
1761	 0.524774326109812 
1762	 0.524940861056567 
1763	 0.52512431426925 
1764	 0.525244585244024 
1765	 0.52531592800638 
1766	 0.525362008073713 
1767	 0.525366575775913 
1768	 0.525342700129753 
1769	 0.525282536898191 
1770	 0.525205755233023 
1771	 0.525093957781716 
1772	 0.524995048410053 
1773	 0.524862878596397 
1774	 0.524777207773628 
1775	 0.524694091080013 
1776	 0.524683765623366 
1777	 0.524702528285824 
1778	 0.524724079856731 
1779	 0.52476455191609 
1780	 0.524849259923414 
1781	 0.524956670002776 
1782	 0.525082206543355 
1783	 0.525220056931996 
1784	 0.525313069204313 
1785	 0.525377128775362 
1786	 0.525460967233713 
1787	 0.52555154532433 
1788	 0.52564234323033 
1789	 0.525732425531926 
1790	 0.525791021149982 
1791	 0.525847451516314 
1792	 0.525930961299929 
1793	 0.52601493851268 
1794	 0.526127608631279 
1795	 0.526236708105804 
1796	 0.526310642465574 
1797	 0.526436821161272 
1798	 0.526590295663363 
1799	 0.526778293266503 
1800	 0.527030764616583 
1801	 0.522677562680228 
1802	 0.522859362692211 
1803	 0.523109301845783 
1804	 0.523354103636494 
1805	 0.523583122334583 
1806	 0.523784802966579 
1807	 0.523986183699312 
1808	 0.52415733406132 
1809	 0.524339386022449 
1810	 0.524531054056255 
1811	 0.52473933853099 
1812	 0.524947924758548 
1813	 0.52514979305048 
1814	 0.525355311833342 
1815	 0.525553885342341 
1816	 0.525719077604168 
1817	 0.525884323927836 
1818	 0.526036523260735 
1819	 0.526200330393083 
1820	 0.526361768211003 
1821	 0.526535982298654 
1822	 0.526728079591563 
1823	 0.526921731344971 
1824	 0.52710668219655 
1825	 0.527286761720066 
1826	 0.527484498022612 
1827	 0.527708076691106 
1828	 0.5279448893917 
1829	 0.528213433638019 
1830	 0.528511553318719 
1831	 0.528804647311485 
1832	 0.529103452645505 
1833	 0.529418026387531 
1834	 0.529733810720153 
1835	 0.530039197148737 
1836	 0.530353243737298 
1837	 0.530667761594132 
1838	 0.5309827982741 
1839	 0.531284286062788 
1840	 0.531598990467327 
1841	 0.531890583529365 
1842	 0.532141528844708 
1843	 0.532392932771981 
1844	 0.532654718435391 
1845	 0.532912996393807 
1846	 0.533146376094767 
1847	 0.533372749581464 
1848	 0.533589220211815 
1849	 0.533783876364393 
1850	 0.533971607824334 
1851	 0.534152077927414 
1852	 0.534331661555232 
1853	 0.534480304147923 
1854	 0.534591270439392 
1855	 0.534716393639129 
1856	 0.534836971523728 
1857	 0.534915770492356 
1858	 0.534984924990605 
1859	 0.535007518197641 
1860	 0.534992750156104 
1861	 0.534936063097468 
1862	 0.534858340487546 
1863	 0.534747972802971 
1864	 0.534604669330285 
1865	 0.534436210902032 
1866	 0.534220992700845 
1867	 0.533960938966247 
1868	 0.533678750878639 
1869	 0.533358669864443 
1870	 0.533004752457919 
1871	 0.532632475373194 
1872	 0.532224147182337 
1873	 0.531741768622258 
1874	 0.531214728033997 
1875	 0.530627894707794 
1876	 0.529987810329114 
1877	 0.529281295073488 
1878	 0.528547761695247 
1879	 0.527701285536126 
1880	 0.526799809011529 
1881	 0.525771234835974 
1882	 0.52464306396254 
1883	 0.523413057063664 
1884	 0.522078364853468 
1885	 0.520609851362695 
1886	 0.519013233029514 
1887	 0.517278121637684 
1888	 0.515450097748807 
1889	 0.513480564495767 
1890	 0.511428771927715 
1891	 0.509225780003755 
1892	 0.507007400300614 
1893	 0.504687932115829 
1894	 0.502318063557001 
1895	 0.499933466319392 
1896	 0.497573303255033 
1897	 0.495247720273087 
1898	 0.492900230756419 
1899	 0.490636442596352 
1900	 0.488393283429693 
1901	 0.486254139256972 
1902	 0.484161839559093 
1903	 0.482177103866628 
1904	 0.480297195684507 
1905	 0.478483133162495 
1906	 0.476782465224337 
1907	 0.475169787203991 
1908	 0.47363299512754 
1909	 0.472184504900772 
1910	 0.47082480325717 
1911	 0.469543614859559 
1912	 0.468354317680965 
1913	 0.467273565955391 
1914	 0.466255246758075 
1915	 0.465316871599309 
1916	 0.464451023518738 
1917	 0.463667395400303 
1918	 0.462963206244723 
1919	 0.462331835451941 
1920	 0.461792697142493 
1921	 0.461300665320753 
1922	 0.460878618434674 
1923	 0.460513039148865 
1924	 0.46022201824735 
1925	 0.459968472258652 
1926	 0.459762059886749 
1927	 0.459624447698088 
1928	 0.459527244017537 
1929	 0.459479108062825 
1930	 0.459476935180386 
1931	 0.459538633080575 
1932	 0.459614924789153 
1933	 0.459722411766672 
1934	 0.45987322281193 
1935	 0.46006222709081 
1936	 0.460285915175096 
1937	 0.460555303837619 
1938	 0.460853676433666 
1939	 0.461185995179994 
1940	 0.46154173351664 
1941	 0.461939559995987 
1942	 0.462380114412916 
1943	 0.4628378552488 
1944	 0.463346045104731 
1945	 0.463843590328041 
1946	 0.46436310561296 
1947	 0.464882067417028 
1948	 0.465411523346071 
1949	 0.465934025661119 
1950	 0.466474137834691 
1951	 0.466992008226176 
1952	 0.467498132968486 
1953	 0.46799782672573 
1954	 0.468478380745738 
1955	 0.468943723525319 
1956	 0.469393332062028 
1957	 0.469818286274645 
1958	 0.470248052355911 
1959	 0.47066563325402 
1960	 0.471080312950511 
1961	 0.471482738340047 
1962	 0.471898060569239 
1963	 0.472316116148326 
1964	 0.472719690549997 
1965	 0.473161812822585 
1966	 0.473614260971723 
1967	 0.474101699689296 
1968	 0.474610481631196 
1969	 0.475148755212139 
1970	 0.475729124908464 
1971	 0.476313068907558 
1972	 0.476926320943638 
1973	 0.477540588190065 
1974	 0.4781662613855 
1975	 0.478804545557294 
1976	 0.479428721022998 
1977	 0.480052728819865 
1978	 0.48068268798037 
1979	 0.48131255661474 
1980	 0.481938127139405 
1981	 0.482591876190678 
1982	 0.483198406171872 
1983	 0.483771707241563 
1984	 0.484348715111706 
1985	 0.484910138542245 
1986	 0.485457945678626 
1987	 0.485995922684243 
1988	 0.486535551443559 
1989	 0.487048964351367 
1990	 0.487522409032125 
1991	 0.488031536389623 
1992	 0.488565571560375 
1993	 0.489052275633543 
1994	 0.489547124830587 
1995	 0.48999970653973 
1996	 0.49039640859539 
1997	 0.49079585509852 
1998	 0.491199300724797 
1999	 0.491563880166261 
2000	 0.491913314236315 
2001	 0.492231943678905 
2002	 0.492495054229223 
2003	 0.492726230021085 
2004	 0.492887960913726 
2005	 0.49299799601515 
2006	 0.493049727410897 
2007	 0.493030059490167 
2008	 0.49297933514389 
2009	 0.492872578050429 
2010	 0.492731614658249 
2011	 0.492553499916559 
2012	 0.492329238117852 
2013	 0.492050777411444 
2014	 0.491744614087292 
2015	 0.49140323746679 
2016	 0.491031163889769 
2017	 0.490595740625855 
2018	 0.490107443311057 
2019	 0.48959540090368 
2020	 0.489009057657829 
2021	 0.488436943046692 
2022	 0.487862142125085 
2023	 0.4872540349795 
2024	 0.486652033795415 
2025	 0.485978491839158 
2026	 0.485247195678097 
2027	 0.484493682602605 
2028	 0.483708793371371 
2029	 0.482860418558826 
2030	 0.482024381535638 
2031	 0.481190649837524 
2032	 0.480309043308832 
2033	 0.479394182689303 
2034	 0.478457637457647 
2035	 0.477493525116433 
2036	 0.476498836477108 
2037	 0.475476557423059 
2038	 0.474432994251542 
2039	 0.473353464086307 
2040	 0.472251050472721 
2041	 0.471146455059141 
2042	 0.47002761258667 
2043	 0.468900530040608 
2044	 0.467762582134273 
2045	 0.466617161187222 
2046	 0.465443365641458 
2047	 0.464299331853474 
2048	 0.463154777897265 
2049	 0.462025009599505 
2050	 0.460913013419773 
2051	 0.459803922504642 
2052	 0.458691559179838 
2053	 0.457602350102889 
2054	 0.45651735345452 
2055	 0.455470107220922 
2056	 0.454430464205211 
2057	 0.453418956257543 
2058	 0.452393012386386 
2059	 0.451381002429662 
2060	 0.4503574535303 
2061	 0.449322494864358 
2062	 0.448306755220591 
2063	 0.447286185663504 
2064	 0.446287816428024 
2065	 0.445297216913644 
2066	 0.444326700974319 
2067	 0.443358030543374 
2068	 0.442437042599788 
2069	 0.441543165996217 
2070	 0.440673869846818 
2071	 0.439833990881239 
2072	 0.439020193077827 
2073	 0.438258944603816 
2074	 0.437526544158774 
2075	 0.436842129301957 
2076	 0.436210383356725 
2077	 0.435616179152965 
2078	 0.435052603208717 
2079	 0.434544539306669 
2080	 0.434116203566886 
2081	 0.433684232267857 
2082	 0.433283041029617 
2083	 0.43291255555604 
2084	 0.432548168624469 
2085	 0.432181587498293 
2086	 0.431870301762259 
2087	 0.43158393269497 
2088	 0.431310145142193 
2089	 0.431084679637314 
2090	 0.430833942981142 
2091	 0.43059443856323 
2092	 0.430329131252122 
2093	 0.430043352568266 
2094	 0.429770243162887 
2095	 0.429477190933466 
2096	 0.42921321521024 
2097	 0.428956389547684 
2098	 0.428723730381754 
2099	 0.428522039966834 
2100	 0.428301307496722 
2101	 0.428121253626354 
2102	 0.427971540983643 
2103	 0.427852157709664 
2104	 0.427762815956041 
2105	 0.42769736776528 
2106	 0.42767281998974 
2107	 0.427652983736602 
2108	 0.427644139520529 
2109	 0.427663612642302 
2110	 0.427714618958489 
2111	 0.427764772457496 
2112	 0.427831529109954 
2113	 0.427917500984817 
2114	 0.428013364692424 
2115	 0.428118299837242 
2116	 0.428287669202994 
2117	 0.428458526756585 
2118	 0.428576942057069 
2119	 0.428691602172922 
2120	 0.428795284184078 
2121	 0.428844002553932 
2122	 0.428933321758387 
2123	 0.429075366351322 
2124	 0.429143954261786 
2125	 0.429181584190148 
2126	 0.429211122993006 
2127	 0.429240449981642 
2128	 0.429192749170536 
2129	 0.429151032715122 
2130	 0.428997307552768 
2131	 0.428705659038946 
2132	 0.428423471682458 
2133	 0.428066058244334 
2134	 0.427721688169529 
2135	 0.427344580351075 
2136	 0.426964850545928 
2137	 0.426563492289328 
2138	 0.426158780636522 
2139	 0.425891516954203 
2140	 0.425648016411993 
2141	 0.425577753421568 
2142	 0.425645508587819 
2143	 0.425796141563033 
2144	 0.42609612766747 
2145	 0.426422885882633 
2146	 0.426872717207932 
2147	 0.427310275338301 
2148	 0.427868472944774 
2149	 0.428314207754936 
2150	 0.428745837982452 
2151	 0.429142537499187 
2152	 0.429410259980024 
2153	 0.429636742117016 
2154	 0.429742244942449 
2155	 0.42979599957292 
2156	 0.429798637843718 
2157	 0.42968291506964 
2158	 0.429634663871299 
2159	 0.429552153207587 
2160	 0.429516698499957 
2161	 0.429470914484613 
2162	 0.429507102070856 
2163	 0.429540499194692 
2164	 0.429709558882579 
2165	 0.429970199003204 
2166	 0.43031376900218 
2167	 0.430772401502719 
2168	 0.431276918437184 
2169	 0.431895593307777 
2170	 0.432521374201253 
2171	 0.433202460196923 
2172	 0.433911918485283 
2173	 0.434697504313392 
2174	 0.435442334093753 
2175	 0.436143612796053 
2176	 0.436866536804698 
2177	 0.437461678061455 
2178	 0.437961327450934 
2179	 0.438413721616313 
2180	 0.438801616563491 
2181	 0.439119335458384 
2182	 0.439314962390681 
2183	 0.439557516760861 
2184	 0.439725132241062 
2185	 0.439964047379216 
2186	 0.44018361596013 
2187	 0.440510890344864 
2188	 0.440914713257818 
2189	 0.441335831439548 
2190	 0.441854789021443 
2191	 0.442366223789381 
2192	 0.442894899336145 
2193	 0.443437600795822 
2194	 0.443998031373106 
2195	 0.444566736216023 
2196	 0.445074965616597 
2197	 0.445497238267651 
2198	 0.445837486066902 
2199	 0.446084891694113 
2200	 0.446313750014872 
2201	 0.446452888781149 
2202	 0.446596638500838 
2203	 0.446685716706535 
2204	 0.446807540667093 
2205	 0.446861571011798 
2206	 0.447031653081804 
2207	 0.447237646890696 
2208	 0.447517996988128 
2209	 0.447873387330034 
2210	 0.44828145039907 
2211	 0.448793236086878 
2212	 0.449292265613736 
2213	 0.449865924708919 
2214	 0.45040143047809 
2215	 0.450930927279716 
2216	 0.451450894950025 
2217	 0.451956587510454 
2218	 0.45247435059332 
2219	 0.452968703385462 
2220	 0.453385125237693 
2221	 0.453665467249459 
2222	 0.453861514730923 
2223	 0.45394123586247 
2224	 0.453870900951626 
2225	 0.453756514279078 
2226	 0.453596673739142 
2227	 0.453247150767836 
2228	 0.452767944069512 
2229	 0.452181471417511 
2230	 0.451432186020977 
2231	 0.450596738786493 
2232	 0.44970878524765 
2233	 0.448607020167406 
2234	 0.447295689590684 
2235	 0.445921987839273 
2236	 0.444391762868251 
2237	 0.442774415050131 
2238	 0.441070834994634 
2239	 0.439260267869136 
2240	 0.437240340149921 
2241	 0.435250870288524 
2242	 0.433238071652819 
2243	 0.4310947825152 
2244	 0.428998840559463 
2245	 0.426974648326441 
2246	 0.424954553259201 
2247	 0.422967407133643 
2248	 0.421069628611941 
2249	 0.419232917224155 
2250	 0.41746171930218 
2251	 0.415759105052364 
2252	 0.414137417076689 
2253	 0.412576055313546 
2254	 0.411104452354184 
2255	 0.409759498587095 
2256	 0.408407342224048 
2257	 0.407130018021268 
2258	 0.405862260406758 
2259	 0.404619285724645 
2260	 0.403404780936178 
2261	 0.402234985193349 
2262	 0.401081121349865 
2263	 0.399929189338432 
2264	 0.39884072896116 
2265	 0.397757796833366 
2266	 0.396771781829945 
2267	 0.395885526793983 
2268	 0.395014062171113 
2269	 0.394160805250551 
2270	 0.39343493996487 
2271	 0.392756086979298 
2272	 0.392187549715192 
2273	 0.391783438834202 
2274	 0.391440685450449 
2275	 0.391136749926557 
2276	 0.390837766927127 
2277	 0.39058575317782 
2278	 0.390417008318471 
2279	 0.39024185737132 
2280	 0.390138861346174 
2281	 0.389967766613372 
2282	 0.389816011615484 
2283	 0.389574658773795 
2284	 0.389315563550233 
2285	 0.388939935605031 
2286	 0.388434747565391 
2287	 0.387968817352748 
2288	 0.387438971550387 
2289	 0.386909288281056 
2290	 0.386334855823123 
2291	 0.385849490659265 
2292	 0.385331791482137 
2293	 0.384918812995708 
2294	 0.384617937705845 
2295	 0.384341907130478 
2296	 0.384070021108726 
2297	 0.383920739266312 
2298	 0.383827321853948 
2299	 0.383885787773961 
2300	 0.384085290497669 
2301	 0.38436964233004 
2302	 0.38487353384723 
2303	 0.385323992794248 
2304	 0.385858325753398 
2305	 0.386362658615484 
2306	 0.386939293051601 
2307	 0.387372348969087 
2308	 0.387922740292628 
2309	 0.388109767909121 
2310	 0.388076158410285 
2311	 0.387805766690418 
2312	 0.387128413068729 
2313	 0.386395046609599 
2314	 0.385485576441528 
2315	 0.38443563573573 
2316	 0.383310229644361 
2317	 0.382058905628377 
2318	 0.380778140890606 
2319	 0.379309341408649 
2320	 0.378113660688407 
2321	 0.376947961896269 
2322	 0.375883758742757 
2323	 0.37495316279939 
2324	 0.37410962273165 
2325	 0.37332922328525 
2326	 0.37260713125978 
2327	 0.37206949656644 
2328	 0.371432723072361 
2329	 0.370744375199854 
2330	 0.370154424926197 
2331	 0.369596260004275 
2332	 0.369098853709804 
2333	 0.368706592728352 
2334	 0.36825080116985 
2335	 0.367789062084193 
2336	 0.367384224118651 
2337	 0.366948513900654 
2338	 0.366617424264167 
2339	 0.366352684531119 
2340	 0.366183563987658 
2341	 0.366097490926626 
2342	 0.366073120880642 
2343	 0.366225206178753 
2344	 0.366284521145843 
2345	 0.366368411926411 
2346	 0.366421741124229 
2347	 0.3663545730471 
2348	 0.366463350861176 
2349	 0.366717460379489 
2350	 0.366863880329048 
2351	 0.367097659977758 
2352	 0.367240151198843 
2353	 0.367203379536057 
2354	 0.367280827311195 
2355	 0.367289208317499 
2356	 0.367523858201485 
2357	 0.367888905620142 
2358	 0.368325137675302 
2359	 0.369051125735436 
2360	 0.369644228839327 
2361	 0.370226066102242 
2362	 0.370806588319684 
2363	 0.371320532057954 
2364	 0.371895865822471 
2365	 0.372494728235254 
2366	 0.373132857648414 
2367	 0.373822670499206 
2368	 0.374526679850556 
2369	 0.375349775753641 
2370	 0.376033399602783 
2371	 0.376694085870477 
2372	 0.377273942767689 
2373	 0.377549991256521 
2374	 0.378078174184717 
2375	 0.378779839440347 
2376	 0.379407205127408 
2377	 0.380179339586511 
2378	 0.380874187904181 
2379	 0.381629640077409 
2380	 0.381954332836933 
2381	 0.38240883297582 
2382	 0.383290808920103 
2383	 0.383722240389656 
2384	 0.384217193038864 
2385	 0.38468059759529 
2386	 0.384754517988997 
2387	 0.384972379328188 
2388	 0.385310283940896 
2389	 0.385604971081684 
2390	 0.385763009514467 
2391	 0.38590199061266 
2392	 0.386182797337259 
2393	 0.386600383560444 
2394	 0.386920067585628 
2395	 0.387208809843763 
2396	 0.387429648740644 
2397	 0.387340710110251 
2398	 0.387294892570685 
2399	 0.387453856998498 
2400	 0.387492854977125 
2401	 0.387330197699394 
2402	 0.387213034671794 
2403	 0.386880672539846 
2404	 0.386397235986082 
2405	 0.386171378423598 
2406	 0.385994282500018 
2407	 0.385759926474224 
2408	 0.385410132944502 
2409	 0.385034971879017 
2410	 0.384725970091894 
2411	 0.384525246836197 
2412	 0.384353576827435 
2413	 0.383935884272375 
2414	 0.383508992114924 
2415	 0.382971896302288 
2416	 0.382360159098505 
2417	 0.381951630612298 
2418	 0.381178129182544 
2419	 0.38027762627719 
2420	 0.37973361760183 
2421	 0.37900257033099 
2422	 0.378564212107443 
2423	 0.378249891117923 
2424	 0.377340588713093 
2425	 0.376479768344524 
2426	 0.37573214638133 
2427	 0.375000066218383 
2428	 0.374425656361877 
2429	 0.373803381651668 
2430	 0.372499218752777 
2431	 0.370834974840228 
2432	 0.369081400266825 
2433	 0.367228692679712 
2434	 0.366285205849439 
2435	 0.36553023933941 
2436	 0.364562527728116 
2437	 0.363789906255401 
2438	 0.362435877826369 
2439	 0.361056262136337 
2440	 0.359650493942125 
2441	 0.358028164999358 
2442	 0.356841039004065 
2443	 0.355366361685572 
2444	 0.35394689411381 
2445	 0.352711322670142 
2446	 0.351115673688076 
2447	 0.349605042188692 
2448	 0.348588887280752 
2449	 0.347580197368018 
2450	 0.346040158131872 
2451	 0.344530004278138 
2452	 0.34260615750011 
2453	 0.34055381926457 
2454	 0.339105845745331 
2455	 0.33774525309942 
2456	 0.336365829536371 
2457	 0.334872712934469 
2458	 0.333205891774217 
2459	 0.331104228321563 
2460	 0.329431106900038 
2461	 0.32791419607696 
2462	 0.326350418095532 
2463	 0.325088991886804 
2464	 0.323673888341587 
2465	 0.321946278571426 
2466	 0.320725109367329 
2467	 0.319847201788883 
2468	 0.319147413835079 
2469	 0.318956751268191 
2470	 0.318510072283908 
2471	 0.31810786149388 
2472	 0.317149159419903 
2473	 0.315820843682932 
2474	 0.314976136868158 
2475	 0.313710593728261 
2476	 0.313459760892459 
2477	 0.314548054702814 
2478	 0.314319259341131 
2479	 0.31377634171356 
2480	 0.313867218764394 
2481	 0.313499733959567 
2482	 0.313216230136339 
2483	 0.313018416775028 
2484	 0.313530041710915 
2485	 0.314561575703434 
2486	 0.315674535304678 
2487	 0.31871103445768 
2488	 0.320257922849445 
2489	 0.319587362709649 
2490	 0.320501794925759 
2491	 0.321239663430285 
2492	 0.320328288261856 
2493	 0.322524431939575 
2494	 0.323257500918634 
2495	 0.32454372200274 
2496	 0.329066222281338 
2497	 0.329180248080212 
2498	 0.326157678771002 
2499	 0.324491463469663 
2500	 0.320706016254622 
