Wavelength	C:\Documents and Settings\All Users\Application Data\ASD\Indico Pro\Projects\McBeth_080818\#11.txt
350	 0.120598333759188 
351	 0.113962932597367 
352	 0.113269797324663 
353	 0.11282194767631 
354	 0.109294696686365 
355	 0.1040255172058 
356	 9.87558222370928E-02 
357	 9.68847587114896E-02 
358	 9.87768195854567E-02 
359	 9.73401969421068E-02 
360	 9.65747566895935E-02 
361	 9.78615598535228E-02 
362	 0.100121457241884 
363	 9.42379419881617E-02 
364	 9.21596514310537E-02 
365	 9.44153601084425E-02 
366	 8.98304172600199E-02 
367	 9.20879587230396E-02 
368	 9.40399706392618E-02 
369	 9.11606597373767E-02 
370	 9.35157141842878E-02 
371	 9.30378738778205E-02 
372	 9.04350652636443E-02 
373	 8.90896083423919E-02 
374	 8.72668237311985E-02 
375	 0.089550604062622 
376	 9.34794759669098E-02 
377	 0.090874980170106 
378	 8.97648708567522E-02 
379	 0.089293543860256 
380	 8.84716880328147E-02 
381	 8.94010110940824E-02 
382	 0.090624480635848 
383	 9.13797706511286E-02 
384	 9.13656021431889E-02 
385	 9.14872574756972E-02 
386	 9.00127666487382E-02 
387	 8.83009587618612E-02 
388	 8.98947165965611E-02 
389	 8.97389932824425E-02 
390	 8.90587734286394E-02 
391	 8.90904785131922E-02 
392	 8.90197135899651E-02 
393	 8.88317066992656E-02 
394	 0.089160054076163 
395	 9.01965137031034E-02 
396	 8.88767345103542E-02 
397	 8.87389128586205E-02 
398	 8.98253391520093E-02 
399	 8.92677823573449E-02 
400	 8.96065217723735E-02 
401	 8.95001053586887E-02 
402	 8.84228855682505E-02 
403	 8.86370756710008E-02 
404	 8.95874324861215E-02 
405	 9.00280790488991E-02 
406	 8.90197557110663E-02 
407	 0.088419032363523 
408	 0.088300623496098 
409	 8.83961846096334E-02 
410	 8.82760168731228E-02 
411	 8.86360439265926E-02 
412	 8.89691996598126E-02 
413	 8.88243653380643E-02 
414	 8.82114180420419E-02 
415	 8.79924809503193E-02 
416	 8.80779797993217E-02 
417	 8.80025346170999E-02 
418	 8.75390826399596E-02 
419	 8.72572995882867E-02 
420	 8.73476620291093E-02 
421	 8.75580216052354E-02 
422	 8.76709592782286E-02 
423	 8.75383286500023E-02 
424	 8.73560531682897E-02 
425	 8.82873962358816E-02 
426	 8.81757020928357E-02 
427	 8.75784517039265E-02 
428	 8.80513355035076E-02 
429	 8.81029635202918E-02 
430	 8.80181596141985E-02 
431	 8.80390698162897E-02 
432	 8.81327959776075E-02 
433	 8.85075140565456E-02 
434	 8.89273927749038E-02 
435	 8.91762318127362E-02 
436	 8.95414143858257E-02 
437	 8.94936730818526E-02 
438	 8.94693215383044E-02 
439	 9.03506210585798E-02 
440	 9.05919063527472E-02 
441	 9.07322370396837E-02 
442	 0.091228901347419 
443	 9.19371982974913E-02 
444	 9.22406436468198E-02 
445	 9.25045487371567E-02 
446	 9.32207525796579E-02 
447	 9.36970660157102E-02 
448	 9.44572107130826E-02 
449	 0.09543668819742 
450	 9.60142983908084E-02 
451	 9.67869979818801E-02 
452	 9.76069597121695E-02 
453	 9.83225371043777E-02 
454	 0.099103619157323 
455	 0.100182862459543 
456	 0.101334782827742 
457	 0.102248844991572 
458	 0.103752253248125 
459	 0.105184705332663 
460	 0.106373101191755 
461	 0.107965518704731 
462	 0.10944749666983 
463	 0.11103292710637 
464	 0.112956038013858 
465	 0.114845525634739 
466	 0.116785973724131 
467	 0.118906915347493 
468	 0.121323571690602 
469	 0.123489409113137 
470	 0.125858810750328 
471	 0.128639963326983 
472	 0.131195333441927 
473	 0.13415334509192 
474	 0.137276396355478 
475	 0.140178820587701 
476	 0.143506173451406 
477	 0.146938739243489 
478	 0.150383144092664 
479	 0.154052941878723 
480	 0.157791514394282 
481	 0.161632367480464 
482	 0.165628187431556 
483	 0.169739241951067 
484	 0.174009252919746 
485	 0.178380399706939 
486	 0.182761193717862 
487	 0.187328541891143 
488	 0.192165358986534 
489	 0.197216836618992 
490	 0.202243316879002 
491	 0.207471331295911 
492	 0.212911783577298 
493	 0.218549055951271 
494	 0.224542379905247 
495	 0.230558434129905 
496	 0.236673220621615 
497	 0.243325781666774 
498	 0.250043140113895 
499	 0.256924570335903 
500	 0.264118830225092 
501	 0.271602796896654 
502	 0.279414048940701 
503	 0.287517538439088 
504	 0.295845346410022 
505	 0.304298317198294 
506	 0.312912797087692 
507	 0.321730670783105 
508	 0.330731931809166 
509	 0.33982900073711 
510	 0.349004809099326 
511	 0.358203151540507 
512	 0.367111942184835 
513	 0.375970059181256 
514	 0.384721091879878 
515	 0.393036488789943 
516	 0.401167612119231 
517	 0.409010739112959 
518	 0.416465479178211 
519	 0.423644987054674 
520	 0.430366646138324 
521	 0.43663244433809 
522	 0.442530203887162 
523	 0.447909370626669 
524	 0.452932620338365 
525	 0.457641836925805 
526	 0.461835630676912 
527	 0.465623198944244 
528	 0.469050026718966 
529	 0.472152129178642 
530	 0.475015185134378 
531	 0.477564008336599 
532	 0.479752432003291 
533	 0.481568367429044 
534	 0.483244703137395 
535	 0.484686138738105 
536	 0.485808776176807 
537	 0.486800463841872 
538	 0.487484755885459 
539	 0.487926700396406 
540	 0.488315064518465 
541	 0.488517418080083 
542	 0.488609259233667 
543	 0.488581649021324 
544	 0.488201345092456 
545	 0.487852258337815 
546	 0.487442366664213 
547	 0.486758729616794 
548	 0.485959789294088 
549	 0.485025433069664 
550	 0.483952556270469 
551	 0.482766405348819 
552	 0.481448423301122 
553	 0.480059624888975 
554	 0.478638799489936 
555	 0.477097921580666 
556	 0.47550413085123 
557	 0.473860845440755 
558	 0.472125506651971 
559	 0.470281337373694 
560	 0.468411512975277 
561	 0.466551791774098 
562	 0.46460899258975 
563	 0.462659481765954 
564	 0.460701706535277 
565	 0.458701218442618 
566	 0.456642620180852 
567	 0.454546636249479 
568	 0.452419868148872 
569	 0.450246110201079 
570	 0.447987232448184 
571	 0.445649636284932 
572	 0.443249724002871 
573	 0.440772265912472 
574	 0.43817898576183 
575	 0.435450032057209 
576	 0.432590036144385 
577	 0.429731610532627 
578	 0.426804483995669 
579	 0.423761036807034 
580	 0.420701648963014 
581	 0.41757477685491 
582	 0.414373786119883 
583	 0.411110149210948 
584	 0.407731931061674 
585	 0.40429040166158 
586	 0.400803734552584 
587	 0.397211155055346 
588	 0.393524081488906 
589	 0.389743999181641 
590	 0.385874987541578 
591	 0.381961046250088 
592	 0.377993663860295 
593	 0.374006460121061 
594	 0.370070089026225 
595	 0.366062912120748 
596	 0.362089321386456 
597	 0.358243746986033 
598	 0.354457558950931 
599	 0.350809423534991 
600	 0.347272539185548 
601	 0.343778209907832 
602	 0.340440716369949 
603	 0.337258742763859 
604	 0.334234617471693 
605	 0.331403889508075 
606	 0.328717677650286 
607	 0.326179412746722 
608	 0.323801535530998 
609	 0.321555831335041 
610	 0.319459832095154 
611	 0.317514506622078 
612	 0.315704637411685 
613	 0.31401960256338 
614	 0.31246220477731 
615	 0.311024643993512 
616	 0.309662616264805 
617	 0.308371706443511 
618	 0.307176790523757 
619	 0.306121002507314 
620	 0.305233373392678 
621	 0.304378018312268 
622	 0.303504080696787 
623	 0.302735818570669 
624	 0.302084572997227 
625	 0.301485476439918 
626	 0.300867906860609 
627	 0.300305495537403 
628	 0.299790094186869 
629	 0.299290267763318 
630	 0.298759650844184 
631	 0.298287123425779 
632	 0.297875069569435 
633	 0.297481783413615 
634	 0.296987072675971 
635	 0.296551372268714 
636	 0.296172082401307 
637	 0.295756298735093 
638	 0.295376349362066 
639	 0.294957799647634 
640	 0.294495325037572 
641	 0.294139655256761 
642	 0.293761905461641 
643	 0.293372181049072 
644	 0.293009766750708 
645	 0.292606896818805 
646	 0.292253291083801 
647	 0.292005511439713 
648	 0.291872169512802 
649	 0.291703594835757 
650	 0.291563811260465 
651	 0.291526033804254 
652	 0.291542352242102 
653	 0.291662989712011 
654	 0.291882082687605 
655	 0.292162384137809 
656	 0.292495453246534 
657	 0.292901191021136 
658	 0.29339947920549 
659	 0.294005630805202 
660	 0.294668915132022 
661	 0.295406259405088 
662	 0.296236744360496 
663	 0.297080093706662 
664	 0.298022141167462 
665	 0.29908521069567 
666	 0.300227357317716 
667	 0.301468978183602 
668	 0.302749856355044 
669	 0.304052132790514 
670	 0.305509692570148 
671	 0.306982430019321 
672	 0.308430701711106 
673	 0.309874412923165 
674	 0.311356011718451 
675	 0.312854661491402 
676	 0.31437330221908 
677	 0.315948534347276 
678	 0.317533289146463 
679	 0.31910045882243 
680	 0.32064018891593 
681	 0.322178705703707 
682	 0.323718380179294 
683	 0.325238925908425 
684	 0.326716445863643 
685	 0.328239184447269 
686	 0.329746684604604 
687	 0.331203978149154 
688	 0.332670840122134 
689	 0.334069372914168 
690	 0.335418640186976 
691	 0.336766837399109 
692	 0.33812476366053 
693	 0.339445850426099 
694	 0.340699696402983 
695	 0.341882510959823 
696	 0.342975477611667 
697	 0.344032193144676 
698	 0.345076009114344 
699	 0.345996801277429 
700	 0.346868987662761 
701	 0.347682929200361 
702	 0.348390911773617 
703	 0.349003228153883 
704	 0.349484104196791 
705	 0.349849613656844 
706	 0.350190429226388 
707	 0.350396980262727 
708	 0.350490988065171 
709	 0.350509435531158 
710	 0.350413214402346 
711	 0.350205880404154 
712	 0.349895983703943 
713	 0.349499315262413 
714	 0.349059497100282 
715	 0.34859670507517 
716	 0.34811304249691 
717	 0.347581485328341 
718	 0.347097570777867 
719	 0.346655816176755 
720	 0.346231192631735 
721	 0.34586978938537 
722	 0.345585260608429 
723	 0.34540185651324 
724	 0.345348011859717 
725	 0.345352019838767 
726	 0.345489781689438 
727	 0.345803754075178 
728	 0.346211204940198 
729	 0.346813833754233 
730	 0.347527861506177 
731	 0.34825504442499 
732	 0.349186446072616 
733	 0.350301455874202 
734	 0.351556316839557 
735	 0.352896848237079 
736	 0.354381725493758 
737	 0.355966492820492 
738	 0.357616405688492 
739	 0.359361905455297 
740	 0.361231859985828 
741	 0.363206317452458 
742	 0.365241849591541 
743	 0.367291758554619 
744	 0.369403063138791 
745	 0.371566210906555 
746	 0.373710290751431 
747	 0.375921382748895 
748	 0.37815911604595 
749	 0.380363560296341 
750	 0.382489346813184 
751	 0.384601119541328 
752	 0.386688030159198 
753	 0.388718797819498 
754	 0.390742750948989 
755	 0.392691486863226 
756	 0.394552637962871 
757	 0.396373972450582 
758	 0.398094751204091 
759	 0.399706613835667 
760	 0.401219681250182 
761	 0.402663040611272 
762	 0.404089927085882 
763	 0.405440171229946 
764	 0.406640527489952 
765	 0.407819841057149 
766	 0.408922210300541 
767	 0.409909867656673 
768	 0.410776425552872 
769	 0.411597827405613 
770	 0.41237821940493 
771	 0.413095097089394 
772	 0.413696418938525 
773	 0.414320422503252 
774	 0.414930033413088 
775	 0.415433098759852 
776	 0.415788772488086 
777	 0.416202004616836 
778	 0.416696929448716 
779	 0.417141671790348 
780	 0.41752146305678 
781	 0.417956248878701 
782	 0.418497854764569 
783	 0.419045703479301 
784	 0.419587765386545 
785	 0.420208366219409 
786	 0.420968922840308 
787	 0.4217192825854 
788	 0.422558406805546 
789	 0.42352643896718 
790	 0.424611631298792 
791	 0.425746223962056 
792	 0.42697977549761 
793	 0.428345056653954 
794	 0.429834766141926 
795	 0.431426642118709 
796	 0.433116582722044 
797	 0.434910085989665 
798	 0.436843194155949 
799	 0.438744892899129 
800	 0.44069434626703 
801	 0.442841758386113 
802	 0.445041280859119 
803	 0.447294882127365 
804	 0.449592489922099 
805	 0.451914729405563 
806	 0.454323078384333 
807	 0.456767761977365 
808	 0.459214397931485 
809	 0.461674804890801 
810	 0.46413705049134 
811	 0.4666291667603 
812	 0.469156284972571 
813	 0.471621193372912 
814	 0.474107249064153 
815	 0.476609203716639 
816	 0.479077316492078 
817	 0.481518018260971 
818	 0.483933546540795 
819	 0.486352836128285 
820	 0.488814770891243 
821	 0.491174981202542 
822	 0.493482467236667 
823	 0.495790341688152 
824	 0.498086287353296 
825	 0.500363379363972 
826	 0.502565558912771 
827	 0.504668995103738 
828	 0.506818162842619 
829	 0.50896677221317 
830	 0.51103610780429 
831	 0.512961654571663 
832	 0.514918573320985 
833	 0.516892412691659 
834	 0.518826632411974 
835	 0.520649378448357 
836	 0.522454132292793 
837	 0.524242578491224 
838	 0.525994748029964 
839	 0.527688137293027 
840	 0.529346797633839 
841	 0.530948337437247 
842	 0.532486725252251 
843	 0.534059530584262 
844	 0.535559564301773 
845	 0.536981982322499 
846	 0.53838227742289 
847	 0.53981984259285 
848	 0.541235083241925 
849	 0.542556975771504 
850	 0.543733797024864 
851	 0.54492378472912 
852	 0.546144087924043 
853	 0.547354414550921 
854	 0.548472912996513 
855	 0.549479735638432 
856	 0.550486971771106 
857	 0.551566195439925 
858	 0.552617968054633 
859	 0.553528876660899 
860	 0.55439070650671 
861	 0.555315807984088 
862	 0.556180058747522 
863	 0.557033841295405 
864	 0.557841976309656 
865	 0.558565712355209 
866	 0.55943813735846 
867	 0.560310501363119 
868	 0.5610551608098 
869	 0.561624083131018 
870	 0.562267806159769 
871	 0.562937999928708 
872	 0.563577325183698 
873	 0.564181156651277 
874	 0.564739268066666 
875	 0.565287855325285 
876	 0.565847659103392 
877	 0.566386152774447 
878	 0.566932607940726 
879	 0.567446456902334 
880	 0.567896807087144 
881	 0.568330396840193 
882	 0.568916650649064 
883	 0.569507608224827 
884	 0.569881483056296 
885	 0.570149954978878 
886	 0.570513897970112 
887	 0.570981416497831 
888	 0.571421316895784 
889	 0.571726273426301 
890	 0.571989432685894 
891	 0.572318025573281 
892	 0.572781340548366 
893	 0.573177160552745 
894	 0.573447828418906 
895	 0.573623036726089 
896	 0.573810570979105 
897	 0.574103953147222 
898	 0.574486546242014 
899	 0.574829438215076 
900	 0.574880891960325 
901	 0.57506291621963 
902	 0.575346743009745 
903	 0.57561601202856 
904	 0.575833884750359 
905	 0.576001140309366 
906	 0.576183009923169 
907	 0.576424419252761 
908	 0.576645575919214 
909	 0.576895848676281 
910	 0.57711240437441 
911	 0.577241965590942 
912	 0.577426611891717 
913	 0.577707886298127 
914	 0.577996383920881 
915	 0.578159184893432 
916	 0.57819840571058 
917	 0.578265727432398 
918	 0.578447221511866 
919	 0.578742443147695 
920	 0.579004576682568 
921	 0.57916019527615 
922	 0.57924704246398 
923	 0.579377309979576 
924	 0.579559885110863 
925	 0.579769118694358 
926	 0.579968098518492 
927	 0.580129744162447 
928	 0.580358982092239 
929	 0.58051483663735 
930	 0.58062364997038 
931	 0.580888382545302 
932	 0.581039617337137 
933	 0.5810497738045 
934	 0.581049076853979 
935	 0.581279369033044 
936	 0.581542214478007 
937	 0.581721766303973 
938	 0.581770679523468 
939	 0.581734088989056 
940	 0.581965490053072 
941	 0.582179397651844 
942	 0.58223076299857 
943	 0.582385303816554 
944	 0.582526116068876 
945	 0.582640629498189 
946	 0.582779815837346 
947	 0.583051220090694 
948	 0.58307485246476 
949	 0.583079506785342 
950	 0.583230347128625 
951	 0.583329481189068 
952	 0.583453421576888 
953	 0.583608760627742 
954	 0.583765434200569 
955	 0.583857881841357 
956	 0.583933128626491 
957	 0.583990767540634 
958	 0.584069823810955 
959	 0.584290968267655 
960	 0.584345367985334 
961	 0.584423498254362 
962	 0.584604901047393 
963	 0.584552166192276 
964	 0.584607732999334 
965	 0.584711724057482 
966	 0.584757533330688 
967	 0.584739234721927 
968	 0.584763751293864 
969	 0.584814906017057 
970	 0.584870863594093 
971	 0.584954575810812 
972	 0.585162914932216 
973	 0.585317396598305 
974	 0.585325178754271 
975	 0.585326413267845 
976	 0.585330405829295 
977	 0.585391440066134 
978	 0.585525275377122 
979	 0.58567526554528 
980	 0.585599473593277 
981	 0.585612049450457 
982	 0.585824535375924 
983	 0.585959455390312 
984	 0.58600406581193 
985	 0.586027513432468 
986	 0.586059943736098 
987	 0.586070850534391 
988	 0.586104352585405 
989	 0.586223842056413 
990	 0.586398454209395 
991	 0.586527038901595 
992	 0.586734661488645 
993	 0.586700622882238 
994	 0.586656542119842 
995	 0.587090315164045 
996	 0.586980571482336 
997	 0.586934957239183 
998	 0.587151123593372 
999	 0.587401246302856 
1000	 0.587320505366387 
1001	 0.586254867718699 
1002	 0.586322503866493 
1003	 0.586413593267015 
1004	 0.586502043239199 
1005	 0.586594320111711 
1006	 0.586665686993998 
1007	 0.586757698267992 
1008	 0.586852346488563 
1009	 0.586926988573338 
1010	 0.587062555820533 
1011	 0.587177098480999 
1012	 0.587259683170862 
1013	 0.587368126348619 
1014	 0.587440726153197 
1015	 0.587521889454418 
1016	 0.587630504972259 
1017	 0.587757991195871 
1018	 0.587883770533226 
1019	 0.588055399396936 
1020	 0.58820551593712 
1021	 0.588311547592933 
1022	 0.588441637040539 
1023	 0.588549230446264 
1024	 0.588662546901907 
1025	 0.588808436440105 
1026	 0.58892371546312 
1027	 0.589018397780412 
1028	 0.589138176289361 
1029	 0.589265870176427 
1030	 0.58938718926277 
1031	 0.589528055094382 
1032	 0.589657779732764 
1033	 0.589774678464375 
1034	 0.589881479524057 
1035	 0.590024445310559 
1036	 0.59014118306677 
1037	 0.590237546038276 
1038	 0.590357208411672 
1039	 0.590445317663255 
1040	 0.590551397055449 
1041	 0.590686825839937 
1042	 0.590798325858004 
1043	 0.590945751376648 
1044	 0.591070528906726 
1045	 0.591166070661798 
1046	 0.591234525391958 
1047	 0.59132295303776 
1048	 0.591381503215993 
1049	 0.59148017068364 
1050	 0.591585690515253 
1051	 0.591650820001207 
1052	 0.591749444392799 
1053	 0.5918184100768 
1054	 0.591845427678772 
1055	 0.591914607335106 
1056	 0.591984326738402 
1057	 0.59205263934382 
1058	 0.592175287000823 
1059	 0.592306245198273 
1060	 0.592409540673168 
1061	 0.592494471133708 
1062	 0.592576943041973 
1063	 0.592634871452913 
1064	 0.59271600511234 
1065	 0.592819436794556 
1066	 0.592914839113641 
1067	 0.593028985836681 
1068	 0.593138044496599 
1069	 0.593233583385884 
1070	 0.593338875818724 
1071	 0.593482657293269 
1072	 0.593644677969721 
1073	 0.593768657281665 
1074	 0.59389205767435 
1075	 0.594006794412992 
1076	 0.59407978113445 
1077	 0.59417979434747 
1078	 0.594313177916929 
1079	 0.594416311469346 
1080	 0.594505374678912 
1081	 0.594584602046218 
1082	 0.594681349050518 
1083	 0.594789580579894 
1084	 0.594914937737366 
1085	 0.59505686866183 
1086	 0.595178733989525 
1087	 0.595268715491084 
1088	 0.59537356148365 
1089	 0.595468613113935 
1090	 0.595581942553911 
1091	 0.595720282093976 
1092	 0.595831781557035 
1093	 0.595940163345932 
1094	 0.596037600268217 
1095	 0.596112731053501 
1096	 0.596191586143019 
1097	 0.596280789422446 
1098	 0.596371691957115 
1099	 0.596482869640168 
1100	 0.596595158015621 
1101	 0.596681947335357 
1102	 0.596770853574116 
1103	 0.596854380716602 
1104	 0.596905495223612 
1105	 0.596988553287019 
1106	 0.597103440738711 
1107	 0.597189396364493 
1108	 0.597268647007171 
1109	 0.597352228625071 
1110	 0.597433871644255 
1111	 0.597498764565127 
1112	 0.597558836857599 
1113	 0.597616150934361 
1114	 0.597672677586048 
1115	 0.597718452485945 
1116	 0.597770879967387 
1117	 0.597828693115309 
1118	 0.597870309104201 
1119	 0.597893473527163 
1120	 0.597916708018774 
1121	 0.597939847542711 
1122	 0.597952553286957 
1123	 0.597950111588016 
1124	 0.597954465081716 
1125	 0.597952340530278 
1126	 0.59795659681542 
1127	 0.597972730523401 
1128	 0.597975976174446 
1129	 0.597983267192247 
1130	 0.597975407729857 
1131	 0.597952668998908 
1132	 0.597912205768776 
1133	 0.597860623253174 
1134	 0.597799948148456 
1135	 0.59773779057837 
1136	 0.597662012544151 
1137	 0.597601577256902 
1138	 0.59753450300364 
1139	 0.597488313411813 
1140	 0.597453738919335 
1141	 0.597427613706549 
1142	 0.597421736162733 
1143	 0.597407671541553 
1144	 0.597382389363881 
1145	 0.597384260769422 
1146	 0.597395956617604 
1147	 0.597413860549351 
1148	 0.597457953118589 
1149	 0.597516595897524 
1150	 0.597567149541647 
1151	 0.597622758815868 
1152	 0.597685145851978 
1153	 0.597762437581396 
1154	 0.597816959696257 
1155	 0.597878326147726 
1156	 0.597914405165231 
1157	 0.597926898770478 
1158	 0.597939329456901 
1159	 0.597937266543506 
1160	 0.597938580630584 
1161	 0.597944880647248 
1162	 0.597932840111433 
1163	 0.597914191066158 
1164	 0.597886581214407 
1165	 0.597845220134809 
1166	 0.597790850369553 
1167	 0.597739737693307 
1168	 0.597682218550448 
1169	 0.597631403048427 
1170	 0.597589704374289 
1171	 0.59752218376276 
1172	 0.597446381617206 
1173	 0.597368625523154 
1174	 0.597271243637139 
1175	 0.597178263901105 
1176	 0.597092115469291 
1177	 0.596997353086386 
1178	 0.596904261291244 
1179	 0.596788767533012 
1180	 0.596654876528528 
1181	 0.596526719418135 
1182	 0.596376865519799 
1183	 0.596235567196657 
1184	 0.596099082710422 
1185	 0.595977278711331 
1186	 0.595839987391029 
1187	 0.595689586918629 
1188	 0.595562256789164 
1189	 0.595442644427016 
1190	 0.595319861458244 
1191	 0.595201382920071 
1192	 0.595095411443466 
1193	 0.594978283506785 
1194	 0.594892383329123 
1195	 0.594834211811115 
1196	 0.594780233000585 
1197	 0.594741514503082 
1198	 0.594708815401176 
1199	 0.594683289205792 
1200	 0.594669792598848 
1201	 0.594665588944994 
1202	 0.594671652628681 
1203	 0.594688306976262 
1204	 0.594717648400745 
1205	 0.594752830343738 
1206	 0.594796540325387 
1207	 0.594849286912347 
1208	 0.594911534567475 
1209	 0.59498008342987 
1210	 0.595060814009297 
1211	 0.595140500528164 
1212	 0.59522544179868 
1213	 0.595312664903057 
1214	 0.595400311200499 
1215	 0.595494960786114 
1216	 0.5956001946268 
1217	 0.595700080157874 
1218	 0.595799253191202 
1219	 0.59590281489389 
1220	 0.59600290459421 
1221	 0.596108372442371 
1222	 0.596221868179933 
1223	 0.596343470840971 
1224	 0.596466570275108 
1225	 0.59659360964333 
1226	 0.596727441644743 
1227	 0.596864184665726 
1228	 0.597010175468528 
1229	 0.597162364605875 
1230	 0.597324370658089 
1231	 0.597495002905642 
1232	 0.597672392440998 
1233	 0.597850433408985 
1234	 0.59805055668585 
1235	 0.598269472859553 
1236	 0.598491178834387 
1237	 0.598742343585576 
1238	 0.598977323375559 
1239	 0.599218141507996 
1240	 0.599435456220084 
1241	 0.599653597422625 
1242	 0.599863330305699 
1243	 0.60007423198088 
1244	 0.600277726834399 
1245	 0.600487981299072 
1246	 0.600706522040491 
1247	 0.600907740432857 
1248	 0.601105809320265 
1249	 0.601295756837505 
1250	 0.601472381596258 
1251	 0.601647894835898 
1252	 0.601813258209154 
1253	 0.601987856883503 
1254	 0.602165225574714 
1255	 0.60233833310218 
1256	 0.602519092721764 
1257	 0.602690927248673 
1258	 0.602856924662789 
1259	 0.603014186262548 
1260	 0.603158269650308 
1261	 0.603312789039879 
1262	 0.603456865677654 
1263	 0.603591865356158 
1264	 0.603725044167943 
1265	 0.603859030490979 
1266	 0.603982343638939 
1267	 0.604088642114618 
1268	 0.60421066823407 
1269	 0.604336350770666 
1270	 0.604456684900384 
1271	 0.604576866426632 
1272	 0.604704275395106 
1273	 0.604829340086966 
1274	 0.604955662256461 
1275	 0.605084617560836 
1276	 0.60522320137108 
1277	 0.60536342532192 
1278	 0.605507756679215 
1279	 0.60566130054344 
1280	 0.605818280524688 
1281	 0.605984172242404 
1282	 0.606144840246912 
1283	 0.606324161892611 
1284	 0.606513287929106 
1285	 0.606696889051394 
1286	 0.606879605754111 
1287	 0.607071742722453 
1288	 0.607270686787526 
1289	 0.607462139770832 
1290	 0.607661912882309 
1291	 0.6078481896934 
1292	 0.6080262975026 
1293	 0.608198284127482 
1294	 0.608366313996603 
1295	 0.60852472742813 
1296	 0.608680864773973 
1297	 0.608816706552951 
1298	 0.608936012801494 
1299	 0.609053490861744 
1300	 0.609156313194685 
1301	 0.609256523711086 
1302	 0.609356176391649 
1303	 0.609444010923137 
1304	 0.609530902054623 
1305	 0.609611836802006 
1306	 0.609716214570905 
1307	 0.609815851655313 
1308	 0.609901961721315 
1309	 0.609992690947597 
1310	 0.6100575294019 
1311	 0.610096722565598 
1312	 0.610149752844013 
1313	 0.610201651168206 
1314	 0.610238332313419 
1315	 0.610278152694768 
1316	 0.610296451352471 
1317	 0.61028933047485 
1318	 0.610288128076945 
1319	 0.61027605921693 
1320	 0.610267398369616 
1321	 0.610267592291509 
1322	 0.610251152484847 
1323	 0.610234594427436 
1324	 0.610200188165446 
1325	 0.610148677650806 
1326	 0.610081670379797 
1327	 0.610023255600258 
1328	 0.609965890293403 
1329	 0.609896947246801 
1330	 0.609821471547426 
1331	 0.609712990644097 
1332	 0.609572623347081 
1333	 0.609434250375324 
1334	 0.609282255644405 
1335	 0.609114955076603 
1336	 0.608943682474572 
1337	 0.608747346168145 
1338	 0.60853499316141 
1339	 0.608297478437545 
1340	 0.608030207374219 
1341	 0.607765303726733 
1342	 0.60748362119271 
1343	 0.607190224391425 
1344	 0.606908168596088 
1345	 0.606587016019168 
1346	 0.606233704477531 
1347	 0.605867046657886 
1348	 0.605483163972357 
1349	 0.605070801925895 
1350	 0.604633927718985 
1351	 0.604199013985466 
1352	 0.603740329012129 
1353	 0.603253585846005 
1354	 0.602767576071982 
1355	 0.602281058336089 
1356	 0.601797949924704 
1357	 0.601315582263417 
1358	 0.600835909582898 
1359	 0.600358795896774 
1360	 0.599887793421608 
1361	 0.599410555438924 
1362	 0.598962428947014 
1363	 0.598526074087156 
1364	 0.598105646713092 
1365	 0.597700487943757 
1366	 0.597319378165031 
1367	 0.59695659813456 
1368	 0.596611370574328 
1369	 0.59629059971245 
1370	 0.595979070959195 
1371	 0.595681755741532 
1372	 0.595395502636009 
1373	 0.59514047975828 
1374	 0.594869394504674 
1375	 0.594598441369289 
1376	 0.594326392714031 
1377	 0.594046592128844 
1378	 0.593757054105244 
1379	 0.593469361417755 
1380	 0.593166434367631 
1381	 0.592833690660021 
1382	 0.592465654882753 
1383	 0.592055116130458 
1384	 0.591614352469384 
1385	 0.591155606270243 
1386	 0.590676727526352 
1387	 0.590155629388163 
1388	 0.58961968818494 
1389	 0.589019389962478 
1390	 0.588365583379503 
1391	 0.587681781318659 
1392	 0.58695413819677 
1393	 0.586191693688314 
1394	 0.585405158494255 
1395	 0.584559168666582 
1396	 0.583664908503538 
1397	 0.582728736444931 
1398	 0.581746790066919 
1399	 0.580715481022539 
1400	 0.579646073610232 
1401	 0.57851724738796 
1402	 0.577350069384965 
1403	 0.576103498721598 
1404	 0.574793851223303 
1405	 0.573426977417424 
1406	 0.571965892300257 
1407	 0.5704534371263 
1408	 0.568868729438719 
1409	 0.567223361510975 
1410	 0.565568435629239 
1411	 0.563896648363506 
1412	 0.562233433211094 
1413	 0.560624001005014 
1414	 0.559075682916708 
1415	 0.557583966342547 
1416	 0.556185217350191 
1417	 0.55487645402661 
1418	 0.553626706638028 
1419	 0.552466729027693 
1420	 0.551319105256327 
1421	 0.550240398641289 
1422	 0.549163421447396 
1423	 0.548121605505261 
1424	 0.54707611059371 
1425	 0.54604682448051 
1426	 0.545031466615619 
1427	 0.54401205601859 
1428	 0.543023367872789 
1429	 0.542045848252229 
1430	 0.541112163250411 
1431	 0.540193844629902 
1432	 0.539332205994995 
1433	 0.538514359301639 
1434	 0.537742956781565 
1435	 0.537016016129526 
1436	 0.536332208940808 
1437	 0.535692076634654 
1438	 0.535106438888492 
1439	 0.53455182269811 
1440	 0.534028814148874 
1441	 0.533530657258517 
1442	 0.533053622055255 
1443	 0.532617353347497 
1444	 0.532213637292232 
1445	 0.531838666542327 
1446	 0.531474158326191 
1447	 0.531104294486849 
1448	 0.530756997546905 
1449	 0.530434373373647 
1450	 0.530134711562539 
1451	 0.52984676868658 
1452	 0.529586173805758 
1453	 0.529322808300162 
1454	 0.529070395146135 
1455	 0.528816320906816 
1456	 0.528572914077219 
1457	 0.528325609215145 
1458	 0.528074127586648 
1459	 0.527828383369269 
1460	 0.527584890980951 
1461	 0.527341980872624 
1462	 0.527101668355094 
1463	 0.526863081450052 
1464	 0.526619669186776 
1465	 0.526394359473656 
1466	 0.526167565443522 
1467	 0.525963032132674 
1468	 0.525782140248983 
1469	 0.525605140521016 
1470	 0.525441122004347 
1471	 0.525286660817129 
1472	 0.525145686847615 
1473	 0.525002209737936 
1474	 0.524848548156827 
1475	 0.524731351782881 
1476	 0.524628612663493 
1477	 0.524535692737344 
1478	 0.5244890237855 
1479	 0.524472177556756 
1480	 0.524461598824336 
1481	 0.524487401518269 
1482	 0.524539518551911 
1483	 0.524603902142544 
1484	 0.52470134890895 
1485	 0.52481615511006 
1486	 0.524946912758984 
1487	 0.525106848646379 
1488	 0.525278301445111 
1489	 0.525456645787364 
1490	 0.525643528303974 
1491	 0.525836571248298 
1492	 0.526040640695501 
1493	 0.526263931586834 
1494	 0.526495217172424 
1495	 0.5267374821893 
1496	 0.526997982508379 
1497	 0.527271721935098 
1498	 0.527558227348193 
1499	 0.527869289536958 
1500	 0.528177955659067 
1501	 0.528488910081792 
1502	 0.528815233034522 
1503	 0.529153037721602 
1504	 0.529497469825267 
1505	 0.529860675385889 
1506	 0.530215852755694 
1507	 0.530569730962761 
1508	 0.530928285989458 
1509	 0.531294825635782 
1510	 0.531652887025033 
1511	 0.532013962816534 
1512	 0.53236734160153 
1513	 0.532707525359126 
1514	 0.533050415173341 
1515	 0.533402267606169 
1516	 0.533735294640937 
1517	 0.534061513097971 
1518	 0.534381650805125 
1519	 0.53468983078471 
1520	 0.534985770904335 
1521	 0.535276173132633 
1522	 0.535549775885387 
1523	 0.535804601656133 
1524	 0.536054322012475 
1525	 0.536291131731358 
1526	 0.536527095184799 
1527	 0.536757541183505 
1528	 0.536979651997481 
1529	 0.537193910545298 
1530	 0.537409702524602 
1531	 0.537616378303216 
1532	 0.537817192870281 
1533	 0.538022972563567 
1534	 0.538216565504454 
1535	 0.538405181952259 
1536	 0.538587814398569 
1537	 0.538767942372085 
1538	 0.538950660992242 
1539	 0.539141463731988 
1540	 0.539337932300355 
1541	 0.539523410960123 
1542	 0.539716779652829 
1543	 0.539896829429128 
1544	 0.540072039086888 
1545	 0.540263791787054 
1546	 0.540443820169664 
1547	 0.540639049836464 
1548	 0.540844190906552 
1549	 0.541044843925907 
1550	 0.541245091568749 
1551	 0.54145818823937 
1552	 0.541677881524646 
1553	 0.541887935344692 
1554	 0.542105281391205 
1555	 0.54231835299476 
1556	 0.54251755984045 
1557	 0.542734683371113 
1558	 0.542964710642315 
1559	 0.543181549442808 
1560	 0.543402083524597 
1561	 0.543616350392141 
1562	 0.543820714901833 
1563	 0.544033516357122 
1564	 0.544243800347908 
1565	 0.544458472971022 
1566	 0.544683178852557 
1567	 0.5448988439695 
1568	 0.545117873287037 
1569	 0.545322010434408 
1570	 0.545510312796359 
1571	 0.545708348633616 
1572	 0.545891507805444 
1573	 0.546100133238592 
1574	 0.546328986972608 
1575	 0.546549957537717 
1576	 0.546783036457313 
1577	 0.547009704927132 
1578	 0.547227095595187 
1579	 0.547455645978926 
1580	 0.547680355630384 
1581	 0.547923748022231 
1582	 0.548175659871106 
1583	 0.548441426843717 
1584	 0.548716417345663 
1585	 0.549017485933843 
1586	 0.549338441625107 
1587	 0.549670670121144 
1588	 0.550016576841501 
1589	 0.550390276062449 
1590	 0.550767242552824 
1591	 0.551196760336596 
1592	 0.551679300866215 
1593	 0.552164376720181 
1594	 0.552668670398681 
1595	 0.553209980379715 
1596	 0.553785544623874 
1597	 0.55436271011588 
1598	 0.554975639426679 
1599	 0.55558853876293 
1600	 0.556190781056453 
1601	 0.556822368925367 
1602	 0.557483206985235 
1603	 0.55814710891577 
1604	 0.558833681674872 
1605	 0.559509612561795 
1606	 0.560194995555873 
1607	 0.560870417120894 
1608	 0.561538422278677 
1609	 0.562200683721137 
1610	 0.562856797976297 
1611	 0.563510261506969 
1612	 0.564168912965635 
1613	 0.564802911182015 
1614	 0.565437691513598 
1615	 0.566038909878875 
1616	 0.566603061571653 
1617	 0.567162391655274 
1618	 0.567710114338191 
1619	 0.568228059620171 
1620	 0.568730456765162 
1621	 0.569208509377814 
1622	 0.569649025524238 
1623	 0.570080853269253 
1624	 0.570491389625201 
1625	 0.570896733568936 
1626	 0.57127408020627 
1627	 0.571668879918263 
1628	 0.572063396566853 
1629	 0.57246534580852 
1630	 0.572877937459301 
1631	 0.57329207658618 
1632	 0.573708936533638 
1633	 0.574129158097078 
1634	 0.574557333600624 
1635	 0.574983145182889 
1636	 0.575403108060642 
1637	 0.575836136544961 
1638	 0.576268451656444 
1639	 0.576717005730827 
1640	 0.57721184424622 
1641	 0.577658813879044 
1642	 0.578104299788659 
1643	 0.578516135239484 
1644	 0.578898998144518 
1645	 0.579243586242429 
1646	 0.579567680807715 
1647	 0.579845960212265 
1648	 0.580092697746529 
1649	 0.580271647173853 
1650	 0.580429049513809 
1651	 0.580481891749711 
1652	 0.580449842806936 
1653	 0.580341331854629 
1654	 0.580135739081325 
1655	 0.579868130284398 
1656	 0.579515139551558 
1657	 0.579112043395001 
1658	 0.578620587322418 
1659	 0.578107868894365 
1660	 0.577546683076971 
1661	 0.576947427071878 
1662	 0.576296199524531 
1663	 0.575632514139275 
1664	 0.574903967481773 
1665	 0.574206666985399 
1666	 0.573512363901992 
1667	 0.572817886132495 
1668	 0.572117929619577 
1669	 0.571446452005624 
1670	 0.570772491518246 
1671	 0.570135886857377 
1672	 0.569504971628526 
1673	 0.568954831793453 
1674	 0.568444464140714 
1675	 0.568000447126746 
1676	 0.567615569801714 
1677	 0.567320105345974 
1678	 0.567109206845661 
1679	 0.566937482860096 
1680	 0.566857312503321 
1681	 0.566807277989951 
1682	 0.566792822455295 
1683	 0.566823137018401 
1684	 0.566941698733605 
1685	 0.567035309360718 
1686	 0.567166505143033 
1687	 0.567263180646777 
1688	 0.567351746175369 
1689	 0.567424271085271 
1690	 0.567490252203149 
1691	 0.567519652360634 
1692	 0.567519030816427 
1693	 0.567513740400666 
1694	 0.567477361464489 
1695	 0.567438071993885 
1696	 0.567388305617827 
1697	 0.567342653358047 
1698	 0.567280161544521 
1699	 0.567231512187037 
1700	 0.56717334413307 
1701	 0.567163955821959 
1702	 0.567182772818121 
1703	 0.56719947865512 
1704	 0.567257979110487 
1705	 0.567297683849245 
1706	 0.567302873899666 
1707	 0.567366826365063 
1708	 0.567453782726422 
1709	 0.567569782959159 
1710	 0.567709141604465 
1711	 0.567899331863097 
1712	 0.568117822675145 
1713	 0.568395409498636 
1714	 0.568744080465257 
1715	 0.569096818950853 
1716	 0.569468325244969 
1717	 0.569910005691443 
1718	 0.570387408491515 
1719	 0.570919874726303 
1720	 0.571535955272827 
1721	 0.572150324761051 
1722	 0.572805684528393 
1723	 0.573446491045554 
1724	 0.574127695635198 
1725	 0.574737526571818 
1726	 0.575339008940252 
1727	 0.575852770800809 
1728	 0.576331552358312 
1729	 0.576672401202021 
1730	 0.576942380579951 
1731	 0.577122888586906 
1732	 0.577191059013991 
1733	 0.577181559522939 
1734	 0.577097262126011 
1735	 0.576903126551115 
1736	 0.576649272398105 
1737	 0.576336740383681 
1738	 0.575972063020324 
1739	 0.575576232848126 
1740	 0.57515352489617 
1741	 0.574765102069904 
1742	 0.574379488215674 
1743	 0.574017696987106 
1744	 0.573643912828455 
1745	 0.57323317049265 
1746	 0.572865475274981 
1747	 0.572505184201001 
1748	 0.572178631324602 
1749	 0.571900271391272 
1750	 0.571628533298246 
1751	 0.571360012725169 
1752	 0.571139730369787 
1753	 0.57091491784032 
1754	 0.570787626421979 
1755	 0.570753999460283 
1756	 0.57072129712552 
1757	 0.570761768966922 
1758	 0.570794099660896 
1759	 0.570814038174461 
1760	 0.570891510900204 
1761	 0.571044050388852 
1762	 0.571145403799736 
1763	 0.571275159604345 
1764	 0.571341058070623 
1765	 0.571362585844667 
1766	 0.571348451852179 
1767	 0.571303717847799 
1768	 0.571222976724296 
1769	 0.571082960619477 
1770	 0.570955330360416 
1771	 0.570802499665658 
1772	 0.570656937532111 
1773	 0.570495203675097 
1774	 0.570375136946917 
1775	 0.570251485336538 
1776	 0.570165601734272 
1777	 0.570145546617669 
1778	 0.570133643982079 
1779	 0.570148590214875 
1780	 0.570244786463963 
1781	 0.570341625859329 
1782	 0.570444991291509 
1783	 0.570595814946396 
1784	 0.57070965239143 
1785	 0.570799646487144 
1786	 0.570894699645424 
1787	 0.570996554210598 
1788	 0.571117332450516 
1789	 0.571230497843165 
1790	 0.571342894593346 
1791	 0.57144348733762 
1792	 0.571546428392338 
1793	 0.571664874605788 
1794	 0.571819407506047 
1795	 0.571955295182964 
1796	 0.572048080673376 
1797	 0.572201982707545 
1798	 0.572393473245976 
1799	 0.572580122145277 
1800	 0.572812582079858 
1801	 0.567654949666874 
1802	 0.567896729367175 
1803	 0.568122527543338 
1804	 0.568335578648515 
1805	 0.568559629266981 
1806	 0.568772475118386 
1807	 0.569004643529844 
1808	 0.569249409610569 
1809	 0.569510294082622 
1810	 0.56974204538477 
1811	 0.569970166646667 
1812	 0.570184687031937 
1813	 0.570390824592713 
1814	 0.570614851410185 
1815	 0.570829300803927 
1816	 0.571004225977128 
1817	 0.571193780672106 
1818	 0.571379377157785 
1819	 0.571580517903692 
1820	 0.571758943260361 
1821	 0.571928105289488 
1822	 0.572122394027457 
1823	 0.572323678431634 
1824	 0.572543916186144 
1825	 0.572825807007272 
1826	 0.573113185480933 
1827	 0.573408089420535 
1828	 0.573707668937478 
1829	 0.574033861822966 
1830	 0.574362015108214 
1831	 0.574698126768425 
1832	 0.575056324167017 
1833	 0.575415957857093 
1834	 0.575774879069558 
1835	 0.576149014337561 
1836	 0.576495148343267 
1837	 0.576861491518509 
1838	 0.577229506245811 
1839	 0.577625368185808 
1840	 0.577997537422346 
1841	 0.578389081472593 
1842	 0.578755359544033 
1843	 0.579064475284488 
1844	 0.579378368528421 
1845	 0.579677791807825 
1846	 0.579964143449607 
1847	 0.580235829529223 
1848	 0.580509481852098 
1849	 0.580785594354454 
1850	 0.581029379844432 
1851	 0.581261298672826 
1852	 0.581464183823715 
1853	 0.581611800036371 
1854	 0.581733629068984 
1855	 0.581857287631514 
1856	 0.581959368076228 
1857	 0.582022445329771 
1858	 0.582089579251616 
1859	 0.582087564516324 
1860	 0.582040386163756 
1861	 0.581928399046401 
1862	 0.581784646118138 
1863	 0.581586374926636 
1864	 0.581366411550293 
1865	 0.581129190227859 
1866	 0.580840339470645 
1867	 0.580524210914584 
1868	 0.580157804507734 
1869	 0.579756187727609 
1870	 0.579289081322536 
1871	 0.578776415856682 
1872	 0.578207644085508 
1873	 0.577591613452791 
1874	 0.576891483549086 
1875	 0.576123579039692 
1876	 0.575314356718683 
1877	 0.574412127686958 
1878	 0.57345771409407 
1879	 0.57237530012195 
1880	 0.571237620174065 
1881	 0.569937751409294 
1882	 0.568519307626936 
1883	 0.566962479419998 
1884	 0.565247863835014 
1885	 0.563371814649171 
1886	 0.561348326940543 
1887	 0.559148089293858 
1888	 0.556821848781516 
1889	 0.554351101974406 
1890	 0.551735328129576 
1891	 0.548889332944269 
1892	 0.546032155597745 
1893	 0.543038250252563 
1894	 0.53996981287772 
1895	 0.536912244820635 
1896	 0.53386390089069 
1897	 0.530848877994701 
1898	 0.527787455869985 
1899	 0.524867158980891 
1900	 0.521972887621598 
1901	 0.519210054438689 
1902	 0.516528080467506 
1903	 0.513983877894849 
1904	 0.511552994119874 
1905	 0.509227743129753 
1906	 0.507068989767289 
1907	 0.505042423738014 
1908	 0.503109925947274 
1909	 0.501310510861625 
1910	 0.499599382926266 
1911	 0.497985611029261 
1912	 0.4964801907779 
1913	 0.495089549985899 
1914	 0.493784637469782 
1915	 0.492574120468993 
1916	 0.491479898543772 
1917	 0.490471587498941 
1918	 0.489557607640896 
1919	 0.488741483321753 
1920	 0.488038609969628 
1921	 0.487398043550379 
1922	 0.486851367988052 
1923	 0.486375384072173 
1924	 0.485981818596423 
1925	 0.485656099692337 
1926	 0.485405330131472 
1927	 0.485235106933064 
1928	 0.485125986097147 
1929	 0.485099912530361 
1930	 0.485103881326643 
1931	 0.485180621466014 
1932	 0.485280596408132 
1933	 0.485413734719676 
1934	 0.485596996853795 
1935	 0.485822020257601 
1936	 0.486096366892329 
1937	 0.486428614358681 
1938	 0.486792737103608 
1939	 0.487205867434518 
1940	 0.48764667750827 
1941	 0.488132181746938 
1942	 0.488657359272383 
1943	 0.489212990868673 
1944	 0.489825884943478 
1945	 0.490438706387184 
1946	 0.491085298642717 
1947	 0.491730542220816 
1948	 0.492403887880908 
1949	 0.493060736422419 
1950	 0.493729030025237 
1951	 0.494374685373816 
1952	 0.49501847706443 
1953	 0.495654370269829 
1954	 0.496280057329624 
1955	 0.496902568437926 
1956	 0.49750832801751 
1957	 0.4980962100435 
1958	 0.498682492098811 
1959	 0.499255392563663 
1960	 0.499828021269565 
1961	 0.500374303468291 
1962	 0.500953335452957 
1963	 0.501545277834313 
1964	 0.502140873269957 
1965	 0.502758000403951 
1966	 0.503400325652615 
1967	 0.504051824914939 
1968	 0.504690981395004 
1969	 0.505390941056818 
1970	 0.506139767330335 
1971	 0.506889563780853 
1972	 0.507687075949066 
1973	 0.508474930531857 
1974	 0.50927098192369 
1975	 0.510059795353232 
1976	 0.510859306743441 
1977	 0.511674777100204 
1978	 0.512473330881724 
1979	 0.513270071980545 
1980	 0.514062558167777 
1981	 0.514854061758105 
1982	 0.515632593063486 
1983	 0.516411474137829 
1984	 0.517171313283407 
1985	 0.517931324827523 
1986	 0.518655601589051 
1987	 0.519356210888509 
1988	 0.520032019114249 
1989	 0.520703047096891 
1990	 0.52134811242629 
1991	 0.521983637867596 
1992	 0.522623022912902 
1993	 0.523225835391665 
1994	 0.523814793226512 
1995	 0.524357737878064 
1996	 0.524861502514521 
1997	 0.525349261247773 
1998	 0.525830747723875 
1999	 0.526241746098549 
2000	 0.526614384944785 
2001	 0.526952724685073 
2002	 0.527229980942606 
2003	 0.527443961219738 
2004	 0.527599253986758 
2005	 0.527725644882802 
2006	 0.527757364011062 
2007	 0.527684382691188 
2008	 0.527588517277414 
2009	 0.527426505742024 
2010	 0.527229564213336 
2011	 0.527003991699492 
2012	 0.526710667366868 
2013	 0.526362616343019 
2014	 0.525957063400359 
2015	 0.525504958035252 
2016	 0.524969257022329 
2017	 0.524450419368895 
2018	 0.523906873429067 
2019	 0.5233270647989 
2020	 0.522740076754674 
2021	 0.522097885958048 
2022	 0.521400295047015 
2023	 0.520675297983391 
2024	 0.519910061313023 
2025	 0.519119402594743 
2026	 0.518289732114003 
2027	 0.517443739940485 
2028	 0.516562548748221 
2029	 0.515654037728372 
2030	 0.514702889969043 
2031	 0.513725974207596 
2032	 0.512697976937595 
2033	 0.511617146752607 
2034	 0.510518335010882 
2035	 0.50937024081418 
2036	 0.508208680587485 
2037	 0.507037334332341 
2038	 0.505820925399879 
2039	 0.50456566230444 
2040	 0.503290424144934 
2041	 0.501964031346582 
2042	 0.500623517960314 
2043	 0.499277660788546 
2044	 0.497906716485449 
2045	 0.496541627384322 
2046	 0.495171369414239 
2047	 0.49379438262883 
2048	 0.492403420288427 
2049	 0.491022615392989 
2050	 0.489630001614973 
2051	 0.488258900570694 
2052	 0.486893406769066 
2053	 0.485545578448055 
2054	 0.484225859612392 
2055	 0.482897098398126 
2056	 0.481575682445129 
2057	 0.48025733988772 
2058	 0.478962782288953 
2059	 0.477660226616489 
2060	 0.476410970720468 
2061	 0.47521572438622 
2062	 0.474006310897168 
2063	 0.472815084375131 
2064	 0.471630912646537 
2065	 0.470428360147546 
2066	 0.469274729912776 
2067	 0.468138955298417 
2068	 0.467049859563463 
2069	 0.466005735512573 
2070	 0.46496784132137 
2071	 0.463994697554094 
2072	 0.463060813064624 
2073	 0.462183003935674 
2074	 0.461343460087491 
2075	 0.460592461737026 
2076	 0.459914044421709 
2077	 0.459272749543678 
2078	 0.458718810957913 
2079	 0.458172280814521 
2080	 0.457654135472409 
2081	 0.457182218642611 
2082	 0.456753304921857 
2083	 0.456365579742201 
2084	 0.45600949658288 
2085	 0.455662817924889 
2086	 0.455329472029146 
2087	 0.455015155653061 
2088	 0.454703535718264 
2089	 0.454402939273201 
2090	 0.454113232038632 
2091	 0.453838950967432 
2092	 0.453555796141535 
2093	 0.453283150097624 
2094	 0.453003740692071 
2095	 0.452691559823784 
2096	 0.452434818481077 
2097	 0.452169903967193 
2098	 0.451971123579748 
2099	 0.451831135676189 
2100	 0.451720058507907 
2101	 0.45163668430601 
2102	 0.451580694558872 
2103	 0.451554425829627 
2104	 0.451542424499048 
2105	 0.451579401337095 
2106	 0.451665018794334 
2107	 0.451775463395559 
2108	 0.451937161803197 
2109	 0.452083413914341 
2110	 0.452241903791893 
2111	 0.452428144713317 
2112	 0.452621083624387 
2113	 0.452839059388733 
2114	 0.45309194976685 
2115	 0.453361670661157 
2116	 0.453637467577169 
2117	 0.453916923523289 
2118	 0.454236585908492 
2119	 0.454560129954289 
2120	 0.45487814277754 
2121	 0.455213683651509 
2122	 0.455528512358451 
2123	 0.455842444040549 
2124	 0.456128693699233 
2125	 0.456408022025502 
2126	 0.456656301045189 
2127	 0.456893299872544 
2128	 0.457078326741594 
2129	 0.457284317778344 
2130	 0.457350729267257 
2131	 0.457320577546292 
2132	 0.457248429690063 
2133	 0.4570782999084 
2134	 0.456839692361944 
2135	 0.456577132627694 
2136	 0.456278792460661 
2137	 0.455950941214264 
2138	 0.455652202031767 
2139	 0.455431972255663 
2140	 0.455211318913311 
2141	 0.455160578138057 
2142	 0.45519551532138 
2143	 0.455350509066948 
2144	 0.455672009549255 
2145	 0.456023092430185 
2146	 0.456496082703329 
2147	 0.456961831564186 
2148	 0.45755642963192 
2149	 0.458049409980609 
2150	 0.458542647612785 
2151	 0.458989857292495 
2152	 0.459312494048232 
2153	 0.459604584495855 
2154	 0.459801925113024 
2155	 0.459970941000687 
2156	 0.460073634064389 
2157	 0.460098711105017 
2158	 0.460132059194632 
2159	 0.460079843401383 
2160	 0.460105505184112 
2161	 0.460113307135158 
2162	 0.460217797334415 
2163	 0.460338963271268 
2164	 0.460578888089648 
2165	 0.460884878779409 
2166	 0.461308636224704 
2167	 0.461870155780596 
2168	 0.462468908186716 
2169	 0.463194086208327 
2170	 0.463937313548693 
2171	 0.464735449261704 
2172	 0.465553497977131 
2173	 0.466465522445568 
2174	 0.467354073159988 
2175	 0.46822427538972 
2176	 0.469102108192863 
2177	 0.469858678391643 
2178	 0.47056652486612 
2179	 0.471155658480895 
2180	 0.471624177734044 
2181	 0.472066797519207 
2182	 0.472373005887134 
2183	 0.472734097599086 
2184	 0.473041669132197 
2185	 0.473415082541344 
2186	 0.473777194315336 
2187	 0.474223276094004 
2188	 0.474727450341582 
2189	 0.47527738488511 
2190	 0.47591408999499 
2191	 0.476554061504126 
2192	 0.477268117007728 
2193	 0.477949220622929 
2194	 0.478611534603923 
2195	 0.479241917593527 
2196	 0.479801261756612 
2197	 0.480303709944446 
2198	 0.48074442683754 
2199	 0.481134190979599 
2200	 0.481459092105649 
2201	 0.48168791835395 
2202	 0.481933664647082 
2203	 0.482112797705101 
2204	 0.482317435347182 
2205	 0.482464354149222 
2206	 0.482716293457339 
2207	 0.482961002124682 
2208	 0.48332942928089 
2209	 0.483805918977356 
2210	 0.48433425644428 
2211	 0.484997542594973 
2212	 0.485627316000805 
2213	 0.486293539446532 
2214	 0.486972617890343 
2215	 0.487683367775738 
2216	 0.488362710534052 
2217	 0.48904104281939 
2218	 0.489731005096976 
2219	 0.490335827747266 
2220	 0.490821860445827 
2221	 0.491180810669108 
2222	 0.491443669336645 
2223	 0.491580264477964 
2224	 0.491545357230026 
2225	 0.491496691737778 
2226	 0.491405935193003 
2227	 0.49112502365757 
2228	 0.490757166566197 
2229	 0.490206356178838 
2230	 0.489443170832507 
2231	 0.488611889038186 
2232	 0.487693746273079 
2233	 0.486580229822426 
2234	 0.485288238507132 
2235	 0.483892573545277 
2236	 0.482320610286299 
2237	 0.480649457357669 
2238	 0.478852635435854 
2239	 0.476968799555665 
2240	 0.474878795162828 
2241	 0.472810499388265 
2242	 0.470693848996115 
2243	 0.468511507990171 
2244	 0.466341365449436 
2245	 0.464198022359525 
2246	 0.462041264724595 
2247	 0.459953035999136 
2248	 0.457932195637497 
2249	 0.455957348376571 
2250	 0.454058323597538 
2251	 0.45221558272474 
2252	 0.450480017839774 
2253	 0.448855717824182 
2254	 0.447243203248167 
2255	 0.445742419484407 
2256	 0.444226116411404 
2257	 0.44271315431493 
2258	 0.441251192165311 
2259	 0.439852777054699 
2260	 0.438435897617948 
2261	 0.437047049705826 
2262	 0.435657070887807 
2263	 0.434210727448161 
2264	 0.43289121793645 
2265	 0.431606576442457 
2266	 0.430406184356013 
2267	 0.429284835408524 
2268	 0.428264144174659 
2269	 0.427303314836406 
2270	 0.426466577660262 
2271	 0.425786173902601 
2272	 0.425156853976127 
2273	 0.424618722223591 
2274	 0.424173280131626 
2275	 0.42380269014413 
2276	 0.423452488587626 
2277	 0.423202282744251 
2278	 0.423059220599994 
2279	 0.422906906599754 
2280	 0.422853669738262 
2281	 0.422709043573075 
2282	 0.422569943144467 
2283	 0.422350076972744 
2284	 0.422112243642465 
2285	 0.421757186041595 
2286	 0.421309996132552 
2287	 0.420837919664332 
2288	 0.420248440875467 
2289	 0.419698221124424 
2290	 0.419082515775396 
2291	 0.418561072880449 
2292	 0.418064320751235 
2293	 0.417588821586018 
2294	 0.417130198267835 
2295	 0.416777593458987 
2296	 0.416418473764454 
2297	 0.416222786063734 
2298	 0.41617113730758 
2299	 0.416218628242297 
2300	 0.416430516981733 
2301	 0.416659304741157 
2302	 0.417038361431014 
2303	 0.417386673877165 
2304	 0.417808540652014 
2305	 0.418151874215558 
2306	 0.418559074144077 
2307	 0.418799996788357 
2308	 0.419058906283647 
2309	 0.419009880938054 
2310	 0.41875150334822 
2311	 0.418288549710831 
2312	 0.417498244006646 
2313	 0.416594294668706 
2314	 0.415448639997672 
2315	 0.414290387133052 
2316	 0.412924034874935 
2317	 0.411352255444365 
2318	 0.409809803586981 
2319	 0.408076749136427 
2320	 0.406592316605322 
2321	 0.405112515872154 
2322	 0.403827181604428 
2323	 0.402694440847528 
2324	 0.401634570112363 
2325	 0.400707571077298 
2326	 0.399807459709104 
2327	 0.399006636150109 
2328	 0.398230143470144 
2329	 0.397519823050241 
2330	 0.396812508036124 
2331	 0.396142200617377 
2332	 0.395513891651675 
2333	 0.394908891463558 
2334	 0.394344638281611 
2335	 0.393817153189942 
2336	 0.393367450665759 
2337	 0.392952884110258 
2338	 0.392618888895366 
2339	 0.392368279187078 
2340	 0.392202054559556 
2341	 0.392089282514362 
2342	 0.39210308087515 
2343	 0.392297978113299 
2344	 0.392462007863943 
2345	 0.392753022696027 
2346	 0.392967923286637 
2347	 0.393152770295882 
2348	 0.393356805345022 
2349	 0.393544755298725 
2350	 0.393747760748568 
2351	 0.393978142530945 
2352	 0.394192404779141 
2353	 0.394400109780991 
2354	 0.394606809751302 
2355	 0.3947562488434 
2356	 0.395002430991688 
2357	 0.395212613718032 
2358	 0.395597964864317 
2359	 0.396141921052597 
2360	 0.396727508770325 
2361	 0.397524461082994 
2362	 0.398221990734304 
2363	 0.398852663556038 
2364	 0.399597796609367 
2365	 0.400477450672709 
2366	 0.401203092207021 
2367	 0.401934491637338 
2368	 0.402629081827702 
2369	 0.403116884285206 
2370	 0.403699549957712 
2371	 0.404347835365191 
2372	 0.405023983825026 
2373	 0.405783460147073 
2374	 0.406450310052978 
2375	 0.407088774704581 
2376	 0.407741459407567 
2377	 0.408274745249206 
2378	 0.408888932870537 
2379	 0.409631412031752 
2380	 0.410309265976806 
2381	 0.410894206396262 
2382	 0.411512036890691 
2383	 0.412027087267055 
2384	 0.412456279893946 
2385	 0.4129382916521 
2386	 0.413450379892428 
2387	 0.413766837770872 
2388	 0.413914321145282 
2389	 0.414135184464101 
2390	 0.414276004874246 
2391	 0.414519426652579 
2392	 0.414889310723299 
2393	 0.415130654368142 
2394	 0.41526370096265 
2395	 0.415296376667773 
2396	 0.415477835130326 
2397	 0.415501038161186 
2398	 0.415311977780145 
2399	 0.415277210442604 
2400	 0.415210468851045 
2401	 0.415402068809444 
2402	 0.415834200873585 
2403	 0.415717859651505 
2404	 0.415527797829461 
2405	 0.415569224860034 
2406	 0.415106618386244 
2407	 0.414703677549049 
2408	 0.414434631001359 
2409	 0.413738381312701 
2410	 0.413143058377381 
2411	 0.412838434601611 
2412	 0.412722389059137 
2413	 0.412519163605006 
2414	 0.412091198583609 
2415	 0.411778860490121 
2416	 0.411266098836273 
2417	 0.410650811312869 
2418	 0.409953539751666 
2419	 0.408825531318239 
2420	 0.407979697111026 
2421	 0.407081632624602 
2422	 0.406270001636682 
2423	 0.406015503534294 
2424	 0.405196760779603 
2425	 0.404578371076652 
2426	 0.404128785848508 
2427	 0.403039148147032 
2428	 0.402153246806152 
2429	 0.401155937690787 
2430	 0.399690705406309 
2431	 0.398090643953364 
2432	 0.396931620967475 
2433	 0.395797028074648 
2434	 0.394314260234175 
2435	 0.393131013475802 
2436	 0.391481920231689 
2437	 0.389483426303668 
2438	 0.388163486440241 
2439	 0.386949197803985 
2440	 0.386053252756547 
2441	 0.385695499687398 
2442	 0.384621111216349 
2443	 0.383173454725442 
2444	 0.381902961987507 
2445	 0.380114080416359 
2446	 0.378196151968629 
2447	 0.376536952824198 
2448	 0.374388271385068 
2449	 0.371552376630101 
2450	 0.368572400250776 
2451	 0.366088171819066 
2452	 0.363854087970905 
2453	 0.362049989076899 
2454	 0.361331767181223 
2455	 0.360231633463933 
2456	 0.358736372447459 
2457	 0.357343006146194 
2458	 0.355486464509687 
2459	 0.352810478359259 
2460	 0.35081990539976 
2461	 0.348680130013639 
2462	 0.347245852567729 
2463	 0.347297756933554 
2464	 0.34621731505908 
2465	 0.34464349966471 
2466	 0.343485677565716 
2467	 0.342019552707959 
2468	 0.3404627718408 
2469	 0.339334002493578 
2470	 0.337724910868033 
2471	 0.334951365057574 
2472	 0.333246691575769 
2473	 0.331912989047551 
2474	 0.331609750861769 
2475	 0.332925280470376 
2476	 0.333028619364946 
2477	 0.33349030345483 
2478	 0.33341010302301 
2479	 0.332035820856248 
2480	 0.331621962004907 
2481	 0.331592101140403 
2482	 0.332117227286765 
2483	 0.333131437051238 
2484	 0.334477412352702 
2485	 0.337406215214427 
2486	 0.33775392943249 
2487	 0.336840694213806 
2488	 0.336520241993042 
2489	 0.33421977831764 
2490	 0.332759889899126 
2491	 0.333065038363054 
2492	 0.332915015626469 
2493	 0.334653438918081 
2494	 0.33743506757423 
2495	 0.337407406475032 
2496	 0.337676179798072 
2497	 0.340566230239647 
2498	 0.343953740567446 
2499	 0.346515941904557 
2500	 0.349756658294164 
