Wavelength	C:\Documents and Settings\All Users\Application Data\ASD\Indico Pro\Projects\McBeth_080818\#12.txt
350	 0.143155669612271 
351	 0.12954260926667 
352	 0.126669127674597 
353	 0.126699950103038 
354	 0.123357349316908 
355	 0.115221443911047 
356	 0.112001370515869 
357	 0.112275648961953 
358	 0.112822835197948 
359	 0.112755527025897 
360	 0.109898886117578 
361	 0.106473331619048 
362	 0.105431032901764 
363	 0.10140171481458 
364	 0.101580714316777 
365	 0.104461967418153 
366	 0.10013271638922 
367	 0.100166031341061 
368	 0.100597913565659 
369	 9.83842462432422E-02 
370	 9.91297706298179E-02 
371	 9.82097091322544E-02 
372	 9.66110091353392E-02 
373	 9.66496060898166E-02 
374	 9.54495428010403E-02 
375	 0.096711815521649 
376	 9.92278687284853E-02 
377	 9.76263892337736E-02 
378	 9.74108403977548E-02 
379	 9.70287654420453E-02 
380	 9.56663046063192E-02 
381	 9.67663604176682E-02 
382	 9.72695447817176E-02 
383	 0.097508347721834 
384	 9.84015086413458E-02 
385	 9.78787789443786E-02 
386	 9.70081443518028E-02 
387	 0.096261352624969 
388	 9.54869723875285E-02 
389	 0.095572578254194 
390	 9.51429146282944E-02 
391	 9.40596338334982E-02 
392	 9.55448501609099E-02 
393	 9.56072380002951E-02 
394	 9.51260707751369E-02 
395	 9.58807346725509E-02 
396	 0.095716501777576 
397	 9.58808176400854E-02 
398	 9.59051458044261E-02 
399	 9.41001130658532E-02 
400	 9.47586373314859E-02 
401	 9.51418296003642E-02 
402	 9.37942688964858E-02 
403	 9.40936475399551E-02 
404	 9.46681808934099E-02 
405	 9.45608989794109E-02 
406	 9.33845879637923E-02 
407	 9.29238179194259E-02 
408	 9.27000432279879E-02 
409	 9.27229351333699E-02 
410	 9.34384934188117E-02 
411	 9.26837756113875E-02 
412	 9.24529581822797E-02 
413	 9.34435981181603E-02 
414	 0.091810704914846 
415	 9.09527795008539E-02 
416	 9.10722358921897E-02 
417	 9.11423635359778E-02 
418	 9.07153320199481E-02 
419	 9.03057639527835E-02 
420	 9.02504673070788E-02 
421	 9.06033268761749E-02 
422	 0.090538267831609 
423	 9.00107213900746E-02 
424	 8.94346487711969E-02 
425	 9.00554544513974E-02 
426	 8.98858883665514E-02 
427	 8.93087048036098E-02 
428	 8.95680099362533E-02 
429	 8.91380237863445E-02 
430	 8.88208731942992E-02 
431	 8.89398065121015E-02 
432	 8.89410363070169E-02 
433	 8.90022536759337E-02 
434	 8.90291055630628E-02 
435	 8.89337117376943E-02 
436	 8.88402436568878E-02 
437	 8.87001225647438E-02 
438	 8.86764675780324E-02 
439	 8.89863401832461E-02 
440	 8.88805307227909E-02 
441	 8.87241404893375E-02 
442	 0.088762892648858 
443	 0.088759351369613 
444	 8.88329580367339E-02 
445	 8.88283075395601E-02 
446	 8.86416737603707E-02 
447	 8.88520290865272E-02 
448	 8.89536295379329E-02 
449	 8.88861764898018E-02 
450	 8.90295463359509E-02 
451	 8.90912684701635E-02 
452	 0.089197849976133 
453	 0.089388696922768 
454	 8.92632646556188E-02 
455	 8.92954205869198E-02 
456	 8.93708666242914E-02 
457	 8.91947499658844E-02 
458	 8.93236231792239E-02 
459	 8.94532149968957E-02 
460	 8.94525887070844E-02 
461	 8.95294032293834E-02 
462	 8.94388815657369E-02 
463	 8.94523703814204E-02 
464	 8.97393748711767E-02 
465	 8.95719199873439E-02 
466	 8.95922958023028E-02 
467	 8.98129399730062E-02 
468	 8.98043779785024E-02 
469	 8.98074461631125E-02 
470	 8.98860010213875E-02 
471	 9.00300422202961E-02 
472	 0.090112660179926 
473	 9.04431946672306E-02 
474	 9.06814685465973E-02 
475	 9.04608537399566E-02 
476	 9.07159222717871E-02 
477	 9.10010738383608E-02 
478	 9.11795658092157E-02 
479	 9.15422228019909E-02 
480	 9.17960230053696E-02 
481	 9.19453818093196E-02 
482	 9.20774846959238E-02 
483	 9.22987054768066E-02 
484	 9.26015715563372E-02 
485	 9.29657237608268E-02 
486	 9.33524794503329E-02 
487	 9.36456279202193E-02 
488	 9.39915747495345E-02 
489	 9.44522834616556E-02 
490	 9.48832664188536E-02 
491	 9.54831447540069E-02 
492	 9.60056076253129E-02 
493	 9.62555423345867E-02 
494	 9.70113346103136E-02 
495	 9.78347951342256E-02 
496	 9.86216317122862E-02 
497	 9.96428358831641E-02 
498	 0.100786562607148 
499	 0.102101459926291 
500	 0.103605584136364 
501	 0.105123248206425 
502	 0.107037017997566 
503	 0.109342298609811 
504	 0.111852953272135 
505	 0.114795521927581 
506	 0.118151031503945 
507	 0.121908903280345 
508	 0.126098397159717 
509	 0.130766112793331 
510	 0.136031267984453 
511	 0.141953994824968 
512	 0.148242272197186 
513	 0.155172329133281 
514	 0.162683728729588 
515	 0.170403838518149 
516	 0.178669689609004 
517	 0.187359110127816 
518	 0.196364031051481 
519	 0.205901953217608 
520	 0.215582904255947 
521	 0.225343017077251 
522	 0.235283760501071 
523	 0.245227978162274 
524	 0.255257377549312 
525	 0.265351198786633 
526	 0.27531279329897 
527	 0.285026660291025 
528	 0.294644956242033 
529	 0.304274271739571 
530	 0.313368105988391 
531	 0.322089247699886 
532	 0.33046497200063 
533	 0.338323732431787 
534	 0.345868387552406 
535	 0.352987878595731 
536	 0.359586282685369 
537	 0.365858353241754 
538	 0.371620354089026 
539	 0.376896927296509 
540	 0.381845919815782 
541	 0.386502837092257 
542	 0.390827866572896 
543	 0.394796416286015 
544	 0.398398011223718 
545	 0.401946292769361 
546	 0.405329194482073 
547	 0.408335103384807 
548	 0.411201677646352 
549	 0.414006258514453 
550	 0.416766515044546 
551	 0.419451327741279 
552	 0.421997506368233 
553	 0.424487611197551 
554	 0.427000711529544 
555	 0.42945022769858 
556	 0.431916914248948 
557	 0.434431074823613 
558	 0.436984239985512 
559	 0.439541793004102 
560	 0.442204112065576 
561	 0.444996128738183 
562	 0.447728744034 
563	 0.450508760868525 
564	 0.453328245873498 
565	 0.456152186385665 
566	 0.459032173238644 
567	 0.462040007450179 
568	 0.46517790236975 
569	 0.468358518890726 
570	 0.47156166259385 
571	 0.474855663403922 
572	 0.478284585691821 
573	 0.481721821000985 
574	 0.485196303356329 
575	 0.488723973525553 
576	 0.492308027213167 
577	 0.495954208248297 
578	 0.499538828352207 
579	 0.50300525446614 
580	 0.506494918467961 
581	 0.509937368545636 
582	 0.51332171337675 
583	 0.516656841314238 
584	 0.51995577117366 
585	 0.523206004363395 
586	 0.526384116589074 
587	 0.529470152130194 
588	 0.532499478955811 
589	 0.535437199696483 
590	 0.538246463148711 
591	 0.540965851159119 
592	 0.543480836203314 
593	 0.54584020572743 
594	 0.548226478517474 
595	 0.550424122412498 
596	 0.552486743103 
597	 0.554474927297132 
598	 0.556330259167085 
599	 0.558092905144594 
600	 0.559747263635248 
601	 0.561254087619574 
602	 0.562618223555795 
603	 0.563955576677061 
604	 0.565297536503552 
605	 0.56652098260834 
606	 0.567606280471258 
607	 0.568632651949906 
608	 0.56967455810293 
609	 0.570590675287733 
610	 0.571426417662675 
611	 0.572231387214761 
612	 0.573046266756741 
613	 0.573824746055896 
614	 0.574529840236262 
615	 0.575169793367016 
616	 0.575880292307042 
617	 0.576528696015777 
618	 0.577087088998962 
619	 0.577600339514113 
620	 0.57817876962948 
621	 0.578717374436514 
622	 0.579181772128565 
623	 0.579710110492291 
624	 0.580293359782489 
625	 0.580813207900819 
626	 0.581175112416109 
627	 0.58161612176997 
628	 0.582094068458661 
629	 0.582562090600473 
630	 0.582986220588508 
631	 0.58344546278718 
632	 0.58392070482233 
633	 0.584375000555897 
634	 0.584783732372059 
635	 0.585223300010746 
636	 0.585702900636404 
637	 0.586188137039704 
638	 0.586651560242319 
639	 0.587081281148858 
640	 0.587493421552154 
641	 0.587946864175963 
642	 0.588384862710998 
643	 0.588824108086356 
644	 0.589281937605964 
645	 0.58963903702091 
646	 0.590054843851866 
647	 0.590542335889038 
648	 0.590957151195856 
649	 0.591397006490124 
650	 0.591835916159233 
651	 0.592261677878032 
652	 0.592783773413144 
653	 0.593254762756903 
654	 0.59369506048324 
655	 0.594199403052819 
656	 0.594611055914573 
657	 0.595013646682187 
658	 0.595438479723799 
659	 0.595785693540529 
660	 0.596113350581993 
661	 0.596420786706304 
662	 0.596695154253703 
663	 0.596945168984408 
664	 0.597208072697216 
665	 0.597507712361529 
666	 0.597849212966196 
667	 0.598154599953504 
668	 0.598424167352266 
669	 0.598702601316379 
670	 0.599115110700434 
671	 0.599475690766658 
672	 0.599797896216918 
673	 0.600170214181174 
674	 0.600451396677648 
675	 0.600778172744091 
676	 0.601191552676145 
677	 0.601566670816252 
678	 0.601966639823683 
679	 0.602359708001068 
680	 0.602729476195158 
681	 0.603209830553522 
682	 0.603674125493075 
683	 0.604090191575363 
684	 0.604506261887397 
685	 0.604982734667793 
686	 0.60551064598791 
687	 0.606056102907846 
688	 0.60656160472988 
689	 0.607030940351971 
690	 0.607471212717555 
691	 0.607910984456072 
692	 0.608478302746948 
693	 0.609000190115596 
694	 0.609415996087615 
695	 0.609804116431207 
696	 0.610219202053569 
697	 0.610657862903938 
698	 0.611098135120224 
699	 0.611513221540611 
700	 0.611880518703205 
701	 0.612249241137615 
702	 0.612689893151565 
703	 0.613128954741844 
704	 0.613521921383303 
705	 0.613889376869388 
706	 0.614335149534085 
707	 0.614731641305446 
708	 0.615120909372603 
709	 0.61554927075865 
710	 0.615908825582166 
711	 0.616280853138598 
712	 0.616668391001196 
713	 0.617022601082701 
714	 0.617353302464973 
715	 0.617704432329868 
716	 0.618088466936967 
717	 0.618456349372679 
718	 0.618839959711976 
719	 0.619207773737364 
720	 0.619520079678586 
721	 0.619789300191228 
722	 0.620059034318739 
723	 0.620355637906188 
724	 0.62067831936985 
725	 0.620889352181273 
726	 0.621097230041795 
727	 0.621370100964438 
728	 0.621600813575574 
729	 0.621871857498138 
730	 0.622103997195721 
731	 0.622211342334185 
732	 0.622381708690946 
733	 0.622604986303678 
734	 0.622842372468106 
735	 0.623041136824377 
736	 0.623235099532814 
737	 0.62344954500131 
738	 0.623665341542646 
739	 0.623748248479143 
740	 0.623899629039954 
741	 0.62411976499195 
742	 0.624319123166129 
743	 0.62441938731818 
744	 0.624536540887591 
745	 0.624701158841765 
746	 0.624842265809941 
747	 0.624964009314548 
748	 0.625101372098224 
749	 0.625244297912927 
750	 0.625241473980838 
751	 0.625303841276708 
752	 0.625392463572598 
753	 0.625396026259699 
754	 0.625446404515143 
755	 0.625538290474082 
756	 0.625616575147061 
757	 0.625594973531593 
758	 0.625627019273725 
759	 0.625676412487099 
760	 0.625688796416126 
761	 0.625650326352733 
762	 0.625676498392409 
763	 0.625713641558186 
764	 0.62567132281123 
765	 0.625673543103315 
766	 0.625677308743904 
767	 0.625638204679633 
768	 0.625527812917811 
769	 0.625429831745303 
770	 0.625409847217556 
771	 0.625451156829836 
772	 0.625371381228841 
773	 0.625336683112846 
774	 0.625327566271801 
775	 0.625261450785623 
776	 0.625073212437964 
777	 0.62498816829337 
778	 0.625018344735501 
779	 0.624994090771285 
780	 0.624888487653667 
781	 0.624809557688762 
782	 0.624801643069837 
783	 0.624763043680535 
784	 0.624663528203671 
785	 0.624558208178973 
786	 0.624499327064111 
787	 0.624416619819133 
788	 0.624314544234527 
789	 0.624225076510731 
790	 0.624179261517177 
791	 0.624056617304866 
792	 0.623903766258111 
793	 0.623762542353489 
794	 0.623641679371518 
795	 0.62355872170892 
796	 0.623489513173039 
797	 0.623413925738626 
798	 0.623361448962329 
799	 0.623229434948015 
800	 0.623065881495219 
801	 0.622968355845801 
802	 0.622896457241536 
803	 0.62282740449024 
804	 0.622739415026173 
805	 0.622617005117778 
806	 0.622501034738242 
807	 0.622426581717255 
808	 0.622375375725684 
809	 0.622239399858052 
810	 0.622099510137691 
811	 0.622010521411466 
812	 0.621984699825716 
813	 0.621920605573298 
814	 0.621834578970476 
815	 0.621739270619813 
816	 0.62164388660879 
817	 0.62154857605869 
818	 0.621401797657926 
819	 0.621249527205998 
820	 0.621232118853841 
821	 0.621149148194462 
822	 0.621021298112303 
823	 0.620903761515458 
824	 0.620829869930455 
825	 0.620776947859577 
826	 0.620696746983633 
827	 0.620575195350102 
828	 0.62055666060398 
829	 0.62054750553093 
830	 0.620484137947021 
831	 0.620351307654264 
832	 0.62029569345238 
833	 0.620272691804057 
834	 0.620257885912833 
835	 0.620263572305436 
836	 0.620189565548611 
837	 0.620117968489279 
838	 0.620108259643695 
839	 0.620114080596747 
840	 0.620065525309478 
841	 0.619983411685944 
842	 0.619929378830794 
843	 0.620000432349599 
844	 0.619998431097283 
845	 0.619929611091587 
846	 0.619901398155099 
847	 0.619920717436174 
848	 0.619992458511479 
849	 0.620037215980727 
850	 0.619936451603281 
851	 0.619917433840823 
852	 0.61997575492552 
853	 0.620067731512575 
854	 0.62014623848935 
855	 0.620091503143543 
856	 0.620055169903249 
857	 0.620152495623077 
858	 0.620264058866705 
859	 0.620273210269925 
860	 0.62023837491523 
861	 0.620270932848628 
862	 0.620408224519573 
863	 0.620490115329 
864	 0.620479259865226 
865	 0.620445180020175 
866	 0.620595915618665 
867	 0.620730783466157 
868	 0.620758327186862 
869	 0.620727952978168 
870	 0.620743034856917 
871	 0.620804996192844 
872	 0.620912239887953 
873	 0.621077694957284 
874	 0.621164165772295 
875	 0.621194611177381 
876	 0.621240543526895 
877	 0.621389740011363 
878	 0.621558717096922 
879	 0.621668841275796 
880	 0.621711894187948 
881	 0.62187640537413 
882	 0.622140114706504 
883	 0.622338670310503 
884	 0.622328173158238 
885	 0.622334154999714 
886	 0.62241710252273 
887	 0.622598382184168 
888	 0.622843221539702 
889	 0.622972078831875 
890	 0.62298702343255 
891	 0.623021242718549 
892	 0.623266905576592 
893	 0.623506961465755 
894	 0.623683675414669 
895	 0.623776058446201 
896	 0.623793654312899 
897	 0.623935073102047 
898	 0.624158015072615 
899	 0.62436323464209 
900	 0.624452069234343 
901	 0.624589106975265 
902	 0.6247472989886 
903	 0.624895600925048 
904	 0.625113337578056 
905	 0.625206736344073 
906	 0.625312655373889 
907	 0.625567651909917 
908	 0.625782719793757 
909	 0.625995180799282 
910	 0.626179373008466 
911	 0.6263040710105 
912	 0.626376730345564 
913	 0.626622767351793 
914	 0.626933690616108 
915	 0.627086618240975 
916	 0.627221899046426 
917	 0.627317602612547 
918	 0.627461678141573 
919	 0.627768140441888 
920	 0.62809979771425 
921	 0.628281748156539 
922	 0.628351248811452 
923	 0.628503897402322 
924	 0.628772446292571 
925	 0.629076021726715 
926	 0.629348508452066 
927	 0.629559186512311 
928	 0.629696918987136 
929	 0.629850638159589 
930	 0.63007925646812 
931	 0.630375800269144 
932	 0.630586882877375 
933	 0.630712299220657 
934	 0.630841975069382 
935	 0.631123844068075 
936	 0.631486991956613 
937	 0.631719003556731 
938	 0.631770349282141 
939	 0.631849766921639 
940	 0.632071619940934 
941	 0.632338614985989 
942	 0.632582315609348 
943	 0.63285072764073 
944	 0.632900176053348 
945	 0.632966043704 
946	 0.633242454736642 
947	 0.633661966982757 
948	 0.633799129529089 
949	 0.633857085311491 
950	 0.634043498314848 
951	 0.634291171302271 
952	 0.63456349817445 
953	 0.634799807903742 
954	 0.634993147372156 
955	 0.635231698095952 
956	 0.635379615213422 
957	 0.635462345237343 
958	 0.635588145209523 
959	 0.635922930290723 
960	 0.636158089509818 
961	 0.636356683707962 
962	 0.636537751491738 
963	 0.636480893096777 
964	 0.636576126079091 
965	 0.636769368806862 
966	 0.636941562925333 
967	 0.637071131756562 
968	 0.637351083588477 
969	 0.637498200697062 
970	 0.637451007801625 
971	 0.637679672434536 
972	 0.637845888955096 
973	 0.63794717888182 
974	 0.638023104781113 
975	 0.638068618363675 
976	 0.63814746049142 
977	 0.638311034085463 
978	 0.638569973469778 
979	 0.638868957184188 
980	 0.638895922731176 
981	 0.638919654350688 
982	 0.639051682210625 
983	 0.639080445442161 
984	 0.639261021424544 
985	 0.639512782662913 
986	 0.639731546354973 
987	 0.639860372037106 
988	 0.63987547909815 
989	 0.640018096149539 
990	 0.640280077194622 
991	 0.640403125189981 
992	 0.640450167793922 
993	 0.640323839276816 
994	 0.640255825376267 
995	 0.640584755865116 
996	 0.640589828489665 
997	 0.640687038361993 
998	 0.640962701395426 
999	 0.641201402285605 
1000	 0.64119919839485 
1001	 0.639491742419068 
1002	 0.639535979858876 
1003	 0.639635668855265 
1004	 0.639739327867872 
1005	 0.639847508067929 
1006	 0.639983801579165 
1007	 0.640147689782822 
1008	 0.640310225423233 
1009	 0.64045706678267 
1010	 0.640607138359212 
1011	 0.640710696749581 
1012	 0.640776901740294 
1013	 0.64086704445109 
1014	 0.640983890091686 
1015	 0.641118346955277 
1016	 0.641242576941313 
1017	 0.641375439790951 
1018	 0.641525255561939 
1019	 0.641678998957264 
1020	 0.641823035268566 
1021	 0.641975471917402 
1022	 0.642100027332747 
1023	 0.642186060491399 
1024	 0.642284473753617 
1025	 0.642420950336405 
1026	 0.642559909029156 
1027	 0.642695384748393 
1028	 0.64279761080305 
1029	 0.642880535442435 
1030	 0.642994015383611 
1031	 0.643120605810413 
1032	 0.643240578088009 
1033	 0.643372318217256 
1034	 0.643520388398339 
1035	 0.643649134971638 
1036	 0.643770006663553 
1037	 0.643904320373607 
1038	 0.644020276179797 
1039	 0.644100526355413 
1040	 0.644211906839984 
1041	 0.64434528268069 
1042	 0.644441083346359 
1043	 0.644537659504882 
1044	 0.644622240327368 
1045	 0.644689975891428 
1046	 0.644729043718224 
1047	 0.644786212322837 
1048	 0.644843694574032 
1049	 0.6448858433425 
1050	 0.644956807525923 
1051	 0.644985149527887 
1052	 0.645001749594289 
1053	 0.645041309658717 
1054	 0.645040706585493 
1055	 0.645062322883675 
1056	 0.645127666274628 
1057	 0.645181806610679 
1058	 0.645250203995198 
1059	 0.645325135597091 
1060	 0.645388199843204 
1061	 0.645440289060446 
1062	 0.6454966117281 
1063	 0.645553178872777 
1064	 0.645601448708788 
1065	 0.645644643419724 
1066	 0.645700094917261 
1067	 0.645802355127914 
1068	 0.645901905487239 
1069	 0.645979550779964 
1070	 0.646048977539461 
1071	 0.646098194665756 
1072	 0.646165226950399 
1073	 0.646255943622471 
1074	 0.646398323979483 
1075	 0.646495705227658 
1076	 0.646591440915169 
1077	 0.646667663905513 
1078	 0.646705232664966 
1079	 0.646778237260667 
1080	 0.646860215334833 
1081	 0.646944870358248 
1082	 0.647027751988906 
1083	 0.647102665623716 
1084	 0.647183109606279 
1085	 0.647246745103365 
1086	 0.647333353179339 
1087	 0.647445538625605 
1088	 0.647523253763709 
1089	 0.647567274129556 
1090	 0.647652693800404 
1091	 0.647747365319387 
1092	 0.647836230955061 
1093	 0.647962135374452 
1094	 0.648055170335913 
1095	 0.648130216696804 
1096	 0.64817769338408 
1097	 0.648240559793123 
1098	 0.64832337553962 
1099	 0.648438852887764 
1100	 0.648553653925567 
1101	 0.648643539529721 
1102	 0.648741438659194 
1103	 0.648837835511409 
1104	 0.648921836062353 
1105	 0.649001521805453 
1106	 0.649081131719237 
1107	 0.649170236640945 
1108	 0.649243109554784 
1109	 0.649331304925124 
1110	 0.649456023182498 
1111	 0.649554154617614 
1112	 0.649645377102163 
1113	 0.649721128238294 
1114	 0.649788841815182 
1115	 0.649863103536428 
1116	 0.649930911561391 
1117	 0.649990268144631 
1118	 0.650042546644367 
1119	 0.650068203888892 
1120	 0.65009940141279 
1121	 0.650120672141453 
1122	 0.650142617175548 
1123	 0.650171089846059 
1124	 0.650181291296994 
1125	 0.65018025891655 
1126	 0.650168686264021 
1127	 0.650150911459678 
1128	 0.650119532670066 
1129	 0.650080291460358 
1130	 0.650029986076134 
1131	 0.649945870779837 
1132	 0.649845546053199 
1133	 0.649737083169726 
1134	 0.649605073838441 
1135	 0.649491242780068 
1136	 0.649377830504822 
1137	 0.649279543261098 
1138	 0.649198813921258 
1139	 0.649096078348906 
1140	 0.648980557360397 
1141	 0.648885555354934 
1142	 0.648775990677619 
1143	 0.648694773138099 
1144	 0.648648828102236 
1145	 0.648596639190495 
1146	 0.648554431485858 
1147	 0.648505196849316 
1148	 0.648452880601201 
1149	 0.648415902484045 
1150	 0.648380907295786 
1151	 0.648355693263041 
1152	 0.648339114299215 
1153	 0.648345954180921 
1154	 0.648329978725444 
1155	 0.648313674969344 
1156	 0.648287227412658 
1157	 0.648253764085438 
1158	 0.648208573039641 
1159	 0.648151842931583 
1160	 0.648097650466618 
1161	 0.648033506914545 
1162	 0.647968536026184 
1163	 0.647914428850929 
1164	 0.647843094676747 
1165	 0.647758454916131 
1166	 0.647666998920598 
1167	 0.647574875862784 
1168	 0.647470586039657 
1169	 0.64737477917457 
1170	 0.647288867514114 
1171	 0.647181611894607 
1172	 0.647062438023155 
1173	 0.646950389602949 
1174	 0.646822573184205 
1175	 0.646710061069438 
1176	 0.646630537330089 
1177	 0.646508953575478 
1178	 0.646379683047622 
1179	 0.646229389164751 
1180	 0.646025674940402 
1181	 0.645854235276902 
1182	 0.645688384706178 
1183	 0.645521364582423 
1184	 0.645359607814871 
1185	 0.645216215687336 
1186	 0.64505488675903 
1187	 0.644885326036945 
1188	 0.644715607976683 
1189	 0.644534155792876 
1190	 0.644375715386357 
1191	 0.644211024931855 
1192	 0.644076160024736 
1193	 0.643972389715537 
1194	 0.643863088726636 
1195	 0.643757580652322 
1196	 0.643670815139378 
1197	 0.643600126405015 
1198	 0.643527773260758 
1199	 0.643457996374931 
1200	 0.643409816801566 
1201	 0.643371146537604 
1202	 0.643337995286268 
1203	 0.643317256644429 
1204	 0.643324229683866 
1205	 0.643317784329315 
1206	 0.643305550061777 
1207	 0.64330634243531 
1208	 0.643321777602641 
1209	 0.643324836837679 
1210	 0.643315062459803 
1211	 0.643332840948373 
1212	 0.643355254969489 
1213	 0.643388072463142 
1214	 0.643453791660701 
1215	 0.64350180367326 
1216	 0.643543570083957 
1217	 0.643587345851298 
1218	 0.643626756303326 
1219	 0.643671377820407 
1220	 0.643717225623984 
1221	 0.643764390734148 
1222	 0.643821606307772 
1223	 0.643882098069101 
1224	 0.643954380664488 
1225	 0.644038596775693 
1226	 0.644121812027144 
1227	 0.644219371359324 
1228	 0.644301302149008 
1229	 0.644361899401153 
1230	 0.644459559122576 
1231	 0.644559951834252 
1232	 0.644680951052496 
1233	 0.644841534521207 
1234	 0.644989994549474 
1235	 0.645138640088643 
1236	 0.645295633160245 
1237	 0.645461641785243 
1238	 0.645626987195473 
1239	 0.645806941450758 
1240	 0.645972074610127 
1241	 0.646134030515531 
1242	 0.646290531255938 
1243	 0.646452346669959 
1244	 0.646608040828783 
1245	 0.646770825352206 
1246	 0.646948899898683 
1247	 0.647102603489422 
1248	 0.647242468805554 
1249	 0.64739100287166 
1250	 0.647532451277442 
1251	 0.647675240462022 
1252	 0.64782665875732 
1253	 0.64796948143046 
1254	 0.648107546595963 
1255	 0.648238274070054 
1256	 0.648361706855027 
1257	 0.648487719854501 
1258	 0.648620261752718 
1259	 0.648731144229803 
1260	 0.648831049791109 
1261	 0.648927314751297 
1262	 0.649018457166573 
1263	 0.649088105414765 
1264	 0.649172885228764 
1265	 0.649273489394143 
1266	 0.649346395509782 
1267	 0.649402343121686 
1268	 0.649467034892864 
1269	 0.649519317494597 
1270	 0.649579617101419 
1271	 0.649643701169086 
1272	 0.649714261196536 
1273	 0.649781189428473 
1274	 0.649859778940615 
1275	 0.649956108546117 
1276	 0.65004509979056 
1277	 0.650132288347572 
1278	 0.6502266503867 
1279	 0.65031978183984 
1280	 0.650414857140133 
1281	 0.650539464887166 
1282	 0.65067122282735 
1283	 0.650822763160448 
1284	 0.650981740386495 
1285	 0.651127706840341 
1286	 0.651270068347964 
1287	 0.651416176201743 
1288	 0.651556955332864 
1289	 0.651704442315461 
1290	 0.651860534361241 
1291	 0.652007874198177 
1292	 0.652153765162826 
1293	 0.652295860510516 
1294	 0.652440322246602 
1295	 0.652571591061018 
1296	 0.652705863299091 
1297	 0.652812988828965 
1298	 0.652896557315119 
1299	 0.652978716918669 
1300	 0.653038332954132 
1301	 0.653107302730668 
1302	 0.653179874357881 
1303	 0.653243293525067 
1304	 0.653321786004527 
1305	 0.65338515568772 
1306	 0.653455050187773 
1307	 0.653540159193348 
1308	 0.653593878728191 
1309	 0.653633626572473 
1310	 0.653670709537853 
1311	 0.653683408117329 
1312	 0.653713480559078 
1313	 0.653760228414308 
1314	 0.65378242454572 
1315	 0.653806257661875 
1316	 0.653807286086754 
1317	 0.653779865743335 
1318	 0.653758518196036 
1319	 0.653723366476892 
1320	 0.653693266958029 
1321	 0.653669497668761 
1322	 0.653636447071076 
1323	 0.653613854314998 
1324	 0.65356515931575 
1325	 0.653501613884612 
1326	 0.653420029619087 
1327	 0.653333150491911 
1328	 0.653237879358288 
1329	 0.653140908237831 
1330	 0.653027656646872 
1331	 0.652885490981745 
1332	 0.652711746240091 
1333	 0.652545603088599 
1334	 0.652366220867023 
1335	 0.652175845925428 
1336	 0.651991771938327 
1337	 0.651772269486202 
1338	 0.651527991728889 
1339	 0.651269731122757 
1340	 0.650992744884398 
1341	 0.650700349259083 
1342	 0.650386499573244 
1343	 0.65006386314948 
1344	 0.649734900611404 
1345	 0.64937788256941 
1346	 0.649005204538928 
1347	 0.648612979958313 
1348	 0.648194547195885 
1349	 0.647757646453369 
1350	 0.647320287495796 
1351	 0.646862765532676 
1352	 0.646389734206471 
1353	 0.645912881342314 
1354	 0.645416677089718 
1355	 0.644914877268936 
1356	 0.644414597080259 
1357	 0.64391374638777 
1358	 0.643413245652206 
1359	 0.642902557353173 
1360	 0.642419097651285 
1361	 0.641945789557405 
1362	 0.641483571291035 
1363	 0.641036287423259 
1364	 0.640600620496057 
1365	 0.640158103875859 
1366	 0.639760989844759 
1367	 0.639401325214017 
1368	 0.639049630607472 
1369	 0.638725058353902 
1370	 0.638406079290685 
1371	 0.638093491527902 
1372	 0.637797129192723 
1373	 0.637538370502864 
1374	 0.637256690164129 
1375	 0.636972044984602 
1376	 0.636685528646229 
1377	 0.636393475459301 
1378	 0.636090636148681 
1379	 0.63579515260671 
1380	 0.635483788251677 
1381	 0.635136889712003 
1382	 0.634754755096703 
1383	 0.634332778430435 
1384	 0.633892133116806 
1385	 0.633427312685623 
1386	 0.632943841455174 
1387	 0.632418643334722 
1388	 0.631875561883383 
1389	 0.631270219194718 
1390	 0.630621284598207 
1391	 0.629927257895493 
1392	 0.6291783970664 
1393	 0.628403761650914 
1394	 0.627599628278328 
1395	 0.626734700542628 
1396	 0.625828275289621 
1397	 0.624878551196136 
1398	 0.623872689573501 
1399	 0.622830437733146 
1400	 0.621757954253653 
1401	 0.620629768655396 
1402	 0.619474011636927 
1403	 0.618232583747031 
1404	 0.616930028702529 
1405	 0.615561755726842 
1406	 0.614117832181133 
1407	 0.61262682645014 
1408	 0.611075667336002 
1409	 0.609476069828279 
1410	 0.607863083370514 
1411	 0.606217172369237 
1412	 0.604566218526181 
1413	 0.602963444682607 
1414	 0.601411581685745 
1415	 0.599915373304719 
1416	 0.598508339716601 
1417	 0.597196489407492 
1418	 0.595933379838114 
1419	 0.594743496489018 
1420	 0.593576472497526 
1421	 0.592478406643552 
1422	 0.591391360826325 
1423	 0.590342286553254 
1424	 0.589299210529268 
1425	 0.588281653132002 
1426	 0.58727753464067 
1427	 0.586276664285661 
1428	 0.585303827380326 
1429	 0.584344521547021 
1430	 0.583428910565649 
1431	 0.582534387740048 
1432	 0.581686170940822 
1433	 0.580875457504525 
1434	 0.580112609784867 
1435	 0.579393070859052 
1436	 0.578706563057257 
1437	 0.578060617309208 
1438	 0.577463028798961 
1439	 0.576892468032852 
1440	 0.576351582573121 
1441	 0.575851659435424 
1442	 0.575374727222645 
1443	 0.574919698785157 
1444	 0.574489438166999 
1445	 0.574073830761267 
1446	 0.573671446103507 
1447	 0.573287067467176 
1448	 0.572919072398631 
1449	 0.572558487706902 
1450	 0.572209912827702 
1451	 0.571876783846492 
1452	 0.571550069341224 
1453	 0.571246041351147 
1454	 0.57097474443885 
1455	 0.570685458234247 
1456	 0.570406117658758 
1457	 0.570116032686573 
1458	 0.569811995997754 
1459	 0.569519909600361 
1460	 0.569228254822897 
1461	 0.568943687596251 
1462	 0.56866741507741 
1463	 0.568390502714315 
1464	 0.568107886507574 
1465	 0.567847547554355 
1466	 0.567588035340047 
1467	 0.567351463937556 
1468	 0.567149620723525 
1469	 0.566937305153024 
1470	 0.566733798973165 
1471	 0.566530810814137 
1472	 0.566318952552768 
1473	 0.56612135526163 
1474	 0.565915974820785 
1475	 0.565749436923408 
1476	 0.565600643749198 
1477	 0.565479520822503 
1478	 0.56539627665906 
1479	 0.565330467769225 
1480	 0.565282753899827 
1481	 0.565259834687246 
1482	 0.565241533704541 
1483	 0.565243165198062 
1484	 0.56526850195984 
1485	 0.565308357257187 
1486	 0.565371329876396 
1487	 0.565461877067451 
1488	 0.565566600695356 
1489	 0.565676765608423 
1490	 0.565800927094572 
1491	 0.565939773414158 
1492	 0.566099122495868 
1493	 0.566279446929946 
1494	 0.566471856027412 
1495	 0.566688945419531 
1496	 0.566911388311774 
1497	 0.567141962427119 
1498	 0.567389019307115 
1499	 0.567653971876663 
1500	 0.567926244809556 
1501	 0.568216413007335 
1502	 0.568495196971394 
1503	 0.56877335799527 
1504	 0.569068150468747 
1505	 0.569368258644319 
1506	 0.569672350435665 
1507	 0.569994000129479 
1508	 0.570307402675088 
1509	 0.570611425004997 
1510	 0.570926216323662 
1511	 0.571252021220548 
1512	 0.571574113883964 
1513	 0.571903561096217 
1514	 0.572217701960675 
1515	 0.572535630245917 
1516	 0.572830924949951 
1517	 0.573108972350875 
1518	 0.573381200496058 
1519	 0.573631534123022 
1520	 0.573883201625028 
1521	 0.574139195382898 
1522	 0.574372179720802 
1523	 0.574598692080402 
1524	 0.574807090662703 
1525	 0.574980468175538 
1526	 0.575166295277137 
1527	 0.575349373864199 
1528	 0.575526052164543 
1529	 0.575706158241245 
1530	 0.575879505296164 
1531	 0.576055113197245 
1532	 0.576220489771801 
1533	 0.57637503279221 
1534	 0.57652893123188 
1535	 0.576670284507269 
1536	 0.576796807914311 
1537	 0.576918644976839 
1538	 0.577038142438193 
1539	 0.577156567656337 
1540	 0.57728939522333 
1541	 0.577430508689316 
1542	 0.577575544433855 
1543	 0.577709044587109 
1544	 0.577833872241346 
1545	 0.577968112457293 
1546	 0.578093783570951 
1547	 0.578237027414969 
1548	 0.57839391580528 
1549	 0.578543894619986 
1550	 0.578698648784127 
1551	 0.578857715281948 
1552	 0.579010830878673 
1553	 0.57917635759359 
1554	 0.579345158080602 
1555	 0.579535654213053 
1556	 0.579746373099507 
1557	 0.579947578981446 
1558	 0.580167977338599 
1559	 0.580368243605773 
1560	 0.580546161446897 
1561	 0.580746429228376 
1562	 0.580958459433488 
1563	 0.581158302815137 
1564	 0.581361994687776 
1565	 0.581558011016519 
1566	 0.581736658331397 
1567	 0.581932662110542 
1568	 0.582136183778615 
1569	 0.58234224176311 
1570	 0.582565556178493 
1571	 0.58276477167789 
1572	 0.582949118723699 
1573	 0.583143647328312 
1574	 0.583329224987225 
1575	 0.583515661091749 
1576	 0.583711084620155 
1577	 0.583905757391228 
1578	 0.584092068122777 
1579	 0.584287956767723 
1580	 0.584489526101578 
1581	 0.584695931506486 
1582	 0.58490003092599 
1583	 0.58511844000603 
1584	 0.585344466404914 
1585	 0.585587631892866 
1586	 0.585836709340702 
1587	 0.586108106081475 
1588	 0.586387992316241 
1589	 0.586707189239688 
1590	 0.587051393629647 
1591	 0.587428781856195 
1592	 0.5878419941762 
1593	 0.588281351846173 
1594	 0.588743901589352 
1595	 0.589244889746903 
1596	 0.589800441431934 
1597	 0.590351332213601 
1598	 0.59092707424779 
1599	 0.591508932584118 
1600	 0.592093692078792 
1601	 0.592695420037423 
1602	 0.593317029561025 
1603	 0.593947251834491 
1604	 0.594593330917821 
1605	 0.595238913171944 
1606	 0.595903141666803 
1607	 0.596556532647363 
1608	 0.597214803087018 
1609	 0.597853229217352 
1610	 0.598471060765611 
1611	 0.599097167739288 
1612	 0.599716427355605 
1613	 0.600334135339628 
1614	 0.600980693559318 
1615	 0.601579062179277 
1616	 0.602147539342168 
1617	 0.602704425912498 
1618	 0.603234441853565 
1619	 0.603745730473014 
1620	 0.604241351489491 
1621	 0.60472140263002 
1622	 0.605170578546719 
1623	 0.605617661116819 
1624	 0.606056935490078 
1625	 0.606487859112732 
1626	 0.606902101961919 
1627	 0.607318160322284 
1628	 0.607721273071321 
1629	 0.608136120583556 
1630	 0.608544081109093 
1631	 0.608974173588958 
1632	 0.609438809048085 
1633	 0.609877446584143 
1634	 0.610318394767526 
1635	 0.610754980401552 
1636	 0.611163384809544 
1637	 0.611588319834267 
1638	 0.612030126931659 
1639	 0.612463013898685 
1640	 0.612898531666837 
1641	 0.613326749015111 
1642	 0.613764584810365 
1643	 0.61417098472978 
1644	 0.614571442719224 
1645	 0.614938811742021 
1646	 0.6152920291892 
1647	 0.615589519609567 
1648	 0.615866238351302 
1649	 0.616069295941647 
1650	 0.616217788945056 
1651	 0.616295415293872 
1652	 0.616313911046209 
1653	 0.616252764254649 
1654	 0.616097883313052 
1655	 0.615902784122925 
1656	 0.615638243017676 
1657	 0.615320955516383 
1658	 0.61494383657914 
1659	 0.614527464471767 
1660	 0.614040274946889 
1661	 0.613530783314066 
1662	 0.61296992797752 
1663	 0.612405951615068 
1664	 0.611808084538422 
1665	 0.611206393735902 
1666	 0.610587288773138 
1667	 0.609976684117291 
1668	 0.609335280236101 
1669	 0.608741079497718 
1670	 0.608173820572274 
1671	 0.607622222005103 
1672	 0.607078385627001 
1673	 0.606593028754579 
1674	 0.606123255414137 
1675	 0.605723851653064 
1676	 0.605381976539877 
1677	 0.60510619565933 
1678	 0.604912053468012 
1679	 0.604733350115295 
1680	 0.604600729472026 
1681	 0.604520791622835 
1682	 0.604477600648873 
1683	 0.604474153292136 
1684	 0.60456629676675 
1685	 0.604623388216142 
1686	 0.604699321338181 
1687	 0.604755585166509 
1688	 0.604806412400146 
1689	 0.604846191991158 
1690	 0.604885443565557 
1691	 0.604894209045705 
1692	 0.604882292326913 
1693	 0.604859033046765 
1694	 0.604810546278648 
1695	 0.60475233963625 
1696	 0.604670112128036 
1697	 0.604606854285757 
1698	 0.604523861083258 
1699	 0.60447624775548 
1700	 0.60445995406765 
1701	 0.604439771001558 
1702	 0.604430804893835 
1703	 0.604424874749849 
1704	 0.604409783645762 
1705	 0.604435323387445 
1706	 0.60446673931899 
1707	 0.604552730706036 
1708	 0.604684137738086 
1709	 0.604836051257533 
1710	 0.605032631922831 
1711	 0.605235693326119 
1712	 0.605438288947015 
1713	 0.605717550744788 
1714	 0.606036017029982 
1715	 0.606394666405566 
1716	 0.6068113830791 
1717	 0.607270708052063 
1718	 0.607760919229223 
1719	 0.608311168984019 
1720	 0.60894937036286 
1721	 0.609557480690185 
1722	 0.610197595613931 
1723	 0.610821954064245 
1724	 0.611459955061721 
1725	 0.612045400043468 
1726	 0.612642560817601 
1727	 0.613120218763092 
1728	 0.613553506246433 
1729	 0.613833757244772 
1730	 0.614024132620585 
1731	 0.614119618727933 
1732	 0.614091563405005 
1733	 0.61398597195092 
1734	 0.613795873513773 
1735	 0.613473605316994 
1736	 0.613089627054512 
1737	 0.612671965789654 
1738	 0.612187778985511 
1739	 0.61165020159232 
1740	 0.611108906955715 
1741	 0.610574284571836 
1742	 0.610065245934898 
1743	 0.609604119803581 
1744	 0.609155925352824 
1745	 0.608693731662013 
1746	 0.608278949898733 
1747	 0.607904000599315 
1748	 0.607555186587489 
1749	 0.607237420579083 
1750	 0.606948370359473 
1751	 0.606691484059881 
1752	 0.606469098640305 
1753	 0.606255621171975 
1754	 0.606116375488341 
1755	 0.606029930039732 
1756	 0.605989731194629 
1757	 0.606044033582197 
1758	 0.606078125405166 
1759	 0.606135208562401 
1760	 0.606210965693484 
1761	 0.606320172040288 
1762	 0.606395691376127 
1763	 0.606502737573472 
1764	 0.606533444078951 
1765	 0.606507873886231 
1766	 0.606467125262743 
1767	 0.606381645774073 
1768	 0.606291751785105 
1769	 0.606197150253272 
1770	 0.606047308588172 
1771	 0.605844897876883 
1772	 0.605683864849859 
1773	 0.605484275239922 
1774	 0.605338274328075 
1775	 0.605246760758762 
1776	 0.605110756416832 
1777	 0.604978563091576 
1778	 0.604888934883655 
1779	 0.604828641856043 
1780	 0.604822383053454 
1781	 0.604879024193393 
1782	 0.604962258049062 
1783	 0.605059980665353 
1784	 0.60515199579352 
1785	 0.605239630710412 
1786	 0.605357261533549 
1787	 0.605480043765101 
1788	 0.605613860123103 
1789	 0.605753955807588 
1790	 0.605814767768584 
1791	 0.605839057479278 
1792	 0.605875648450952 
1793	 0.605938969603533 
1794	 0.606047387659033 
1795	 0.606145152425275 
1796	 0.606225985006118 
1797	 0.606345513200552 
1798	 0.606474075540791 
1799	 0.606636702174889 
1800	 0.606853087427324 
1801	 0.601162937236439 
1802	 0.601390032491848 
1803	 0.601646672426142 
1804	 0.601879569957727 
1805	 0.602143744422424 
1806	 0.602425467891766 
1807	 0.602669903393159 
1808	 0.602889909799361 
1809	 0.603118601188678 
1810	 0.603332518171031 
1811	 0.603536505654485 
1812	 0.603753841691107 
1813	 0.603982133881615 
1814	 0.604188485497956 
1815	 0.604370628792982 
1816	 0.604544764697803 
1817	 0.604711822097827 
1818	 0.604855327726722 
1819	 0.605020082074572 
1820	 0.605181015203787 
1821	 0.605320802367025 
1822	 0.605485240234797 
1823	 0.605651002108656 
1824	 0.605825339904833 
1825	 0.606027008152234 
1826	 0.606238280651529 
1827	 0.606477867558964 
1828	 0.606732735493525 
1829	 0.607022123731863 
1830	 0.607317701603957 
1831	 0.607627967900269 
1832	 0.607968463025538 
1833	 0.608313514839033 
1834	 0.608685218274638 
1835	 0.609073517437876 
1836	 0.609455316873585 
1837	 0.609833158656541 
1838	 0.610208359312494 
1839	 0.610580657457336 
1840	 0.61095548407716 
1841	 0.611316283960221 
1842	 0.611658154677089 
1843	 0.611998618932271 
1844	 0.612332835515029 
1845	 0.61264797967085 
1846	 0.612937949576564 
1847	 0.613213804407218 
1848	 0.613465761754184 
1849	 0.613689668686576 
1850	 0.613899828205062 
1851	 0.61409844687353 
1852	 0.614290250705801 
1853	 0.614438058785091 
1854	 0.614547555997361 
1855	 0.614662251101253 
1856	 0.61474076160043 
1857	 0.614776812443482 
1858	 0.614801848248924 
1859	 0.614774572127776 
1860	 0.614693997949269 
1861	 0.61457356213081 
1862	 0.614425092542016 
1863	 0.614238288907138 
1864	 0.614042980817299 
1865	 0.613801251611777 
1866	 0.613495869728669 
1867	 0.613148901603902 
1868	 0.612757432302189 
1869	 0.612307582404535 
1870	 0.611805281621155 
1871	 0.611263773515143 
1872	 0.61068456350317 
1873	 0.610037468565998 
1874	 0.609308573620994 
1875	 0.608519610960304 
1876	 0.607666583951961 
1877	 0.606726616737849 
1878	 0.605718664405054 
1879	 0.60461147657013 
1880	 0.603466113895298 
1881	 0.60215406219039 
1882	 0.600730097154781 
1883	 0.599168576394379 
1884	 0.597472489857089 
1885	 0.595631782765268 
1886	 0.593647561650415 
1887	 0.591514468812714 
1888	 0.589254079028533 
1889	 0.586837099911818 
1890	 0.584303282512568 
1891	 0.581581220802546 
1892	 0.578823287342289 
1893	 0.575940559961038 
1894	 0.572961944563065 
1895	 0.569978235553511 
1896	 0.567000193993022 
1897	 0.564054352971182 
1898	 0.561067542757249 
1899	 0.558199133402636 
1900	 0.555345294625346 
1901	 0.552614263919318 
1902	 0.549941832242347 
1903	 0.547408835238253 
1904	 0.544979454783868 
1905	 0.542672799598589 
1906	 0.540511870994928 
1907	 0.538463099927646 
1908	 0.53649074230979 
1909	 0.534622479207202 
1910	 0.532847336223418 
1911	 0.531152203221809 
1912	 0.529571999269396 
1913	 0.528095845788874 
1914	 0.526724643582285 
1915	 0.525467379819874 
1916	 0.524303129992082 
1917	 0.523230440847815 
1918	 0.522261911652279 
1919	 0.521382086593581 
1920	 0.52060135990153 
1921	 0.519897302861736 
1922	 0.519298163600566 
1923	 0.51876374675636 
1924	 0.518312443136565 
1925	 0.517925490518286 
1926	 0.517614140538417 
1927	 0.517379073266469 
1928	 0.517200523243708 
1929	 0.517098903180007 
1930	 0.517030855858009 
1931	 0.5170182771274 
1932	 0.517061137512845 
1933	 0.517148227384654 
1934	 0.517298904368127 
1935	 0.517528973314558 
1936	 0.51778500206616 
1937	 0.51810041991618 
1938	 0.518438862761779 
1939	 0.518803291019708 
1940	 0.519217057589174 
1941	 0.519663603934121 
1942	 0.520141645770354 
1943	 0.520663356505022 
1944	 0.521243538655927 
1945	 0.521828125473761 
1946	 0.522460962843488 
1947	 0.523083885713584 
1948	 0.523729932874041 
1949	 0.524363319774614 
1950	 0.525002226190117 
1951	 0.525629014020727 
1952	 0.526259379555981 
1953	 0.526892123881637 
1954	 0.527507314091239 
1955	 0.528135330024105 
1956	 0.528717269703804 
1957	 0.529253784796786 
1958	 0.529808933775899 
1959	 0.530353984384966 
1960	 0.530886202649552 
1961	 0.531396779425688 
1962	 0.531935846059634 
1963	 0.532480519569469 
1964	 0.533000148071131 
1965	 0.533576136437611 
1966	 0.534191293212338 
1967	 0.534817243504427 
1968	 0.535455743193923 
1969	 0.536126790357692 
1970	 0.53683117410179 
1971	 0.537548414349861 
1972	 0.538306207145214 
1973	 0.539054890629292 
1974	 0.539814324705881 
1975	 0.540579701206513 
1976	 0.541344688672122 
1977	 0.542116220043199 
1978	 0.542875184398066 
1979	 0.543638616645035 
1980	 0.544388356239467 
1981	 0.54513137814617 
1982	 0.545859442577521 
1983	 0.54658626892354 
1984	 0.547289476341784 
1985	 0.547972194685664 
1986	 0.548642459367827 
1987	 0.549297223722811 
1988	 0.549935285579129 
1989	 0.550558212891074 
1990	 0.551155179196985 
1991	 0.551765019887009 
1992	 0.552373683735447 
1993	 0.55296414434498 
1994	 0.553566304460004 
1995	 0.55412963893864 
1996	 0.554692142440921 
1997	 0.555190272217709 
1998	 0.555647753446518 
1999	 0.556072938025115 
2000	 0.556470520894726 
2001	 0.556792175402509 
2002	 0.557074843476712 
2003	 0.557333096441074 
2004	 0.557510958343395 
2005	 0.55762450947575 
2006	 0.557675393777973 
2007	 0.557656899601649 
2008	 0.557595236470864 
2009	 0.557460906863225 
2010	 0.557288846782083 
2011	 0.557086527852558 
2012	 0.556815034129562 
2013	 0.556474798071436 
2014	 0.55608525726976 
2015	 0.555672607822482 
2016	 0.555209212031983 
2017	 0.554711569096004 
2018	 0.554191230052723 
2019	 0.553617543326417 
2020	 0.552982370355602 
2021	 0.552324051590514 
2022	 0.551630018652308 
2023	 0.550901959518258 
2024	 0.550132566622983 
2025	 0.549334360989863 
2026	 0.548490329376565 
2027	 0.547631956376924 
2028	 0.546761611709089 
2029	 0.545885328884898 
2030	 0.54494070157259 
2031	 0.543972439911183 
2032	 0.542954764202189 
2033	 0.541863226679516 
2034	 0.540765314771269 
2035	 0.539648281859202 
2036	 0.538495994917394 
2037	 0.537316266801448 
2038	 0.536094178024474 
2039	 0.534850148190855 
2040	 0.533544301592556 
2041	 0.532172248301751 
2042	 0.530790951514311 
2043	 0.529420092352725 
2044	 0.528023692487605 
2045	 0.526634280191854 
2046	 0.525266872907076 
2047	 0.52386368370021 
2048	 0.522404838023879 
2049	 0.520998849969787 
2050	 0.51960137799027 
2051	 0.518215487592326 
2052	 0.516852868017341 
2053	 0.515503090309828 
2054	 0.514162999286562 
2055	 0.512828119761928 
2056	 0.511512737519634 
2057	 0.510216792660688 
2058	 0.5089404596958 
2059	 0.507676205660795 
2060	 0.506428524172424 
2061	 0.505218321117852 
2062	 0.503992599197529 
2063	 0.502755113850006 
2064	 0.501553549663712 
2065	 0.500344182209 
2066	 0.499186456077649 
2067	 0.498063835020382 
2068	 0.49697713093384 
2069	 0.495919818860775 
2070	 0.494890608639646 
2071	 0.493888862010376 
2072	 0.49289747335893 
2073	 0.491981178492029 
2074	 0.491090015568805 
2075	 0.490289654034555 
2076	 0.489576417379178 
2077	 0.488891562547667 
2078	 0.488270226142113 
2079	 0.487690754597975 
2080	 0.487161762396552 
2081	 0.486660809222585 
2082	 0.486203801338759 
2083	 0.485798669624952 
2084	 0.485405920499524 
2085	 0.485050094686355 
2086	 0.48476488532092 
2087	 0.484494527813244 
2088	 0.484210954530098 
2089	 0.48396376022582 
2090	 0.483688672330998 
2091	 0.483381974916617 
2092	 0.48309717540731 
2093	 0.482813729837598 
2094	 0.482544225586221 
2095	 0.482260678222271 
2096	 0.482029757866715 
2097	 0.481830886263558 
2098	 0.48164709509882 
2099	 0.481491673245857 
2100	 0.48137037430169 
2101	 0.481239582287819 
2102	 0.481134879420605 
2103	 0.48108411447807 
2104	 0.481066249828923 
2105	 0.481094272145987 
2106	 0.481174133822747 
2107	 0.481279726141206 
2108	 0.481436230592768 
2109	 0.481589572220262 
2110	 0.481771426782062 
2111	 0.481973219812082 
2112	 0.482187710714705 
2113	 0.48242135620294 
2114	 0.482672617460364 
2115	 0.482959026106494 
2116	 0.483267637607469 
2117	 0.483591142197029 
2118	 0.483918683798493 
2119	 0.484242562631353 
2120	 0.484582203814683 
2121	 0.484920875150292 
2122	 0.485267529948326 
2123	 0.485663707618225 
2124	 0.485983777940248 
2125	 0.486274154991749 
2126	 0.48654190791877 
2127	 0.486784613653144 
2128	 0.486985354321545 
2129	 0.487185320598219 
2130	 0.487305286267522 
2131	 0.487379729074755 
2132	 0.487374971914235 
2133	 0.487277079931793 
2134	 0.487148090685903 
2135	 0.486948800794977 
2136	 0.486735106217063 
2137	 0.486540091538691 
2138	 0.486344590794669 
2139	 0.48621408547053 
2140	 0.4860683428137 
2141	 0.486078047767955 
2142	 0.486170508902748 
2143	 0.48634077605216 
2144	 0.486649863592463 
2145	 0.486966921418772 
2146	 0.487364417605307 
2147	 0.487764331984167 
2148	 0.488259127256672 
2149	 0.488671917964642 
2150	 0.48906515555978 
2151	 0.48945550166075 
2152	 0.489791742986924 
2153	 0.490092525781266 
2154	 0.490326159968822 
2155	 0.490490425748186 
2156	 0.490548380107415 
2157	 0.490438734046715 
2158	 0.490441828525684 
2159	 0.490375847394354 
2160	 0.49040908291718 
2161	 0.490492218649609 
2162	 0.490628546911976 
2163	 0.490785988753414 
2164	 0.491017815505738 
2165	 0.49128868287624 
2166	 0.491680320078441 
2167	 0.492174192736852 
2168	 0.492717245118523 
2169	 0.493382417732268 
2170	 0.494075266664522 
2171	 0.494815743058633 
2172	 0.495601546339715 
2173	 0.496482838186953 
2174	 0.497338511281863 
2175	 0.498142228312959 
2176	 0.498966146782685 
2177	 0.499665645877023 
2178	 0.500280564304492 
2179	 0.500857451282726 
2180	 0.501366347190109 
2181	 0.501810080246601 
2182	 0.502173309492624 
2183	 0.502537734253421 
2184	 0.50278374021681 
2185	 0.503137002804286 
2186	 0.503496584474342 
2187	 0.503912754236124 
2188	 0.504404759399855 
2189	 0.504890981991416 
2190	 0.505408637237275 
2191	 0.505945568429406 
2192	 0.506513413898791 
2193	 0.507078106871754 
2194	 0.507670263486489 
2195	 0.508275263773192 
2196	 0.508830882764355 
2197	 0.509375477326001 
2198	 0.509818281101245 
2199	 0.510197890430646 
2200	 0.510524646704512 
2201	 0.510739923315358 
2202	 0.510992388511725 
2203	 0.511191260586255 
2204	 0.511435001850517 
2205	 0.511652142269624 
2206	 0.511953898512506 
2207	 0.512277094668274 
2208	 0.512674585976822 
2209	 0.51314125378288 
2210	 0.51365972006281 
2211	 0.514242735748753 
2212	 0.514874249545007 
2213	 0.515608443666009 
2214	 0.516310149914904 
2215	 0.517068224248109 
2216	 0.517796522417892 
2217	 0.518444214095979 
2218	 0.519112359976504 
2219	 0.519664231914486 
2220	 0.520161694019145 
2221	 0.520531645103851 
2222	 0.52081641324203 
2223	 0.52096929591479 
2224	 0.520940362633085 
2225	 0.520956615597404 
2226	 0.52094550200803 
2227	 0.520782163511798 
2228	 0.520627498915135 
2229	 0.520230757099752 
2230	 0.51960207814322 
2231	 0.518911252076449 
2232	 0.518092455322362 
2233	 0.517147181361173 
2234	 0.516086230593376 
2235	 0.514886121372015 
2236	 0.51353627922468 
2237	 0.512071515418753 
2238	 0.510444100347939 
2239	 0.508742883223438 
2240	 0.506881901259838 
2241	 0.504989786517838 
2242	 0.503024382855069 
2243	 0.500960286828425 
2244	 0.498890559085823 
2245	 0.496861243921899 
2246	 0.494848323010939 
2247	 0.492923440489921 
2248	 0.491041893148758 
2249	 0.489205965714055 
2250	 0.487435721537915 
2251	 0.485727145660073 
2252	 0.484079933487217 
2253	 0.482527421670964 
2254	 0.480974005530961 
2255	 0.479474129049377 
2256	 0.477978330284138 
2257	 0.476527291330023 
2258	 0.475046334327044 
2259	 0.473546305864781 
2260	 0.472106967691546 
2261	 0.470664333598344 
2262	 0.469271567656065 
2263	 0.467918136751166 
2264	 0.466643958919742 
2265	 0.465429469936044 
2266	 0.464238672765346 
2267	 0.463079141792191 
2268	 0.462020131645316 
2269	 0.460925167442916 
2270	 0.46003907872307 
2271	 0.459344229570674 
2272	 0.458739716795507 
2273	 0.458303982957352 
2274	 0.45795447278742 
2275	 0.457703115988687 
2276	 0.45747739429181 
2277	 0.457312269660898 
2278	 0.457212792272146 
2279	 0.457092334298745 
2280	 0.457003208838133 
2281	 0.456916031225183 
2282	 0.456869965577944 
2283	 0.456723123940765 
2284	 0.456567196686632 
2285	 0.456335327409125 
2286	 0.45599815300738 
2287	 0.455692430861637 
2288	 0.455378157045571 
2289	 0.45502323008509 
2290	 0.454606002666269 
2291	 0.454229882916829 
2292	 0.45382372440562 
2293	 0.453461360615336 
2294	 0.453089101048225 
2295	 0.452827612950835 
2296	 0.452566572195983 
2297	 0.452460765022213 
2298	 0.452482469206419 
2299	 0.452610911803527 
2300	 0.452898861131715 
2301	 0.453225287644105 
2302	 0.453711971060209 
2303	 0.454167250284388 
2304	 0.454772671430082 
2305	 0.455195987517267 
2306	 0.455652159259527 
2307	 0.455874474839046 
2308	 0.455947998386824 
2309	 0.455803507754193 
2310	 0.455472617889911 
2311	 0.454911111534954 
2312	 0.454113595263491 
2313	 0.453096296174662 
2314	 0.451811280098696 
2315	 0.450347701228997 
2316	 0.448722463967741 
2317	 0.446808336472543 
2318	 0.445026557754088 
2319	 0.443067335078596 
2320	 0.441396018893552 
2321	 0.43977526048207 
2322	 0.438370579488023 
2323	 0.437143409085855 
2324	 0.436009226195333 
2325	 0.435048666099581 
2326	 0.434120356817345 
2327	 0.433319155114603 
2328	 0.432517030255689 
2329	 0.43176398028731 
2330	 0.431083771805527 
2331	 0.430452279253056 
2332	 0.429888819560905 
2333	 0.429428083878908 
2334	 0.428973789883416 
2335	 0.428576202487943 
2336	 0.428188741144994 
2337	 0.427760997513648 
2338	 0.427530904397025 
2339	 0.427407229187789 
2340	 0.427338423717221 
2341	 0.427419034897279 
2342	 0.427564659880219 
2343	 0.427772106249148 
2344	 0.428037438109361 
2345	 0.428537595652944 
2346	 0.428849124841589 
2347	 0.429114312645787 
2348	 0.429340738571 
2349	 0.429426392603052 
2350	 0.429599562274038 
2351	 0.429790118117085 
2352	 0.429982386581269 
2353	 0.430216275760758 
2354	 0.430422258072168 
2355	 0.430602338926631 
2356	 0.43079462617606 
2357	 0.430899620721225 
2358	 0.431166728728097 
2359	 0.431420216414668 
2360	 0.431900414818908 
2361	 0.432680186555276 
2362	 0.433403498984723 
2363	 0.434347198549978 
2364	 0.43512227624944 
2365	 0.43575234057809 
2366	 0.436458148222786 
2367	 0.437188047952957 
2368	 0.437846317444946 
2369	 0.43847504988601 
2370	 0.439123176876655 
2371	 0.439691954127858 
2372	 0.440295014054485 
2373	 0.44090758938501 
2374	 0.441622534018417 
2375	 0.442527333085478 
2376	 0.443209154912833 
2377	 0.443748487025188 
2378	 0.444432441949983 
2379	 0.445066052247444 
2380	 0.445616000831932 
2381	 0.446476901986622 
2382	 0.447265115530338 
2383	 0.447721694024402 
2384	 0.448220399868412 
2385	 0.448581209983643 
2386	 0.448809540257598 
2387	 0.449027143765149 
2388	 0.449197221483368 
2389	 0.449307484056968 
2390	 0.449602400235818 
2391	 0.450105554635176 
2392	 0.450393905606137 
2393	 0.450860289277921 
2394	 0.451250272474531 
2395	 0.451353335321336 
2396	 0.451537386399831 
2397	 0.451351533645846 
2398	 0.451166546823933 
2399	 0.451129505471082 
2400	 0.450980203502218 
2401	 0.451083099130125 
2402	 0.451129200035881 
2403	 0.450782123891723 
2404	 0.45060835550649 
2405	 0.450658907424268 
2406	 0.450354292129237 
2407	 0.450188447363496 
2408	 0.450214223286851 
2409	 0.450133384551273 
2410	 0.449970285355841 
2411	 0.449427877408108 
2412	 0.448856885945315 
2413	 0.448050680262241 
2414	 0.447269558430385 
2415	 0.446879954378636 
2416	 0.446296292323475 
2417	 0.445713321246606 
2418	 0.445067811944664 
2419	 0.444398921257075 
2420	 0.443602307069574 
2421	 0.44229870602754 
2422	 0.441069901993953 
2423	 0.44027057705291 
2424	 0.439538093038 
2425	 0.438780617567555 
2426	 0.438253302452762 
2427	 0.437362515992698 
2428	 0.436025653601947 
2429	 0.435053251347324 
2430	 0.433669791195339 
2431	 0.431876974326757 
2432	 0.430611897586591 
2433	 0.429426648621823 
2434	 0.428284065149162 
2435	 0.427180059958844 
2436	 0.425963203125169 
2437	 0.424399336180543 
2438	 0.422666872473034 
2439	 0.421340073821038 
2440	 0.419912308814025 
2441	 0.418678856353706 
2442	 0.417682328558651 
2443	 0.416545266126326 
2444	 0.415478507976842 
2445	 0.41453279311878 
2446	 0.413028303533525 
2447	 0.410702884416782 
2448	 0.408337766001541 
2449	 0.405482695275641 
2450	 0.403231611030271 
2451	 0.401787886711688 
2452	 0.399921012326873 
2453	 0.397989290423458 
2454	 0.396053787954695 
2455	 0.394018692596296 
2456	 0.391802145454945 
2457	 0.390366052410874 
2458	 0.388873798174356 
2459	 0.387732022913974 
2460	 0.386508153275137 
2461	 0.385391697017953 
2462	 0.383764827193828 
2463	 0.381543676430704 
2464	 0.37981468264416 
2465	 0.378068754185054 
2466	 0.376457788063715 
2467	 0.375278908172233 
2468	 0.374087761595265 
2469	 0.372626894114782 
2470	 0.371495013990888 
2471	 0.371119789733968 
2472	 0.369902822950605 
2473	 0.368226773960705 
2474	 0.366981347930972 
2475	 0.365043631567352 
2476	 0.364446448173422 
2477	 0.365383119980196 
2478	 0.365385587618038 
2479	 0.365564697090304 
2480	 0.365452505461223 
2481	 0.36478603048768 
2482	 0.364542000336209 
2483	 0.364689955561903 
2484	 0.364542317435526 
2485	 0.36333662266005 
2486	 0.364196253425804 
2487	 0.367201843507626 
2488	 0.36894267205079 
2489	 0.371287889647518 
2490	 0.37145829439983 
2491	 0.371629574544425 
2492	 0.371368589933323 
2493	 0.373025319121442 
2494	 0.375279608602943 
2495	 0.375562027465947 
2496	 0.375934160196508 
2497	 0.377091552300877 
2498	 0.378453138623468 
2499	 0.378551490666855 
2500	 0.380275130545647 
