Wavelength	C:\Documents and Settings\All Users\Application Data\ASD\Indico Pro\Projects\McBeth_080818\#16.txt
350	 0.146190201799927 
351	 0.133572777342424 
352	 0.133301139297918 
353	 0.132233538295722 
354	 0.125477228298881 
355	 0.12070468602779 
356	 0.114777520403138 
357	 0.1098284744916 
358	 0.107568832541084 
359	 0.106606557234274 
360	 0.104896136907769 
361	 0.102698518853236 
362	 0.100896098178938 
363	 9.64513802470688E-02 
364	 9.74925667330389E-02 
365	 0.101495445328578 
366	 9.60198989434827E-02 
367	 9.54053487575461E-02 
368	 9.49180202054665E-02 
369	 9.13388910932147E-02 
370	 9.31128998579464E-02 
371	 9.23085858767447E-02 
372	 8.94246978983661E-02 
373	 8.78375456506345E-02 
374	 8.76496870163615E-02 
375	 8.93436752454878E-02 
376	 9.08559048120428E-02 
377	 8.84204652951701E-02 
378	 8.80191573104247E-02 
379	 8.70516955705461E-02 
380	 8.44508666819709E-02 
381	 8.57061354857613E-02 
382	 8.65383338668902E-02 
383	 8.65058090552655E-02 
384	 0.086341772223048 
385	 8.58653740219998E-02 
386	 0.084566348993119 
387	 8.34678065117368E-02 
388	 8.45131313857363E-02 
389	 8.37436418523881E-02 
390	 8.19178272249457E-02 
391	 8.07414725894523E-02 
392	 8.25724505699419E-02 
393	 8.17192565919356E-02 
394	 8.01947759369255E-02 
395	 8.12247556808889E-02 
396	 8.06135460242907E-02 
397	 8.00116542363745E-02 
398	 7.97890839646442E-02 
399	 0.07910507012714 
400	 7.90799601203796E-02 
401	 7.88759726321145E-02 
402	 7.80510477917084E-02 
403	 7.73982451988329E-02 
404	 7.83967238236851E-02 
405	 7.88531601949703E-02 
406	 7.66445416112725E-02 
407	 7.66496926464395E-02 
408	 7.65228422263109E-02 
409	 7.58734615226037E-02 
410	 7.62592552075096E-02 
411	 7.61756680520791E-02 
412	 0.075950319224782 
413	 7.58403623897607E-02 
414	 7.51871668827789E-02 
415	 7.47001163426291E-02 
416	 7.47271907693155E-02 
417	 0.075181781362843 
418	 7.44822601973856E-02 
419	 7.38706874352772E-02 
420	 7.38187570102005E-02 
421	 7.38164472921241E-02 
422	 7.38581962327265E-02 
423	 7.35773701014514E-02 
424	 7.30232449838081E-02 
425	 7.35417302035231E-02 
426	 7.35011980132024E-02 
427	 7.31042072769158E-02 
428	 0.073278493206784 
429	 7.32948771480197E-02 
430	 7.31757161674597E-02 
431	 7.31164818571905E-02 
432	 7.34515728764025E-02 
433	 7.33107205938142E-02 
434	 7.30799214074337E-02 
435	 0.073208781228787 
436	 7.32469379504324E-02 
437	 7.30913891525668E-02 
438	 7.30469354809301E-02 
439	 7.35560073826929E-02 
440	 7.35284368240057E-02 
441	 7.34658249935275E-02 
442	 7.37467441424164E-02 
443	 7.41873375835081E-02 
444	 7.43146804276639E-02 
445	 7.43566800900957E-02 
446	 7.46617894404996E-02 
447	 7.48498157961222E-02 
448	 7.52224964477502E-02 
449	 7.57204122891155E-02 
450	 7.59499514236549E-02 
451	 7.63426149012292E-02 
452	 7.68076162919872E-02 
453	 7.72063325319125E-02 
454	 7.75069189204209E-02 
455	 7.80468439441033E-02 
456	 7.86502319690465E-02 
457	 7.89923284095563E-02 
458	 7.95927986513795E-02 
459	 8.02708282666673E-02 
460	 8.09549054743347E-02 
461	 8.18060601817734E-02 
462	 8.24681800027993E-02 
463	 8.32510892554537E-02 
464	 8.43808616056908E-02 
465	 8.50913902716632E-02 
466	 8.60403792192834E-02 
467	 8.72085678592373E-02 
468	 0.088114418634186 
469	 8.90766999419084E-02 
470	 9.02286826985389E-02 
471	 9.15807290392056E-02 
472	 9.29327217913933E-02 
473	 9.45731476447332E-02 
474	 9.62996809974191E-02 
475	 0.097823947639386 
476	 0.09942816467627 
477	 0.101236484588673 
478	 0.103314591379614 
479	 0.10566642046968 
480	 0.107849820955656 
481	 0.110081642412611 
482	 0.112628016115711 
483	 0.115394385779801 
484	 0.118370757467221 
485	 0.121578456203863 
486	 0.12503534055873 
487	 0.128514842425558 
488	 0.132264687608287 
489	 0.13641387026696 
490	 0.140806316872948 
491	 0.145610510575404 
492	 0.150616386829433 
493	 0.155665631883313 
494	 0.161392959733667 
495	 0.167449448088871 
496	 0.173819804425647 
497	 0.180816631394851 
498	 0.188277679292334 
499	 0.196266099116217 
500	 0.20477068974739 
501	 0.213467893309094 
502	 0.222811607827566 
503	 0.232774473212801 
504	 0.24311147612075 
505	 0.25404899910469 
506	 0.265353950569765 
507	 0.276964410976692 
508	 0.289142069315476 
509	 0.301303735978704 
510	 0.31370187440602 
511	 0.326629472794076 
512	 0.339296244843083 
513	 0.351979440037961 
514	 0.364623771723394 
515	 0.376853694599576 
516	 0.388935523314434 
517	 0.400686626168877 
518	 0.411938827955969 
519	 0.422806949407109 
520	 0.433159820466608 
521	 0.442932250436582 
522	 0.452118630778413 
523	 0.460888326960912 
524	 0.469178013379701 
525	 0.476905847297715 
526	 0.484021453697104 
527	 0.490789068309517 
528	 0.497160446620714 
529	 0.503034444640439 
530	 0.508624776112918 
531	 0.513878244358389 
532	 0.518743086565173 
533	 0.523169435595929 
534	 0.52735449671556 
535	 0.531394516483979 
536	 0.535274542323371 
537	 0.538760520576438 
538	 0.542078739078538 
539	 0.545262874559587 
540	 0.548245268701553 
541	 0.55109660446016 
542	 0.553861217752018 
543	 0.556521318056559 
544	 0.558929755424381 
545	 0.561349992221099 
546	 0.563752901332499 
547	 0.566017890194539 
548	 0.568191785976064 
549	 0.570354058240433 
550	 0.572478998575422 
551	 0.574428033491258 
552	 0.576381199383923 
553	 0.578287347794521 
554	 0.580079436191186 
555	 0.581812626531939 
556	 0.583504951869774 
557	 0.585156688345537 
558	 0.586752120631773 
559	 0.588217661545891 
560	 0.589745947417652 
561	 0.591402366539569 
562	 0.592891232509548 
563	 0.594371156495719 
564	 0.595824305226496 
565	 0.597182522498244 
566	 0.598487331617447 
567	 0.599813593876766 
568	 0.601183254148118 
569	 0.602548368316339 
570	 0.603797039152788 
571	 0.605022962842768 
572	 0.606336109636072 
573	 0.607692111035703 
574	 0.608906648437689 
575	 0.609990878784939 
576	 0.611119939355276 
577	 0.612375599461877 
578	 0.613530199941501 
579	 0.614483467059711 
580	 0.615566604538051 
581	 0.616582261136701 
582	 0.617553911895961 
583	 0.618577921557279 
584	 0.619539729637045 
585	 0.620474463904758 
586	 0.621385877781743 
587	 0.622212794312241 
588	 0.623066279101813 
589	 0.623870447799424 
590	 0.624560364254538 
591	 0.625384024503854 
592	 0.626065688245418 
593	 0.626590832604674 
594	 0.627184344520561 
595	 0.627673933702353 
596	 0.628094478808315 
597	 0.628503215363918 
598	 0.628911991735829 
599	 0.629316026832298 
600	 0.629698656722258 
601	 0.6300334379541 
602	 0.630264902332084 
603	 0.630520427669427 
604	 0.630871754366671 
605	 0.631269156223305 
606	 0.631669729455007 
607	 0.632064571977299 
608	 0.632452569008304 
609	 0.632783061344242 
610	 0.633190952335126 
611	 0.63368905261752 
612	 0.634162613383097 
613	 0.634670320413791 
614	 0.635235614610507 
615	 0.635857537158308 
616	 0.636494863688705 
617	 0.63708083695827 
618	 0.637662307896591 
619	 0.638342667991938 
620	 0.639059419148721 
621	 0.639794566713903 
622	 0.64055202075892 
623	 0.6413662320777 
624	 0.642272138285534 
625	 0.643125055163034 
626	 0.643809544305505 
627	 0.644682125419171 
628	 0.645619011739543 
629	 0.646520557831395 
630	 0.647344757228133 
631	 0.648298831071872 
632	 0.649295432304334 
633	 0.650217612026001 
634	 0.651068977695837 
635	 0.651910310014161 
636	 0.652817340928522 
637	 0.653844369770192 
638	 0.654767648239419 
639	 0.655605448087614 
640	 0.65643599894653 
641	 0.657389262362237 
642	 0.658244058138161 
643	 0.659050040896364 
644	 0.659914317019004 
645	 0.660716983554946 
646	 0.661529027733649 
647	 0.662364815302977 
648	 0.663173226345457 
649	 0.663951051609471 
650	 0.664784183633536 
651	 0.665699079778303 
652	 0.666502532343865 
653	 0.667300823208194 
654	 0.66810349135145 
655	 0.668867712357251 
656	 0.669587143771709 
657	 0.670235364474739 
658	 0.670822167896219 
659	 0.671422077762001 
660	 0.671900278946003 
661	 0.672292026979256 
662	 0.672668525563127 
663	 0.672995464213309 
664	 0.673244673568108 
665	 0.673492651513526 
666	 0.673895681448455 
667	 0.674271652185404 
668	 0.674599226193769 
669	 0.674928613998232 
670	 0.675417142041368 
671	 0.675890954815281 
672	 0.676327296213033 
673	 0.676785749113667 
674	 0.677338003570977 
675	 0.677941148642872 
676	 0.678565009560227 
677	 0.679210430795719 
678	 0.679907478588553 
679	 0.680632211045123 
680	 0.681364438386956 
681	 0.68215540925105 
682	 0.68298721339904 
683	 0.683820538634883 
684	 0.684621787832546 
685	 0.685585914844877 
686	 0.686599934879106 
687	 0.687566779776366 
688	 0.688512357222606 
689	 0.689447736726319 
690	 0.690382845251815 
691	 0.691324756129027 
692	 0.692289151858995 
693	 0.693214184962007 
694	 0.694075261979294 
695	 0.694893956829552 
696	 0.695618651339404 
697	 0.696352578805555 
698	 0.697148341850929 
699	 0.69782854495574 
700	 0.698480398679496 
701	 0.699139259395224 
702	 0.699808535506789 
703	 0.700450019702605 
704	 0.701042761509492 
705	 0.701611748306622 
706	 0.702240756933874 
707	 0.702791574380118 
708	 0.703315447231652 
709	 0.703866289115148 
710	 0.70430999384887 
711	 0.704786084231643 
712	 0.705301575969298 
713	 0.705769998199586 
714	 0.706159391881019 
715	 0.70653445162875 
716	 0.706933907877078 
717	 0.707325172096666 
718	 0.707755707776688 
719	 0.7081955346894 
720	 0.708596351032663 
721	 0.708945338829801 
722	 0.709321746785383 
723	 0.709755784120771 
724	 0.71022389136337 
725	 0.710627962572377 
726	 0.711003581367302 
727	 0.711396171894771 
728	 0.711812399387924 
729	 0.71236854873316 
730	 0.712912967574166 
731	 0.713281543713893 
732	 0.713806967245536 
733	 0.71437716027438 
734	 0.714935564267554 
735	 0.71550162160108 
736	 0.716078131182916 
737	 0.716694903651216 
738	 0.717340268957922 
739	 0.717887152574404 
740	 0.718478859630804 
741	 0.719125968541211 
742	 0.719775326358185 
743	 0.720344120249314 
744	 0.720940956720018 
745	 0.721585962540813 
746	 0.72219771485678 
747	 0.722848557696842 
748	 0.723475538605358 
749	 0.724036317412279 
750	 0.72460469720283 
751	 0.725135518838731 
752	 0.725652551472162 
753	 0.726199032657371 
754	 0.726762653398463 
755	 0.727254749726224 
756	 0.727699395710281 
757	 0.728230723241438 
758	 0.728708034923315 
759	 0.729121698821109 
760	 0.72949952284846 
761	 0.729890195386832 
762	 0.730323081806989 
763	 0.730749724984167 
764	 0.731119501594819 
765	 0.73157321147592 
766	 0.731971178979261 
767	 0.732286152035366 
768	 0.732608523126685 
769	 0.732879513949147 
770	 0.733181936811071 
771	 0.733548564362465 
772	 0.733857048216191 
773	 0.73419310697551 
774	 0.734508922150589 
775	 0.734737341245882 
776	 0.734930042296686 
777	 0.735201996135731 
778	 0.73552432154561 
779	 0.735761803688492 
780	 0.736024307120995 
781	 0.736282433491583 
782	 0.736528879396568 
783	 0.736832209113009 
784	 0.737063309653431 
785	 0.737274538479369 
786	 0.737538426939146 
787	 0.737775392664051 
788	 0.7380723594466 
789	 0.738387715424845 
790	 0.738616058705103 
791	 0.738857978707385 
792	 0.73909307680851 
793	 0.739317308407286 
794	 0.739563790482219 
795	 0.739840039955539 
796	 0.740156850405074 
797	 0.74049321653274 
798	 0.740749438332975 
799	 0.740950913468655 
800	 0.74117567894176 
801	 0.741486377582381 
802	 0.741710762941668 
803	 0.741974350517201 
804	 0.742282133582499 
805	 0.742523518967753 
806	 0.742789026429491 
807	 0.743095170563392 
808	 0.743421433353713 
809	 0.743705438070085 
810	 0.743913914918764 
811	 0.744103830956317 
812	 0.744349002126322 
813	 0.744681958714299 
814	 0.744957924727759 
815	 0.745162122498655 
816	 0.745357395136618 
817	 0.745545665511055 
818	 0.745736364633554 
819	 0.745955476226953 
820	 0.746237681679315 
821	 0.746458238602466 
822	 0.746647366040623 
823	 0.746849729522434 
824	 0.747073167797097 
825	 0.747318942769308 
826	 0.747534757155774 
827	 0.747700607608927 
828	 0.747990825740575 
829	 0.748218780034719 
830	 0.748353051484594 
831	 0.748473957278705 
832	 0.748695578059713 
833	 0.748910430281158 
834	 0.749072397105867 
835	 0.749228723535546 
836	 0.749440388216483 
837	 0.749627704019563 
838	 0.749767155486264 
839	 0.749994184628309 
840	 0.750172617959905 
841	 0.750297217716032 
842	 0.750412374056883 
843	 0.750582971436011 
844	 0.750772587541725 
845	 0.75093955341382 
846	 0.751052708975446 
847	 0.751142690554641 
848	 0.751287438289783 
849	 0.75146675513523 
850	 0.751578985521027 
851	 0.751633357130675 
852	 0.751722448172711 
853	 0.751909748792364 
854	 0.752192797697272 
855	 0.75226107034911 
856	 0.752248595916261 
857	 0.752342093108168 
858	 0.752591840946759 
859	 0.752768450867291 
860	 0.75281875827024 
861	 0.752808360938766 
862	 0.752964928232772 
863	 0.753134099836466 
864	 0.753247163879942 
865	 0.753312588795035 
866	 0.753445100164657 
867	 0.753596490754771 
868	 0.753708498069575 
869	 0.75373864062233 
870	 0.753753789236979 
871	 0.753823273769955 
872	 0.753961899416319 
873	 0.754111811888376 
874	 0.754231557937062 
875	 0.754311044792111 
876	 0.754376513383663 
877	 0.754505719252266 
878	 0.754633981905021 
879	 0.754727584637173 
880	 0.754779366883034 
881	 0.754811746337602 
882	 0.75502878778791 
883	 0.755265506409046 
884	 0.755281382682202 
885	 0.755273890163156 
886	 0.7553509281785 
887	 0.755505183164689 
888	 0.755647898053551 
889	 0.755708841677697 
890	 0.755726722688445 
891	 0.755763081663017 
892	 0.755878356458884 
893	 0.756040375359214 
894	 0.756196941529073 
895	 0.756255218604459 
896	 0.756107219381269 
897	 0.756129844916687 
898	 0.756274332968441 
899	 0.756410380250651 
900	 0.756429987090158 
901	 0.756403987024853 
902	 0.756374913777059 
903	 0.75637481784497 
904	 0.756425528205651 
905	 0.756480789624275 
906	 0.756520099141796 
907	 0.756524789121974 
908	 0.75643001394688 
909	 0.756537394152767 
910	 0.756738945788199 
911	 0.756804566938556 
912	 0.756726036780018 
913	 0.756741598537553 
914	 0.756866613137952 
915	 0.756995838181434 
916	 0.75710948450887 
917	 0.757060511333913 
918	 0.757001001524988 
919	 0.757202694586195 
920	 0.757458060025443 
921	 0.757611832899251 
922	 0.757602059674038 
923	 0.757492012437673 
924	 0.757620091169904 
925	 0.757873108727437 
926	 0.758154613072922 
927	 0.758413157508291 
928	 0.758400565142717 
929	 0.75833884581041 
930	 0.758418326364162 
931	 0.758688660557374 
932	 0.758970290562213 
933	 0.758995939847033 
934	 0.758824677539521 
935	 0.758896720538573 
936	 0.759123504941137 
937	 0.759342504682635 
938	 0.759469294583631 
939	 0.759557353114576 
940	 0.759533608498993 
941	 0.759514630996514 
942	 0.759629857428801 
943	 0.759945436216543 
944	 0.760026748486699 
945	 0.759921434186646 
946	 0.759845508869971 
947	 0.760068472268038 
948	 0.760222500932042 
949	 0.760287261237453 
950	 0.7603160631451 
951	 0.760341793225177 
952	 0.760288993688561 
953	 0.760325573462361 
954	 0.760514035147246 
955	 0.760631547629781 
956	 0.760581947795354 
957	 0.760483254324798 
958	 0.760482446250008 
959	 0.760651301814535 
960	 0.760724907672596 
961	 0.760764485464231 
962	 0.76081777980613 
963	 0.760757471238515 
964	 0.760623345516979 
965	 0.76056154290893 
966	 0.760631095069005 
967	 0.760693226934473 
968	 0.760724141448494 
969	 0.760604497609783 
970	 0.760381414988121 
971	 0.760383147871557 
972	 0.760517842840914 
973	 0.760698361913137 
974	 0.760762791947851 
975	 0.760484255983784 
976	 0.760202096666995 
977	 0.760221816302626 
978	 0.760532491476319 
979	 0.760710449264884 
980	 0.760706580739909 
981	 0.760641178093441 
982	 0.760549462240746 
983	 0.760339027300708 
984	 0.760453738255104 
985	 0.760561369619394 
986	 0.760561001304617 
987	 0.760718022821786 
988	 0.760743499749399 
989	 0.760671528825188 
990	 0.760688395229615 
991	 0.760970470192431 
992	 0.760872063075106 
993	 0.760704237031189 
994	 0.760689112775605 
995	 0.760828787783955 
996	 0.760861397033004 
997	 0.761104229222797 
998	 0.76147061509542 
999	 0.761622497077667 
1000	 0.761570238204348 
1001	 0.758066631037309 
1002	 0.758046104309875 
1003	 0.758110253051236 
1004	 0.758202720025435 
1005	 0.758293050147414 
1006	 0.758409494353325 
1007	 0.758547982110464 
1008	 0.758638898430389 
1009	 0.758705378239218 
1010	 0.758808355623211 
1011	 0.758878194277688 
1012	 0.758949711392101 
1013	 0.759075436685257 
1014	 0.759200320083716 
1015	 0.759312308819723 
1016	 0.759438041288564 
1017	 0.7595909623689 
1018	 0.759728958874808 
1019	 0.759838692141175 
1020	 0.759967670949131 
1021	 0.760081046430488 
1022	 0.760202880882952 
1023	 0.760329821007245 
1024	 0.760455640685056 
1025	 0.760618255168003 
1026	 0.760734191761411 
1027	 0.760826215383054 
1028	 0.760938674439342 
1029	 0.76106384339997 
1030	 0.761208562131516 
1031	 0.761406417326238 
1032	 0.761562573022446 
1033	 0.761726174472538 
1034	 0.761840181982175 
1035	 0.761940794065484 
1036	 0.762052456926119 
1037	 0.76215891783028 
1038	 0.762304978830997 
1039	 0.762441859724191 
1040	 0.762563127908748 
1041	 0.762714473935785 
1042	 0.762840162183622 
1043	 0.762938915711978 
1044	 0.763015177639048 
1045	 0.763086286664602 
1046	 0.763127195366854 
1047	 0.763181302548939 
1048	 0.763218897459158 
1049	 0.763298572146349 
1050	 0.763406198554955 
1051	 0.76347032991262 
1052	 0.763548274828666 
1053	 0.763635272741448 
1054	 0.763667148021581 
1055	 0.763694263333184 
1056	 0.763771797061872 
1057	 0.763844823230778 
1058	 0.763896556519034 
1059	 0.763965945218168 
1060	 0.764033492632819 
1061	 0.764075209383483 
1062	 0.764131361806002 
1063	 0.764196663496229 
1064	 0.764289906901208 
1065	 0.764357791029945 
1066	 0.764430681799972 
1067	 0.764545266737021 
1068	 0.76465745030395 
1069	 0.764757529622422 
1070	 0.764860429370501 
1071	 0.76496940738746 
1072	 0.765082407237412 
1073	 0.765204911335204 
1074	 0.765360675185063 
1075	 0.765489609510228 
1076	 0.765619694157919 
1077	 0.765713350135723 
1078	 0.765767667508493 
1079	 0.765855802401447 
1080	 0.76593486427052 
1081	 0.766025672077076 
1082	 0.766139518343726 
1083	 0.766237105043499 
1084	 0.766348158344843 
1085	 0.76646333035521 
1086	 0.766562823158221 
1087	 0.766663888545212 
1088	 0.766766959033939 
1089	 0.766839458799212 
1090	 0.766948661314356 
1091	 0.767105763096053 
1092	 0.76722436253273 
1093	 0.767332092017444 
1094	 0.76743388689674 
1095	 0.767519317537014 
1096	 0.767601758957292 
1097	 0.767686221376316 
1098	 0.767802927920834 
1099	 0.767945389658162 
1100	 0.768053972609217 
1101	 0.768144942189926 
1102	 0.768253501973658 
1103	 0.768351243540057 
1104	 0.768430426159291 
1105	 0.76851836092735 
1106	 0.768615696978236 
1107	 0.768702568484135 
1108	 0.768775093526249 
1109	 0.768857941467851 
1110	 0.768954627117163 
1111	 0.769032381325496 
1112	 0.769111563299607 
1113	 0.769172038341056 
1114	 0.769216631970335 
1115	 0.769274595997212 
1116	 0.769315875041075 
1117	 0.769343190785015 
1118	 0.769356583173525 
1119	 0.769332476745807 
1120	 0.769298824564927 
1121	 0.76924027862828 
1122	 0.769183629604121 
1123	 0.769125559179734 
1124	 0.769039378975786 
1125	 0.768949095862736 
1126	 0.768829419499788 
1127	 0.768680566024178 
1128	 0.768513235571727 
1129	 0.768336400150964 
1130	 0.768122271736649 
1131	 0.767877612356721 
1132	 0.767627188106083 
1133	 0.767358121622438 
1134	 0.767084943892478 
1135	 0.766808944900709 
1136	 0.766526086396081 
1137	 0.766249227502069 
1138	 0.765959733759792 
1139	 0.76568999644295 
1140	 0.765417360666203 
1141	 0.765173710952194 
1142	 0.764947610852607 
1143	 0.764735492134209 
1144	 0.764550417199775 
1145	 0.764365559105782 
1146	 0.7641857827921 
1147	 0.764012194787168 
1148	 0.763857261774045 
1149	 0.763739106021246 
1150	 0.763642552784778 
1151	 0.76355161040742 
1152	 0.763443103930131 
1153	 0.763333614971309 
1154	 0.763214191218603 
1155	 0.763098808054401 
1156	 0.762945986580034 
1157	 0.762774192102164 
1158	 0.762595172392151 
1159	 0.762379813302614 
1160	 0.762175390395235 
1161	 0.761982245527226 
1162	 0.761770002457209 
1163	 0.761552373382162 
1164	 0.761314218650373 
1165	 0.761064101159686 
1166	 0.760790710194928 
1167	 0.760513697227977 
1168	 0.760212666567744 
1169	 0.759932285429006 
1170	 0.759659621350804 
1171	 0.759368129093137 
1172	 0.759080418071577 
1173	 0.75877292732823 
1174	 0.758442945923117 
1175	 0.758112575222213 
1176	 0.757782131003719 
1177	 0.757432671918333 
1178	 0.757066511150539 
1179	 0.756699045623842 
1180	 0.756316539956803 
1181	 0.755934435824681 
1182	 0.755561522889753 
1183	 0.755165664816035 
1184	 0.754757322798876 
1185	 0.754330706437547 
1186	 0.753921234625767 
1187	 0.753482490172355 
1188	 0.753106995568889 
1189	 0.752764485499739 
1190	 0.752428054272401 
1191	 0.752126771268447 
1192	 0.751818436551502 
1193	 0.751493967700286 
1194	 0.751219903893135 
1195	 0.750967593066575 
1196	 0.750740048874661 
1197	 0.750551193279463 
1198	 0.750375690273864 
1199	 0.750216873853389 
1200	 0.750077733467019 
1201	 0.749967655716547 
1202	 0.749865563258819 
1203	 0.74977673646388 
1204	 0.749696775106141 
1205	 0.74964675353909 
1206	 0.749614279469706 
1207	 0.749599768324358 
1208	 0.749616100734984 
1209	 0.749632983402323 
1210	 0.749656272165482 
1211	 0.749699264336268 
1212	 0.749752154996971 
1213	 0.749827972213385 
1214	 0.749930479015854 
1215	 0.750035588469302 
1216	 0.750163042570227 
1217	 0.750287519318157 
1218	 0.750406056173858 
1219	 0.750543967375424 
1220	 0.750697431830381 
1221	 0.750853116431426 
1222	 0.751013086434673 
1223	 0.751181944064473 
1224	 0.751363696155644 
1225	 0.751546185176307 
1226	 0.751745755167879 
1227	 0.751966736908279 
1228	 0.752189581558787 
1229	 0.752415544082378 
1230	 0.752656040049702 
1231	 0.752913448142 
1232	 0.753170739814137 
1233	 0.75344334039624 
1234	 0.753706931976436 
1235	 0.753954496886958 
1236	 0.754230137380923 
1237	 0.754524722598013 
1238	 0.754811810971612 
1239	 0.755124208382155 
1240	 0.755424437096911 
1241	 0.755700390280949 
1242	 0.755950252294215 
1243	 0.756218854957654 
1244	 0.756477978653746 
1245	 0.756749080197411 
1246	 0.757049190716794 
1247	 0.757300058738086 
1248	 0.757529164077202 
1249	 0.757758873764137 
1250	 0.757970288114303 
1251	 0.758171115851583 
1252	 0.758365951855885 
1253	 0.758557840818838 
1254	 0.758717973489486 
1255	 0.758900573803535 
1256	 0.759100005549176 
1257	 0.759294447483897 
1258	 0.759521605409071 
1259	 0.759701830693541 
1260	 0.759858346463961 
1261	 0.760004525597103 
1262	 0.760126184526172 
1263	 0.760205747639755 
1264	 0.760295372989029 
1265	 0.760367728584184 
1266	 0.760465170943997 
1267	 0.760558057461717 
1268	 0.760661736866166 
1269	 0.760791468641673 
1270	 0.760902796404998 
1271	 0.760996818778665 
1272	 0.761113734663037 
1273	 0.761239856324391 
1274	 0.761364326148934 
1275	 0.761486539763345 
1276	 0.761630154638595 
1277	 0.761786354747915 
1278	 0.761943169231519 
1279	 0.762107189947332 
1280	 0.762292018035664 
1281	 0.762475954988196 
1282	 0.762658634713172 
1283	 0.762873648707187 
1284	 0.763081774091349 
1285	 0.763286024283915 
1286	 0.763487522046696 
1287	 0.763693872074428 
1288	 0.763901107290974 
1289	 0.764107197869246 
1290	 0.764322247736558 
1291	 0.764517937963659 
1292	 0.764705182564905 
1293	 0.764886673080157 
1294	 0.765071563405408 
1295	 0.765223869425815 
1296	 0.765360877822747 
1297	 0.76547991590023 
1298	 0.76557151435191 
1299	 0.765653710849946 
1300	 0.765719220193561 
1301	 0.765784527059396 
1302	 0.765841686638131 
1303	 0.765874208542217 
1304	 0.765934444712147 
1305	 0.76598875524005 
1306	 0.766042495360298 
1307	 0.766109142728833 
1308	 0.766131782810354 
1309	 0.766127588227549 
1310	 0.766129169441684 
1311	 0.766101332611069 
1312	 0.766092690211784 
1313	 0.766111553794537 
1314	 0.766089124938589 
1315	 0.766060036212576 
1316	 0.766001299151924 
1317	 0.765911638214443 
1318	 0.765815500806625 
1319	 0.765696894860697 
1320	 0.765571458280852 
1321	 0.765432966890133 
1322	 0.765288003269957 
1323	 0.765145867225327 
1324	 0.764980989688103 
1325	 0.764806789566744 
1326	 0.764602741340615 
1327	 0.764409112918061 
1328	 0.76418298852623 
1329	 0.763932605891807 
1330	 0.763683453925948 
1331	 0.763381019137105 
1332	 0.763021951114765 
1333	 0.762682090636831 
1334	 0.762334520097053 
1335	 0.761950760467592 
1336	 0.761571083598152 
1337	 0.761129203014153 
1338	 0.760638806474931 
1339	 0.76012498941732 
1340	 0.759573463747697 
1341	 0.75900065144813 
1342	 0.758403157353297 
1343	 0.757771457941539 
1344	 0.757110372552927 
1345	 0.756422871110482 
1346	 0.75570280149721 
1347	 0.754955284581217 
1348	 0.75417826216034 
1349	 0.753379750183587 
1350	 0.752552390203158 
1351	 0.751703644692619 
1352	 0.750840689141386 
1353	 0.749945497896 
1354	 0.749029622554227 
1355	 0.748117417211924 
1356	 0.747203458176863 
1357	 0.746293300763372 
1358	 0.745384961680486 
1359	 0.744473856195046 
1360	 0.743582219501682 
1361	 0.742687977872719 
1362	 0.741829727663223 
1363	 0.740985657381701 
1364	 0.740179361923266 
1365	 0.739401814929116 
1366	 0.738653999697957 
1367	 0.737938692810796 
1368	 0.737253610911201 
1369	 0.736595097593741 
1370	 0.735965361035818 
1371	 0.735381715968175 
1372	 0.734797489989738 
1373	 0.734256738296686 
1374	 0.733687525238377 
1375	 0.733113240091177 
1376	 0.732527138592893 
1377	 0.731947101747869 
1378	 0.731326742255124 
1379	 0.73069532077245 
1380	 0.730030248024501 
1381	 0.729263551185215 
1382	 0.728420401695378 
1383	 0.727476557158745 
1384	 0.726456951592653 
1385	 0.725418151196532 
1386	 0.724321215365029 
1387	 0.723195486097837 
1388	 0.722036685415435 
1389	 0.720847210600011 
1390	 0.719583297528371 
1391	 0.718371196886063 
1392	 0.71714224903531 
1393	 0.715944727987233 
1394	 0.71481466413222 
1395	 0.713601433575821 
1396	 0.71239129412914 
1397	 0.711110150344597 
1398	 0.709798832583866 
1399	 0.708386311439431 
1400	 0.706961052376893 
1401	 0.705370479057443 
1402	 0.703696909399306 
1403	 0.70184668623165 
1404	 0.699844867776712 
1405	 0.697703672995124 
1406	 0.695413778300601 
1407	 0.693022892017345 
1408	 0.690540801117773 
1409	 0.687987872666813 
1410	 0.685394724171815 
1411	 0.68276811829322 
1412	 0.680147058690592 
1413	 0.67759106861498 
1414	 0.675138602557285 
1415	 0.672783524106785 
1416	 0.670569986464338 
1417	 0.668498856495974 
1418	 0.66650953239508 
1419	 0.66465617403911 
1420	 0.662827341742026 
1421	 0.661096315922668 
1422	 0.659381234924642 
1423	 0.657732830572427 
1424	 0.65607304349419 
1425	 0.654460467732587 
1426	 0.652822964808299 
1427	 0.651159048177121 
1428	 0.649536247404568 
1429	 0.64788564189971 
1430	 0.646332894340494 
1431	 0.644819654828419 
1432	 0.643383959539067 
1433	 0.642013526572393 
1434	 0.640722717998303 
1435	 0.639509874346269 
1436	 0.638348746608725 
1437	 0.637263709393056 
1438	 0.636234424652956 
1439	 0.635243009439346 
1440	 0.634307139072506 
1441	 0.633414964074179 
1442	 0.632565940332687 
1443	 0.631753829217005 
1444	 0.630977958599057 
1445	 0.630243498854286 
1446	 0.62954090022378 
1447	 0.628863297590653 
1448	 0.628223793599265 
1449	 0.627621274883788 
1450	 0.627053137048951 
1451	 0.62651437497942 
1452	 0.626020413896794 
1453	 0.625532492234911 
1454	 0.625075636652052 
1455	 0.62461128460324 
1456	 0.624164844005428 
1457	 0.623714264706058 
1458	 0.623255949984404 
1459	 0.622818096756615 
1460	 0.622388167441499 
1461	 0.621969133176852 
1462	 0.621569686704997 
1463	 0.621164716508041 
1464	 0.6207559442783 
1465	 0.620370533141936 
1466	 0.619989254974941 
1467	 0.619626297008288 
1468	 0.619290746402442 
1469	 0.618953656119864 
1470	 0.618620965073338 
1471	 0.61830221457555 
1472	 0.617991275823124 
1473	 0.617694430849391 
1474	 0.617392885075279 
1475	 0.61713252796155 
1476	 0.616893236946342 
1477	 0.616682588551604 
1478	 0.616509182882354 
1479	 0.616381376690069 
1480	 0.616277017851434 
1481	 0.616210211088412 
1482	 0.616191256962652 
1483	 0.616197191514061 
1484	 0.616244830416667 
1485	 0.616334460381603 
1486	 0.61643919779161 
1487	 0.616578561286 
1488	 0.616752258677968 
1489	 0.616936387915595 
1490	 0.617148486936625 
1491	 0.617402746377225 
1492	 0.617692036229738 
1493	 0.618003028161917 
1494	 0.618327496695169 
1495	 0.618690983888915 
1496	 0.619042644307585 
1497	 0.619383732876096 
1498	 0.619772363741121 
1499	 0.620193053852472 
1500	 0.620605700540425 
1501	 0.621044658892382 
1502	 0.62147419077886 
1503	 0.621891110734737 
1504	 0.622331679099339 
1505	 0.622788960628796 
1506	 0.623253247854138 
1507	 0.623731043622942 
1508	 0.624203618504097 
1509	 0.624688961202905 
1510	 0.625161642878784 
1511	 0.62562547524639 
1512	 0.626096041710882 
1513	 0.626569189572918 
1514	 0.627030833027454 
1515	 0.627499400400624 
1516	 0.627945817195737 
1517	 0.628380560644439 
1518	 0.628802856308989 
1519	 0.629209211322213 
1520	 0.62960257476476 
1521	 0.629985816559529 
1522	 0.630345706971961 
1523	 0.630689148425899 
1524	 0.631019245423751 
1525	 0.631327190648628 
1526	 0.631623180436732 
1527	 0.631902109270727 
1528	 0.632171366058004 
1529	 0.632443051868733 
1530	 0.632700404159706 
1531	 0.632944914452988 
1532	 0.63318974932548 
1533	 0.633408362608547 
1534	 0.633616386301931 
1535	 0.633841117191457 
1536	 0.63403474679874 
1537	 0.634216442911165 
1538	 0.634410634253022 
1539	 0.634588556141304 
1540	 0.634785422611588 
1541	 0.63499955651734 
1542	 0.635206397706853 
1543	 0.635410763671928 
1544	 0.635610331152129 
1545	 0.635806104446338 
1546	 0.636005931964046 
1547	 0.636246994359778 
1548	 0.63649796193126 
1549	 0.636741365012135 
1550	 0.637003742939388 
1551	 0.637254025760582 
1552	 0.637486872058427 
1553	 0.637733046796464 
1554	 0.637986852624305 
1555	 0.638244839157986 
1556	 0.638506904505094 
1557	 0.638768913060012 
1558	 0.639043729156579 
1559	 0.639292912592308 
1560	 0.639534179648954 
1561	 0.639766588142338 
1562	 0.63998028366941 
1563	 0.640203909605822 
1564	 0.640419028177194 
1565	 0.640641142358693 
1566	 0.640869127957403 
1567	 0.641100324672884 
1568	 0.641337779696675 
1569	 0.641569991626762 
1570	 0.641796074660843 
1571	 0.642035530472226 
1572	 0.642277129227917 
1573	 0.642523885722798 
1574	 0.642792044580884 
1575	 0.643037895826807 
1576	 0.64326702762344 
1577	 0.64351222691496 
1578	 0.643753578724676 
1579	 0.644006118432139 
1580	 0.644263046180635 
1581	 0.64453953933528 
1582	 0.644816134080061 
1583	 0.64512324805315 
1584	 0.645448559074647 
1585	 0.645810223330319 
1586	 0.646193881788424 
1587	 0.646612653581861 
1588	 0.647060042006023 
1589	 0.647554581587785 
1590	 0.648085557329035 
1591	 0.648659117348945 
1592	 0.649280516365437 
1593	 0.649936766307879 
1594	 0.650626552543772 
1595	 0.651362988493825 
1596	 0.652160291659739 
1597	 0.652965647433919 
1598	 0.653807871397328 
1599	 0.654669372210061 
1600	 0.655547934416191 
1601	 0.656452979863123 
1602	 0.657401824799681 
1603	 0.658343782017787 
1604	 0.659319249488554 
1605	 0.660261296520987 
1606	 0.661189324917643 
1607	 0.662115138158206 
1608	 0.663035044446224 
1609	 0.663932190163933 
1610	 0.664806579426701 
1611	 0.665694117734861 
1612	 0.666589129708369 
1613	 0.667444606023148 
1614	 0.668324021148522 
1615	 0.669131462413368 
1616	 0.669853751150256 
1617	 0.670584511929131 
1618	 0.671284539581539 
1619	 0.671973941626844 
1620	 0.67268205113948 
1621	 0.673320896439897 
1622	 0.673917106637974 
1623	 0.674479600176354 
1624	 0.674973986868439 
1625	 0.675468357645798 
1626	 0.675926480945742 
1627	 0.676394626016275 
1628	 0.676842335482798 
1629	 0.677308829107757 
1630	 0.677775996591791 
1631	 0.678265449181939 
1632	 0.678779650298365 
1633	 0.679291267074594 
1634	 0.679819913615983 
1635	 0.680345840646354 
1636	 0.680865727109651 
1637	 0.681394889160368 
1638	 0.681934734334405 
1639	 0.682471205586156 
1640	 0.683039189687862 
1641	 0.683556505563822 
1642	 0.684069331494423 
1643	 0.684530748523097 
1644	 0.684972365599126 
1645	 0.685327837413802 
1646	 0.68562381860307 
1647	 0.685861285554384 
1648	 0.686048205317257 
1649	 0.686126673277439 
1650	 0.686150974283838 
1651	 0.686054827525059 
1652	 0.685818434736205 
1653	 0.685517437624283 
1654	 0.685153095595676 
1655	 0.684653269221395 
1656	 0.684021357350002 
1657	 0.68332785120399 
1658	 0.682494640456125 
1659	 0.681628934527702 
1660	 0.680716541957432 
1661	 0.679727882559677 
1662	 0.6786437905024 
1663	 0.677533524059728 
1664	 0.6763222060898 
1665	 0.675148953624054 
1666	 0.673960525277726 
1667	 0.672775547023318 
1668	 0.671582343198738 
1669	 0.670426877464023 
1670	 0.669246737005218 
1671	 0.668153748696732 
1672	 0.667088904610595 
1673	 0.666137929253161 
1674	 0.665261143542846 
1675	 0.664484786657306 
1676	 0.663805897243795 
1677	 0.663234194142598 
1678	 0.662781041961428 
1679	 0.66238873222626 
1680	 0.662114597047219 
1681	 0.661880939609816 
1682	 0.66172012254982 
1683	 0.661592931816253 
1684	 0.661563841971137 
1685	 0.661498697994967 
1686	 0.661468763662155 
1687	 0.661400268270475 
1688	 0.661315319578433 
1689	 0.66121434119322 
1690	 0.661093804307655 
1691	 0.660960517922978 
1692	 0.660797157922334 
1693	 0.660651409650746 
1694	 0.660518348124452 
1695	 0.660347335625493 
1696	 0.660168177334621 
1697	 0.659974821707908 
1698	 0.659729129123741 
1699	 0.659522527763631 
1700	 0.65933019235392 
1701	 0.659142962206355 
1702	 0.658957598896741 
1703	 0.658794560174899 
1704	 0.658640666513843 
1705	 0.658510880004498 
1706	 0.65838957171562 
1707	 0.65832282423686 
1708	 0.658284347005176 
1709	 0.658288532666724 
1710	 0.658337838031222 
1711	 0.658431545579113 
1712	 0.658547112080283 
1713	 0.658750059885659 
1714	 0.659031825386748 
1715	 0.65933685971056 
1716	 0.659691128121431 
1717	 0.660112947958517 
1718	 0.660577466185249 
1719	 0.661109989741277 
1720	 0.661734500313632 
1721	 0.662371458476674 
1722	 0.663044846519852 
1723	 0.66376957296433 
1724	 0.664574896961261 
1725	 0.665314625640206 
1726	 0.666090170112946 
1727	 0.666779867311308 
1728	 0.667444927825684 
1729	 0.667969880238058 
1730	 0.668429994322249 
1731	 0.668773421428674 
1732	 0.668977431850783 
1733	 0.66908147730115 
1734	 0.669103669890907 
1735	 0.668985419587487 
1736	 0.66875667488376 
1737	 0.668451635518405 
1738	 0.668078446883272 
1739	 0.667640658714013 
1740	 0.667162800971248 
1741	 0.666684778513003 
1742	 0.666194784759487 
1743	 0.665685817441057 
1744	 0.665177979624515 
1745	 0.664631193681225 
1746	 0.664129766066286 
1747	 0.663615484818516 
1748	 0.663173715143917 
1749	 0.662794042902769 
1750	 0.662439724863238 
1751	 0.662127332559907 
1752	 0.661865699135426 
1753	 0.661618294551786 
1754	 0.661455453488994 
1755	 0.661384308703649 
1756	 0.661333938921714 
1757	 0.661370740114902 
1758	 0.661381766023628 
1759	 0.661398362421107 
1760	 0.661436396466738 
1761	 0.661485748169268 
1762	 0.661552722878417 
1763	 0.661658973490797 
1764	 0.661738932320894 
1765	 0.661821374819458 
1766	 0.661875573739986 
1767	 0.661934200209246 
1768	 0.661931898715363 
1769	 0.6618713257913 
1770	 0.66185059491625 
1771	 0.661803453078689 
1772	 0.661767210642123 
1773	 0.661763545362063 
1774	 0.66173308975733 
1775	 0.661656784712593 
1776	 0.661634661701065 
1777	 0.661635599892316 
1778	 0.661621287470092 
1779	 0.661659677455115 
1780	 0.661727889071404 
1781	 0.66181552157323 
1782	 0.66192178991811 
1783	 0.662046381236583 
1784	 0.662158658649736 
1785	 0.662250386992847 
1786	 0.662414619663748 
1787	 0.662589554554743 
1788	 0.662748607169603 
1789	 0.662965185302118 
1790	 0.663165621022005 
1791	 0.663333162086519 
1792	 0.663554542285443 
1793	 0.663754533160671 
1794	 0.663947445983063 
1795	 0.664134064211495 
1796	 0.664296028658206 
1797	 0.66448047501441 
1798	 0.664669368382226 
1799	 0.664854358263403 
1800	 0.665069605445396 
1801	 0.657244232038164 
1802	 0.657492503052366 
1803	 0.657783087260901 
1804	 0.658087983207407 
1805	 0.658415498943287 
1806	 0.658740369714546 
1807	 0.65905181692303 
1808	 0.659355536210252 
1809	 0.659652561193167 
1810	 0.65993296647952 
1811	 0.660236168280264 
1812	 0.660533167289265 
1813	 0.660812557953816 
1814	 0.661090796346048 
1815	 0.661352882402877 
1816	 0.661584119351816 
1817	 0.661822404840941 
1818	 0.662050012238746 
1819	 0.662294900865121 
1820	 0.662525675566478 
1821	 0.662756139295608 
1822	 0.663000269449898 
1823	 0.663252523386521 
1824	 0.663523369793762 
1825	 0.663824892749412 
1826	 0.664159063581782 
1827	 0.664508663713699 
1828	 0.66487079212464 
1829	 0.665261030336329 
1830	 0.665673339061341 
1831	 0.666081986794777 
1832	 0.666508826059938 
1833	 0.666951716188914 
1834	 0.667416489187335 
1835	 0.667896948332127 
1836	 0.66838025238394 
1837	 0.668862419222132 
1838	 0.669348341006145 
1839	 0.669825376184792 
1840	 0.670301274070863 
1841	 0.670781015788307 
1842	 0.671225860915945 
1843	 0.671642010309732 
1844	 0.672070643839009 
1845	 0.672486508671129 
1846	 0.672873167802462 
1847	 0.673257876617202 
1848	 0.673609730719406 
1849	 0.673930416124724 
1850	 0.674229369670243 
1851	 0.674509703650183 
1852	 0.674759718186576 
1853	 0.674976667062438 
1854	 0.675141988415132 
1855	 0.675286363443635 
1856	 0.675407212022957 
1857	 0.675476985447721 
1858	 0.675523738607274 
1859	 0.675507107781134 
1860	 0.675437281015528 
1861	 0.675321216996017 
1862	 0.675148103979334 
1863	 0.674921077021192 
1864	 0.674665893357285 
1865	 0.674352714048464 
1866	 0.673971410784172 
1867	 0.673565384163571 
1868	 0.673050505618376 
1869	 0.672452093654284 
1870	 0.671767800243962 
1871	 0.671009075917746 
1872	 0.670160522546458 
1873	 0.66921637755228 
1874	 0.668182258769517 
1875	 0.667050854277151 
1876	 0.665832622771499 
1877	 0.664494748818707 
1878	 0.663078915027899 
1879	 0.661514311025786 
1880	 0.659873585133388 
1881	 0.658026628585456 
1882	 0.656033880542471 
1883	 0.653862275215513 
1884	 0.651520429458441 
1885	 0.6489573045319 
1886	 0.646212507840838 
1887	 0.643279423710187 
1888	 0.640151492818838 
1889	 0.636792445247693 
1890	 0.63329383013756 
1891	 0.62952978254955 
1892	 0.62572407014248 
1893	 0.62175409982873 
1894	 0.617689446180647 
1895	 0.61358104121235 
1896	 0.60949227346191 
1897	 0.605441656904817 
1898	 0.601350434354322 
1899	 0.597375237787446 
1900	 0.593393609407983 
1901	 0.589581105342982 
1902	 0.585814290456377 
1903	 0.58225199781294 
1904	 0.578844423974009 
1905	 0.575602223810096 
1906	 0.572518770197937 
1907	 0.569602894908173 
1908	 0.566802887318258 
1909	 0.564139353223909 
1910	 0.561619095692163 
1911	 0.559234328473757 
1912	 0.556993706645015 
1913	 0.554908691300329 
1914	 0.552942967945689 
1915	 0.551109733882925 
1916	 0.549425354037789 
1917	 0.5478577614974 
1918	 0.546422150902115 
1919	 0.54510370027704 
1920	 0.543918081096763 
1921	 0.542843464984982 
1922	 0.541892318207536 
1923	 0.541052566155811 
1924	 0.540342566991846 
1925	 0.539732866580841 
1926	 0.539239936953764 
1927	 0.538852783612439 
1928	 0.53854748534318 
1929	 0.538351457771865 
1930	 0.538230010647928 
1931	 0.538206748587168 
1932	 0.538237528451372 
1933	 0.538354682021489 
1934	 0.538533637662908 
1935	 0.538771467368598 
1936	 0.539088687559107 
1937	 0.539515245129143 
1938	 0.53996094348116 
1939	 0.540463934492915 
1940	 0.541016013714837 
1941	 0.541602993662234 
1942	 0.542218918303881 
1943	 0.542894955538271 
1944	 0.543646489844677 
1945	 0.544394098324498 
1946	 0.545193840882712 
1947	 0.545985120026599 
1948	 0.546774503264245 
1949	 0.547591842240001 
1950	 0.54843072510333 
1951	 0.549282619257975 
1952	 0.550143531856895 
1953	 0.551040662516936 
1954	 0.551901164980393 
1955	 0.552771923165428 
1956	 0.5536038898372 
1957	 0.554396695662066 
1958	 0.55520653764316 
1959	 0.555985217254999 
1960	 0.556793413213846 
1961	 0.557611450049351 
1962	 0.558447820067377 
1963	 0.559299403911116 
1964	 0.560170324551944 
1965	 0.561041934674893 
1966	 0.56192537798433 
1967	 0.562822511248245 
1968	 0.563702120177275 
1969	 0.564644976204212 
1970	 0.565628649831067 
1971	 0.566627531460535 
1972	 0.567684003631484 
1973	 0.568727838606216 
1974	 0.569793353984745 
1975	 0.570846345222036 
1976	 0.571893231596436 
1977	 0.572942326230514 
1978	 0.573980524639569 
1979	 0.575017450132126 
1980	 0.576029991660886 
1981	 0.577046867322792 
1982	 0.57802181681196 
1983	 0.578953189665478 
1984	 0.57988673896753 
1985	 0.580821185584848 
1986	 0.581709665263597 
1987	 0.582571092205738 
1988	 0.583422226235041 
1989	 0.584226510489882 
1990	 0.584964578696228 
1991	 0.585729589231501 
1992	 0.586490547771908 
1993	 0.587223547125256 
1994	 0.587973049941289 
1995	 0.588652634115663 
1996	 0.589288384803487 
1997	 0.589891705257211 
1998	 0.590449291911595 
1999	 0.590975258999661 
2000	 0.591490456902046 
2001	 0.591943205929818 
2002	 0.592329393579564 
2003	 0.592680945205679 
2004	 0.592926898673362 
2005	 0.593089215463982 
2006	 0.593186040390316 
2007	 0.593203389521073 
2008	 0.593151378517843 
2009	 0.593035656773733 
2010	 0.59283353158029 
2011	 0.592553038013406 
2012	 0.592188209660196 
2013	 0.591722438834674 
2014	 0.591196171406445 
2015	 0.590615566133646 
2016	 0.589961067298922 
2017	 0.589246167137701 
2018	 0.588458108903437 
2019	 0.587644271671818 
2020	 0.586766325578928 
2021	 0.585847846256867 
2022	 0.584904466087508 
2023	 0.58389846764922 
2024	 0.582822864010317 
2025	 0.581709418406207 
2026	 0.580545454791839 
2027	 0.579342037447306 
2028	 0.578103646054095 
2029	 0.576829118689505 
2030	 0.575488355459703 
2031	 0.574101136765512 
2032	 0.572667768303192 
2033	 0.571152719273856 
2034	 0.569637593752102 
2035	 0.568109590080923 
2036	 0.566525727331305 
2037	 0.564912369533116 
2038	 0.56324186320985 
2039	 0.561501308705911 
2040	 0.559747661689476 
2041	 0.55792075181686 
2042	 0.556077978269764 
2043	 0.554236530358769 
2044	 0.552364744900807 
2045	 0.550496416863928 
2046	 0.548632545293147 
2047	 0.546751250068218 
2048	 0.544825769317536 
2049	 0.542947040490253 
2050	 0.541064396149618 
2051	 0.539218658738406 
2052	 0.537413439470777 
2053	 0.535616434265207 
2054	 0.533843657893507 
2055	 0.532071916109857 
2056	 0.53033080668312 
2057	 0.528602717903728 
2058	 0.526908767108574 
2059	 0.52524437965343 
2060	 0.523604181751123 
2061	 0.522002045454186 
2062	 0.520398811964504 
2063	 0.518804874416376 
2064	 0.517239656258021 
2065	 0.515679432214757 
2066	 0.514162512712092 
2067	 0.512680446012898 
2068	 0.511225519451679 
2069	 0.509805847992799 
2070	 0.508419619747451 
2071	 0.507064384371165 
2072	 0.505717848633638 
2073	 0.504475381840152 
2074	 0.503272471621502 
2075	 0.502160151186047 
2076	 0.501142284627774 
2077	 0.500178640361852 
2078	 0.499296289946076 
2079	 0.498453598685972 
2080	 0.497678948638047 
2081	 0.496946900434454 
2082	 0.496269485403146 
2083	 0.495625018630711 
2084	 0.495025854270122 
2085	 0.494505455804771 
2086	 0.49404633530515 
2087	 0.493589056972206 
2088	 0.493150710850254 
2089	 0.492767691158637 
2090	 0.492354051853632 
2091	 0.491933603789741 
2092	 0.491524420233918 
2093	 0.491115996969117 
2094	 0.490720823991441 
2095	 0.490329029880964 
2096	 0.489954857706796 
2097	 0.489571550539304 
2098	 0.48923447781558 
2099	 0.488920711126263 
2100	 0.488634747870501 
2101	 0.488404298825383 
2102	 0.488210811405752 
2103	 0.488032056098519 
2104	 0.487867399859865 
2105	 0.487776961015099 
2106	 0.487731703449995 
2107	 0.487714166368629 
2108	 0.487754784182873 
2109	 0.48781960274387 
2110	 0.487903845178955 
2111	 0.488028516434737 
2112	 0.488223914831553 
2113	 0.488417931569878 
2114	 0.488620209939292 
2115	 0.488855573216848 
2116	 0.489142145087422 
2117	 0.48943530630336 
2118	 0.489758824757245 
2119	 0.490080480017589 
2120	 0.490404683357755 
2121	 0.490722804367832 
2122	 0.491060039472464 
2123	 0.491442299169628 
2124	 0.491756023328645 
2125	 0.492079414056383 
2126	 0.492322569363125 
2127	 0.492520980586482 
2128	 0.492649584900868 
2129	 0.492750075865477 
2130	 0.492741132296694 
2131	 0.492643662116456 
2132	 0.492475945172346 
2133	 0.492191428512396 
2134	 0.491857233160725 
2135	 0.491498200785064 
2136	 0.491100160174708 
2137	 0.49069156740904 
2138	 0.490323985397389 
2139	 0.490083559718416 
2140	 0.489829458418163 
2141	 0.489836855714679 
2142	 0.490025374139129 
2143	 0.490315055171804 
2144	 0.490819308450168 
2145	 0.49133033897511 
2146	 0.491987174776359 
2147	 0.492619611445932 
2148	 0.493382066725301 
2149	 0.49401476826053 
2150	 0.49463048563245 
2151	 0.495190623665859 
2152	 0.495590474881954 
2153	 0.495947851070745 
2154	 0.496192156241639 
2155	 0.496344152530596 
2156	 0.49643106183738 
2157	 0.496393509979138 
2158	 0.496405905452244 
2159	 0.496341064889213 
2160	 0.496347490487262 
2161	 0.496324080200921 
2162	 0.496435302804647 
2163	 0.496543659740651 
2164	 0.496837974502418 
2165	 0.497262157286148 
2166	 0.497810090203083 
2167	 0.498517892992365 
2168	 0.499303898010938 
2169	 0.500269686124878 
2170	 0.501241339375705 
2171	 0.502299542140503 
2172	 0.503378892466859 
2173	 0.504544821037462 
2174	 0.505700544964758 
2175	 0.506826717212073 
2176	 0.507962942143287 
2177	 0.508931569461593 
2178	 0.509801831975265 
2179	 0.510574425669643 
2180	 0.511230717788735 
2181	 0.511810462201055 
2182	 0.512218456236949 
2183	 0.512708187103015 
2184	 0.513121964421904 
2185	 0.513591258560512 
2186	 0.514081745609011 
2187	 0.514616220938239 
2188	 0.515150813762906 
2189	 0.515742455629292 
2190	 0.516399555763179 
2191	 0.517086763591995 
2192	 0.517814024976387 
2193	 0.518596165842683 
2194	 0.519406668500497 
2195	 0.520167336569187 
2196	 0.52085322127528 
2197	 0.521437477886125 
2198	 0.521892588782504 
2199	 0.522211842170694 
2200	 0.52249976566567 
2201	 0.522658781792176 
2202	 0.522823596590948 
2203	 0.522892030682611 
2204	 0.523035585166854 
2205	 0.52309962553375 
2206	 0.523318739081044 
2207	 0.523606938130144 
2208	 0.523981553386117 
2209	 0.524458007662 
2210	 0.524995455352711 
2211	 0.525654023672207 
2212	 0.526322640506427 
2213	 0.527103435562142 
2214	 0.52782072592741 
2215	 0.528593907564648 
2216	 0.529252565476515 
2217	 0.529817641843297 
2218	 0.530411174898582 
2219	 0.530859940707578 
2220	 0.53124129329259 
2221	 0.531462895231511 
2222	 0.531588308299253 
2223	 0.531531516969193 
2224	 0.531301415376322 
2225	 0.530956794151187 
2226	 0.53048764005946 
2227	 0.529834790370507 
2228	 0.529057897782788 
2229	 0.528041228684379 
2230	 0.526791632959452 
2231	 0.525410081464245 
2232	 0.523811616457173 
2233	 0.522089972127112 
2234	 0.520225496939475 
2235	 0.518186885441844 
2236	 0.515933045274043 
2237	 0.513596036104726 
2238	 0.511092808368735 
2239	 0.508502502383705 
2240	 0.505723110309163 
2241	 0.502967057990556 
2242	 0.500157029317092 
2243	 0.497236147623374 
2244	 0.494359772271145 
2245	 0.491585982214662 
2246	 0.488795113754891 
2247	 0.486039201308633 
2248	 0.483386833562839 
2249	 0.48078131422652 
2250	 0.478305571913668 
2251	 0.475942233233185 
2252	 0.473645511007112 
2253	 0.471478905376724 
2254	 0.469334443982126 
2255	 0.467305241083014 
2256	 0.465201575586569 
2257	 0.4631256011638 
2258	 0.461038955445834 
2259	 0.458867227600298 
2260	 0.456820482552364 
2261	 0.45485315176947 
2262	 0.452888370558844 
2263	 0.450948515337329 
2264	 0.449093517918106 
2265	 0.447217574112669 
2266	 0.445502780568153 
2267	 0.44384287158167 
2268	 0.442396420202252 
2269	 0.441126690889824 
2270	 0.439996821118076 
2271	 0.439107806491064 
2272	 0.438282001709067 
2273	 0.437627804493372 
2274	 0.436970852607691 
2275	 0.436444261730109 
2276	 0.436037056148278 
2277	 0.435650179563327 
2278	 0.435394764480963 
2279	 0.435148577455037 
2280	 0.434989023315664 
2281	 0.434797048395673 
2282	 0.434689637986383 
2283	 0.434419834742767 
2284	 0.434120467047782 
2285	 0.433710792133237 
2286	 0.433147603996507 
2287	 0.432643801049781 
2288	 0.432093865714509 
2289	 0.43153091038695 
2290	 0.430942811430303 
2291	 0.430374877357623 
2292	 0.42978024177981 
2293	 0.429204231010107 
2294	 0.428606673241932 
2295	 0.42810421765832 
2296	 0.427517514780435 
2297	 0.427203277892532 
2298	 0.427083089079467 
2299	 0.427049342602957 
2300	 0.427246695893217 
2301	 0.427452597194241 
2302	 0.427778682485584 
2303	 0.428095473077303 
2304	 0.428518085820134 
2305	 0.428878925131502 
2306	 0.42928021826239 
2307	 0.429574093362516 
2308	 0.429957521452592 
2309	 0.430026300106109 
2310	 0.429941378966893 
2311	 0.429616553458578 
2312	 0.428990702417792 
2313	 0.42818217257787 
2314	 0.42706758707094 
2315	 0.425872427315586 
2316	 0.424677407410178 
2317	 0.423325252348202 
2318	 0.421979684388452 
2319	 0.420616625288449 
2320	 0.41930461944937 
2321	 0.417830541841072 
2322	 0.416685828187017 
2323	 0.415765720841187 
2324	 0.414772152448463 
2325	 0.413914955875409 
2326	 0.412950716086925 
2327	 0.411897987588192 
2328	 0.410982748699302 
2329	 0.410075158427423 
2330	 0.409279583292931 
2331	 0.408647117558993 
2332	 0.407910808697373 
2333	 0.407179569182447 
2334	 0.406474374701034 
2335	 0.405694457316126 
2336	 0.405068415807857 
2337	 0.404488631785148 
2338	 0.404071299543538 
2339	 0.403837933795544 
2340	 0.403571488786973 
2341	 0.403366022018043 
2342	 0.403295614978251 
2343	 0.403228387097146 
2344	 0.403349963738455 
2345	 0.40381154828975 
2346	 0.404099246990697 
2347	 0.404420005262186 
2348	 0.404713999375881 
2349	 0.404896331072248 
2350	 0.405185399902495 
2351	 0.405569161679617 
2352	 0.405905410799551 
2353	 0.406242511966571 
2354	 0.406616040963432 
2355	 0.406927230841439 
2356	 0.407357353111283 
2357	 0.407856649528305 
2358	 0.408433893668416 
2359	 0.409134042545675 
2360	 0.409838874324766 
2361	 0.41061591879144 
2362	 0.411414892976245 
2363	 0.412283006242192 
2364	 0.413100842860276 
2365	 0.413933688495052 
2366	 0.414766949559485 
2367	 0.415534097027674 
2368	 0.416344577586342 
2369	 0.417242891200764 
2370	 0.418054983539812 
2371	 0.418868751962962 
2372	 0.419633144231595 
2373	 0.42023555196272 
2374	 0.420952283803777 
2375	 0.421756913691774 
2376	 0.422473187265579 
2377	 0.4231523156586 
2378	 0.42391197295409 
2379	 0.424792784128678 
2380	 0.425410011576544 
2381	 0.425957386961062 
2382	 0.42667382984456 
2383	 0.427154800497076 
2384	 0.427645762611896 
2385	 0.428418503406751 
2386	 0.428903528911266 
2387	 0.429091919415246 
2388	 0.429449849712662 
2389	 0.429675400532954 
2390	 0.429973780260188 
2391	 0.430579759277481 
2392	 0.430963037347425 
2393	 0.43118952932949 
2394	 0.431483408538288 
2395	 0.431872495114749 
2396	 0.432077714650847 
2397	 0.432139756173392 
2398	 0.432179956480286 
2399	 0.431820092885729 
2400	 0.431446856469796 
2401	 0.431251710320549 
2402	 0.431002111670852 
2403	 0.430834969905333 
2404	 0.430741346035826 
2405	 0.430687039110133 
2406	 0.430541158161319 
2407	 0.430292885411335 
2408	 0.429992574304777 
2409	 0.42963649990625 
2410	 0.429167390319594 
2411	 0.428604806005765 
2412	 0.428112850909179 
2413	 0.427594650747494 
2414	 0.427063247242873 
2415	 0.426443361503342 
2416	 0.425710033709569 
2417	 0.42510862531364 
2418	 0.424470240252925 
2419	 0.423618774979521 
2420	 0.4228450498859 
2421	 0.422027962793226 
2422	 0.421001595418679 
2423	 0.420203132961721 
2424	 0.419291482157398 
2425	 0.417938985354924 
2426	 0.416680514174536 
2427	 0.415620757873065 
2428	 0.414403017404627 
2429	 0.413100874804523 
2430	 0.411719025840784 
2431	 0.409879863316706 
2432	 0.408140416539724 
2433	 0.406658061354644 
2434	 0.404994868745702 
2435	 0.403640317110956 
2436	 0.402297945525766 
2437	 0.400394054643343 
2438	 0.398840645373272 
2439	 0.397580378057556 
2440	 0.395882620876804 
2441	 0.394679456274268 
2442	 0.393520202950436 
2443	 0.391712283819945 
2444	 0.39019344480599 
2445	 0.388734822757696 
2446	 0.386722961875457 
2447	 0.383991630812038 
2448	 0.381449036450509 
2449	 0.379411517511248 
2450	 0.377232054689528 
2451	 0.3754591673971 
2452	 0.373861838435139 
2453	 0.37151223071353 
2454	 0.368705533230019 
2455	 0.366058729175706 
2456	 0.363358518180589 
2457	 0.36163985719735 
2458	 0.359927738152407 
2459	 0.359181227709877 
2460	 0.357579351496936 
2461	 0.355053123534674 
2462	 0.352934629419813 
2463	 0.350436482786214 
2464	 0.348871098943152 
2465	 0.348264411943257 
2466	 0.347175764538322 
2467	 0.346468820926829 
2468	 0.345448794097932 
2469	 0.344127584003242 
2470	 0.342687910929234 
2471	 0.341081380682686 
2472	 0.339775172063918 
2473	 0.338123202582943 
2474	 0.337035959660126 
2475	 0.336826249386813 
2476	 0.33558091457653 
2477	 0.333919336801831 
2478	 0.333040725620377 
2479	 0.331079769147266 
2480	 0.331151736020542 
2481	 0.334146207475475 
2482	 0.334997275214695 
2483	 0.336450733787857 
2484	 0.336955992787417 
2485	 0.334219144003492 
2486	 0.334694733024738 
2487	 0.337401003781678 
2488	 0.339073548161738 
2489	 0.342488105892911 
2490	 0.342591032462499 
2491	 0.341529799232401 
2492	 0.341518784764788 
2493	 0.342765143671422 
2494	 0.34505655048451 
2495	 0.347289041221808 
2496	 0.348015390375691 
2497	 0.346912484806199 
2498	 0.347472662290292 
2499	 0.349202442179699 
2500	 0.349590450043026 
