Wavelength	C:\Documents and Settings\All Users\Application Data\ASD\Indico Pro\Projects\McBeth_080818\#18.txt
350	 9.01603181051214E-02 
351	 8.56583923686176E-02 
352	 8.46912284660617E-02 
353	 8.96658359789652E-02 
354	 9.41648250553419E-02 
355	 8.33127328315419E-02 
356	 7.93902425408805E-02 
357	 8.13874277601927E-02 
358	 8.34109301120149E-02 
359	 8.03902775017428E-02 
360	 7.80126743336579E-02 
361	 7.91224778191317E-02 
362	 0.08332591507092 
363	 7.87401957790473E-02 
364	 7.92048702648233E-02 
365	 8.39030732251973E-02 
366	 7.73953122301461E-02 
367	 7.99453359721191E-02 
368	 8.38896897603607E-02 
369	 8.29607425955285E-02 
370	 8.57789727748822E-02 
371	 0.085728341651194 
372	 8.50129597230574E-02 
373	 8.75458357806048E-02 
374	 8.76075093215001E-02 
375	 9.00857357535853E-02 
376	 9.47477946958686E-02 
377	 9.66157076964006E-02 
378	 9.75370557139184E-02 
379	 0.098405567394241 
380	 0.100210997243798 
381	 0.104536482992577 
382	 0.109325725188614 
383	 0.113369154038467 
384	 0.116301974492158 
385	 0.120469290767196 
386	 0.123543623420226 
387	 0.126293104597883 
388	 0.131993532421727 
389	 0.137430328686477 
390	 0.142615855159837 
391	 0.147936599571095 
392	 0.153435129714607 
393	 0.159664156656625 
394	 0.166014197290851 
395	 0.17161815461377 
396	 0.176377578049004 
397	 0.182428364062016 
398	 0.18923238779156 
399	 0.194315496395337 
400	 0.201003961895645 
401	 0.206805489098764 
402	 0.21073667083363 
403	 0.216643776616492 
404	 0.221054338872679 
405	 0.224791315908037 
406	 0.229449682542411 
407	 0.233144222438646 
408	 0.236721352385854 
409	 0.240262276741405 
410	 0.243122058750891 
411	 0.245554413980514 
412	 0.247947235282472 
413	 0.250283218082902 
414	 0.251613459142394 
415	 0.25226451572499 
416	 0.253209593873556 
417	 0.255214447690791 
418	 0.256351952800091 
419	 0.258008160615432 
420	 0.26024943629351 
421	 0.261652038746791 
422	 0.264255643073424 
423	 0.266544060500415 
424	 0.26767711696514 
425	 0.270498132307768 
426	 0.272413396978506 
427	 0.273872280539688 
428	 0.27640355414659 
429	 0.278102206704461 
430	 0.279501482164657 
431	 0.281235894432856 
432	 0.28377284560568 
433	 0.286236166006051 
434	 0.288962960931428 
435	 0.292290650164933 
436	 0.295481066190743 
437	 0.298703036622556 
438	 0.302102944435504 
439	 0.305740017011927 
440	 0.309032650738035 
441	 0.31219641472053 
442	 0.3154656028521 
443	 0.318951881179539 
444	 0.321924252607834 
445	 0.324821129162555 
446	 0.328198445135781 
447	 0.331128540798876 
448	 0.333978163299896 
449	 0.336944832993546 
450	 0.339987724207978 
451	 0.342999207814678 
452	 0.34595052178752 
453	 0.348817619520554 
454	 0.351529902713764 
455	 0.354373989424327 
456	 0.357306790341347 
457	 0.360187409936345 
458	 0.363351094572938 
459	 0.366583920414932 
460	 0.369807505751084 
461	 0.373171905812678 
462	 0.376653895108531 
463	 0.380148969068456 
464	 0.383537789123544 
465	 0.386797051201185 
466	 0.389947826145849 
467	 0.392989903219731 
468	 0.395893312074386 
469	 0.398297915928924 
470	 0.400665822646792 
471	 0.403157484469211 
472	 0.405065088228252 
473	 0.40667436207548 
474	 0.408097624873197 
475	 0.409409254586433 
476	 0.410727422070357 
477	 0.411768565082861 
478	 0.412496040399591 
479	 0.413161206757211 
480	 0.413478563033911 
481	 0.413586266366146 
482	 0.413611754746061 
483	 0.413346695098472 
484	 0.412949042121595 
485	 0.412401013652409 
486	 0.411599123390862 
487	 0.410691698230335 
488	 0.409648214060004 
489	 0.408386365150891 
490	 0.406743279452719 
491	 0.405172083684761 
492	 0.403474538490926 
493	 0.401343594037439 
494	 0.399110888273258 
495	 0.396802623617322 
496	 0.394378115759485 
497	 0.39176352678495 
498	 0.389047862135515 
499	 0.386172356066914 
500	 0.383072696893551 
501	 0.379704279922472 
502	 0.376380041795463 
503	 0.373072946523398 
504	 0.36956950842425 
505	 0.365915765408674 
506	 0.362155577143657 
507	 0.358302366389585 
508	 0.354342215303865 
509	 0.350205033697671 
510	 0.345992775979487 
511	 0.341777445506216 
512	 0.337170823523007 
513	 0.332632679341315 
514	 0.328169425778498 
515	 0.323331860911403 
516	 0.318588910948632 
517	 0.313879559639556 
518	 0.309085930856904 
519	 0.304248412009732 
520	 0.299342981258556 
521	 0.294426568616298 
522	 0.289581502741245 
523	 0.284667956478997 
524	 0.279814750496214 
525	 0.275041190215274 
526	 0.270109396722498 
527	 0.265232876186866 
528	 0.260408876354844 
529	 0.255574990089992 
530	 0.250712967511403 
531	 0.245942938434564 
532	 0.241250181191789 
533	 0.236505821646748 
534	 0.231927435036248 
535	 0.227434100940599 
536	 0.222941141248062 
537	 0.218522063169057 
538	 0.214126405562956 
539	 0.20978138315723 
540	 0.205547219498561 
541	 0.201411960391428 
542	 0.197347836414242 
543	 0.193319559974369 
544	 0.189279912946439 
545	 0.185393637853314 
546	 0.181588334390775 
547	 0.177736016659977 
548	 0.173881533582049 
549	 0.170050805894638 
550	 0.166275683745992 
551	 0.162584746656162 
552	 0.158943712677101 
553	 0.155388611819578 
554	 0.151953532305971 
555	 0.148642432368211 
556	 0.14540322400775 
557	 0.14227373330308 
558	 0.139333012529538 
559	 0.136344578737617 
560	 0.133516758591903 
561	 0.130947521862111 
562	 0.128360712025669 
563	 0.125930531958375 
564	 0.123662334029414 
565	 0.121499127779096 
566	 0.119444208384385 
567	 0.117506570511646 
568	 0.115668911106811 
569	 0.113878979558764 
570	 0.112102825338518 
571	 0.110429146182144 
572	 0.108927065013338 
573	 0.107442653623528 
574	 0.105973336363906 
575	 0.104536624525668 
576	 0.103167336557274 
577	 0.101946081061668 
578	 0.100752069857606 
579	 9.95310793137198E-02 
580	 9.84822943372104E-02 
581	 9.74060404165271E-02 
582	 9.63775920490756E-02 
583	 9.55461950116842E-02 
584	 9.45836716788161E-02 
585	 9.36905092567431E-02 
586	 9.29408472545767E-02 
587	 9.21450836319775E-02 
588	 9.13777134356631E-02 
589	 9.05996628158213E-02 
590	 8.97751037644967E-02 
591	 8.90198997292507E-02 
592	 8.82722478644574E-02 
593	 8.75219677929566E-02 
594	 8.68078885354509E-02 
595	 8.60535796673126E-02 
596	 8.52973098630484E-02 
597	 8.45808629742938E-02 
598	 8.38915609115754E-02 
599	 8.32274611767233E-02 
600	 8.25646313229359E-02 
601	 8.18790148733329E-02 
602	 8.12523315839104E-02 
603	 8.06492157049222E-02 
604	 8.00710073891293E-02 
605	 7.96058352634027E-02 
606	 7.91655411278769E-02 
607	 7.87054493538247E-02 
608	 0.078222022134174 
609	 7.78328580282205E-02 
610	 7.74534306898035E-02 
611	 7.70815933824746E-02 
612	 7.68029822300537E-02 
613	 7.65263137397658E-02 
614	 7.62742804839929E-02 
615	 7.60692419267365E-02 
616	 7.58655564258686E-02 
617	 7.56384178530928E-02 
618	 7.54354578232525E-02 
619	 0.075332861150245 
620	 7.52353379910648E-02 
621	 7.51313347295357E-02 
622	 7.50106987357956E-02 
623	 7.48364973633838E-02 
624	 7.47656793718114E-02 
625	 7.47402601039653E-02 
626	 7.46519638797709E-02 
627	 7.45637662823499E-02 
628	 7.44939490790826E-02 
629	 7.44175960559956E-02 
630	 0.074273289184158 
631	 7.42529369695214E-02 
632	 7.42499711106504E-02 
633	 7.41563969276812E-02 
634	 7.40551148365596E-02 
635	 7.40178081302683E-02 
636	 7.40249410530213E-02 
637	 7.40065643728377E-02 
638	 7.40103771893281E-02 
639	 7.40078265846468E-02 
640	 7.39962075213329E-02 
641	 7.40328113222178E-02 
642	 7.41025373563715E-02 
643	 7.41728630695855E-02 
644	 7.42157832196555E-02 
645	 7.42618719044866E-02 
646	 7.43320265515751E-02 
647	 7.44442872097556E-02 
648	 7.46106748698993E-02 
649	 7.47458641527717E-02 
650	 7.48637322514582E-02 
651	 7.49958052968377E-02 
652	 7.51556471564276E-02 
653	 7.53208476402823E-02 
654	 7.55183975876791E-02 
655	 7.57859244168525E-02 
656	 7.59983970520696E-02 
657	 7.62085366044147E-02 
658	 7.64437190765907E-02 
659	 7.66545887920529E-02 
660	 7.68709969691986E-02 
661	 7.70743280247951E-02 
662	 7.72442422598715E-02 
663	 7.74270910371412E-02 
664	 7.75647159520906E-02 
665	 7.76615426672397E-02 
666	 0.077778847098382 
667	 7.78745294672236E-02 
668	 7.79272589790952E-02 
669	 7.79406995538973E-02 
670	 7.79729734869662E-02 
671	 7.79740013561992E-02 
672	 7.79356803615636E-02 
673	 0.077868930695897 
674	 7.77601330315544E-02 
675	 7.76773246706514E-02 
676	 7.76296263002524E-02 
677	 7.75382535588292E-02 
678	 7.74134535422211E-02 
679	 7.73005597916205E-02 
680	 7.72213359830556E-02 
681	 7.70650997376699E-02 
682	 7.69318371616915E-02 
683	 7.68193906252938E-02 
684	 7.66535802744717E-02 
685	 7.64856384249712E-02 
686	 7.63293682682018E-02 
687	 7.61779260963307E-02 
688	 7.59946365909071E-02 
689	 7.58092230463835E-02 
690	 7.56058936787064E-02 
691	 7.53654694368529E-02 
692	 7.51402262715458E-02 
693	 7.48972334006801E-02 
694	 7.46336042618807E-02 
695	 7.43801050141044E-02 
696	 7.40984194647639E-02 
697	 7.38147366002674E-02 
698	 0.07354959644557 
699	 7.32734883402709E-02 
700	 7.29961018840931E-02 
701	 7.27366621104516E-02 
702	 7.25120193893472E-02 
703	 7.22793099839576E-02 
704	 7.20688982470031E-02 
705	 7.18996151947958E-02 
706	 7.17650481070382E-02 
707	 7.16367855357943E-02 
708	 7.15481566473772E-02 
709	 7.15277383375651E-02 
710	 7.15216052788088E-02 
711	 7.15826118230595E-02 
712	 7.16851966617694E-02 
713	 0.071762175540508 
714	 7.19064462672685E-02 
715	 7.21115956030683E-02 
716	 7.23503974559731E-02 
717	 7.25826229900764E-02 
718	 7.28738889937134E-02 
719	 7.32099227173917E-02 
720	 7.35584920532353E-02 
721	 7.39314868935215E-02 
722	 7.43468492834557E-02 
723	 7.48158039970245E-02 
724	 7.53391192203224E-02 
725	 7.58880551202727E-02 
726	 7.64516309199019E-02 
727	 7.70450264413879E-02 
728	 0.077731961701496 
729	 7.85158789695638E-02 
730	 7.93311386552284E-02 
731	 8.01257655663561E-02 
732	 8.10513189840026E-02 
733	 8.20920765026186E-02 
734	 8.32252040574771E-02 
735	 8.44282960285679E-02 
736	 8.57239112717644E-02 
737	 8.71412555414593E-02 
738	 8.86913113143526E-02 
739	 9.03309645412211E-02 
740	 0.092180813130263 
741	 9.42367145645151E-02 
742	 9.64519107099959E-02 
743	 9.88500337755907E-02 
744	 0.101460479114201 
745	 0.104301658135578 
746	 0.107378865961012 
747	 0.110732955601883 
748	 0.114346174194293 
749	 0.118203372932361 
750	 0.122332373441478 
751	 0.126723356102222 
752	 0.131372771716059 
753	 0.136273691884649 
754	 0.1413869458968 
755	 0.146683310065203 
756	 0.152145152673 
757	 0.15775723869306 
758	 0.163426736852262 
759	 0.169132641957277 
760	 0.17484701188224 
761	 0.180518604929532 
762	 0.186150642835808 
763	 0.191683963493269 
764	 0.197048904112471 
765	 0.202233770892888 
766	 0.207221704412047 
767	 0.211973589137181 
768	 0.21642725118794 
769	 0.220677075655179 
770	 0.224699269389801 
771	 0.228464403863269 
772	 0.231995603932221 
773	 0.23529696849899 
774	 0.238365509503907 
775	 0.241205610800026 
776	 0.243827100160606 
777	 0.246290141536154 
778	 0.248619303819549 
779	 0.250798811365725 
780	 0.252817126101734 
781	 0.254738864966344 
782	 0.256604750111064 
783	 0.258393252523836 
784	 0.260151546917177 
785	 0.261888570195791 
786	 0.26361167584729 
787	 0.265355199089697 
788	 0.267147440748473 
789	 0.26897666662234 
790	 0.270810668638528 
791	 0.272709830937872 
792	 0.27467500212846 
793	 0.276713474769201 
794	 0.278849596089687 
795	 0.281052310983181 
796	 0.283356366887732 
797	 0.285781908689163 
798	 0.288280052232439 
799	 0.290802862212569 
800	 0.293413569626193 
801	 0.296195083583724 
802	 0.299015407437655 
803	 0.301950848523795 
804	 0.304989720240644 
805	 0.308043036875217 
806	 0.311201664083268 
807	 0.314441501609091 
808	 0.317755565616095 
809	 0.321182169607637 
810	 0.324642444884305 
811	 0.328167186673466 
812	 0.331793261734881 
813	 0.335489091078936 
814	 0.339209227656668 
815	 0.342941213308552 
816	 0.346697920578535 
817	 0.350471306979049 
818	 0.354282321770207 
819	 0.358137417559487 
820	 0.362009819769927 
821	 0.365870575146422 
822	 0.369744954970443 
823	 0.373637550052943 
824	 0.37749944583736 
825	 0.381359237744211 
826	 0.385209158799879 
827	 0.38903708710908 
828	 0.392856821465812 
829	 0.396636624699073 
830	 0.400358249467983 
831	 0.404023431654398 
832	 0.407747246873261 
833	 0.411435354865144 
834	 0.415051669770056 
835	 0.418644186442959 
836	 0.422207702232547 
837	 0.425753731770084 
838	 0.429271180194173 
839	 0.432712010541313 
840	 0.436126077977324 
841	 0.439485330123387 
842	 0.442762701561423 
843	 0.446013900608984 
844	 0.44920866210208 
845	 0.452328423730601 
846	 0.45537039795795 
847	 0.458369129687947 
848	 0.461327124283608 
849	 0.464237161591379 
850	 0.467077801590549 
851	 0.469784764887256 
852	 0.47244103105728 
853	 0.475103546517372 
854	 0.477764424146068 
855	 0.480220401130008 
856	 0.482573024869454 
857	 0.484943287275609 
858	 0.487294689010809 
859	 0.489559387798601 
860	 0.491757251078907 
861	 0.493931537666935 
862	 0.496088433025941 
863	 0.498203844357512 
864	 0.500245061500811 
865	 0.502202382196712 
866	 0.504193624602114 
867	 0.506151331231427 
868	 0.508028677980018 
869	 0.509815046454181 
870	 0.511553135007308 
871	 0.513262533699336 
872	 0.514953037670909 
873	 0.516627194482833 
874	 0.518190007370608 
875	 0.51966146510937 
876	 0.521073192713903 
877	 0.522417033831105 
878	 0.523808984799168 
879	 0.525112479407954 
880	 0.526221951122108 
881	 0.52736785689329 
882	 0.528560308283773 
883	 0.529684166245689 
884	 0.530618016754651 
885	 0.531476406827146 
886	 0.532351090926243 
887	 0.533227480953176 
888	 0.534033680668694 
889	 0.534823812584855 
890	 0.535580379748196 
891	 0.536301980695179 
892	 0.537005196141403 
893	 0.537663066242981 
894	 0.538268364054256 
895	 0.538788043733036 
896	 0.539163870760484 
897	 0.539535798854554 
898	 0.539925720997404 
899	 0.540310373576487 
900	 0.540637705749254 
901	 0.540915049712557 
902	 0.541121882112266 
903	 0.541274425384934 
904	 0.541474046589573 
905	 0.541725521857135 
906	 0.542031366807553 
907	 0.542342824640228 
908	 0.542462110009372 
909	 0.542727447265947 
910	 0.54309076501649 
911	 0.543394060948103 
912	 0.543709072512688 
913	 0.544048985242959 
914	 0.54448806019671 
915	 0.545079000207412 
916	 0.545655498344513 
917	 0.546177631862477 
918	 0.5467207853223 
919	 0.547411234072921 
920	 0.548232849381079 
921	 0.549055634712053 
922	 0.54985173635607 
923	 0.550679757804193 
924	 0.551540210327811 
925	 0.552394702516948 
926	 0.55329066432055 
927	 0.554313410127379 
928	 0.55513070115939 
929	 0.555786313729723 
930	 0.556459922046614 
931	 0.55736572513779 
932	 0.558161817675344 
933	 0.55886426454584 
934	 0.559490355135046 
935	 0.560008600153892 
936	 0.560662503304042 
937	 0.561318143674943 
938	 0.561879292641316 
939	 0.562400873062339 
940	 0.562881403421017 
941	 0.563350334226763 
942	 0.563839271161264 
943	 0.564371506055843 
944	 0.564847548974582 
945	 0.565213202155334 
946	 0.565541342178103 
947	 0.566067687799913 
948	 0.566561554130637 
949	 0.567053027665621 
950	 0.567589797247593 
951	 0.568146270997092 
952	 0.568659813420143 
953	 0.569190886546279 
954	 0.569790259107513 
955	 0.570427606593741 
956	 0.570961347945146 
957	 0.571391765920985 
958	 0.571805774396859 
959	 0.572359957339208 
960	 0.572859967334763 
961	 0.573447436921005 
962	 0.574069241841144 
963	 0.574207541657136 
964	 0.574420385683467 
965	 0.574743347578595 
966	 0.575117661899331 
967	 0.575548319880646 
968	 0.575908531227247 
969	 0.576167345648362 
970	 0.576349355240181 
971	 0.576525135822154 
972	 0.57693199858845 
973	 0.577337400436139 
974	 0.577537741246407 
975	 0.577571938632362 
976	 0.577605080153993 
977	 0.577695078963398 
978	 0.577876649026204 
979	 0.57817293209075 
980	 0.578409894783266 
981	 0.578464183901889 
982	 0.578427616750559 
983	 0.578594086742698 
984	 0.578553067734261 
985	 0.578634323128508 
986	 0.578879774511876 
987	 0.57891494781235 
988	 0.578917596377396 
989	 0.578848763163057 
990	 0.57877861532201 
991	 0.578871593384535 
992	 0.579056290085926 
993	 0.579034057325104 
994	 0.578941712898756 
995	 0.579142212469444 
996	 0.578952888617463 
997	 0.579008663672449 
998	 0.579233666508072 
999	 0.5791318787736 
1000	 0.578996708738525 
1001	 0.577796090923833 
1002	 0.577751987243956 
1003	 0.577699935955161 
1004	 0.577626833700902 
1005	 0.577511589008487 
1006	 0.577413516844815 
1007	 0.577365136716469 
1008	 0.577294858456452 
1009	 0.577230740263089 
1010	 0.577223701617648 
1011	 0.577168368070107 
1012	 0.577128350770881 
1013	 0.577127549545569 
1014	 0.577105454169658 
1015	 0.577134645632898 
1016	 0.577218009335954 
1017	 0.577344018500617 
1018	 0.5775224024987 
1019	 0.577732760004 
1020	 0.57794051789494 
1021	 0.578159566087609 
1022	 0.578399632163926 
1023	 0.57865789500511 
1024	 0.578954658728315 
1025	 0.579304869252686 
1026	 0.579641981451279 
1027	 0.579981064601975 
1028	 0.580357660803293 
1029	 0.580712694947985 
1030	 0.581065974455965 
1031	 0.581453842197366 
1032	 0.581795128733469 
1033	 0.582113909317363 
1034	 0.582400397531362 
1035	 0.582675800317763 
1036	 0.582926425869437 
1037	 0.583152631086733 
1038	 0.583363948291221 
1039	 0.58356452428675 
1040	 0.583699800415568 
1041	 0.583815918318484 
1042	 0.58393110645799 
1043	 0.583957966867114 
1044	 0.583972489407812 
1045	 0.583982398005426 
1046	 0.583986756956684 
1047	 0.583921895388748 
1048	 0.583835284361574 
1049	 0.583723989632214 
1050	 0.583543372052085 
1051	 0.583332744557972 
1052	 0.583117394855104 
1053	 0.582863870380781 
1054	 0.582551108606051 
1055	 0.582201126794006 
1056	 0.581825465466128 
1057	 0.581417860253653 
1058	 0.580965312789797 
1059	 0.580460668062808 
1060	 0.579885094278821 
1061	 0.579266245873439 
1062	 0.578541579032237 
1063	 0.577744649903829 
1064	 0.576877999269285 
1065	 0.575931003254041 
1066	 0.574909452553094 
1067	 0.573796662283167 
1068	 0.572598492323898 
1069	 0.571252196725996 
1070	 0.569778439447843 
1071	 0.568250686087982 
1072	 0.566633814305998 
1073	 0.564984020842451 
1074	 0.56326525362898 
1075	 0.561559684082348 
1076	 0.55976848716118 
1077	 0.558059904278054 
1078	 0.556294766808436 
1079	 0.554694689009779 
1080	 0.553133633766504 
1081	 0.551711375298313 
1082	 0.550460978840419 
1083	 0.549396995697894 
1084	 0.548520065508443 
1085	 0.547844651325136 
1086	 0.547425435959891 
1087	 0.547214623326664 
1088	 0.547188238912941 
1089	 0.547388553765061 
1090	 0.547730244325491 
1091	 0.548243096335623 
1092	 0.548887839131154 
1093	 0.549723409323926 
1094	 0.550617252578949 
1095	 0.551612413550154 
1096	 0.552712698242778 
1097	 0.553884297776506 
1098	 0.555137097174865 
1099	 0.556481763394913 
1100	 0.557863495163317 
1101	 0.559278043738775 
1102	 0.560737458613293 
1103	 0.562221814374799 
1104	 0.563734235285143 
1105	 0.565273309560102 
1106	 0.566853373136473 
1107	 0.568434060357663 
1108	 0.57005159096953 
1109	 0.571640490340949 
1110	 0.57325293891345 
1111	 0.574818953720293 
1112	 0.576372465968021 
1113	 0.577888080787086 
1114	 0.579374430346523 
1115	 0.580803739512958 
1116	 0.582173216758725 
1117	 0.583500846491093 
1118	 0.584765894898625 
1119	 0.58596965003834 
1120	 0.587119589642457 
1121	 0.588215227457995 
1122	 0.589266667372676 
1123	 0.590266585917856 
1124	 0.591220819843048 
1125	 0.592148164128875 
1126	 0.593005510330052 
1127	 0.593799490319824 
1128	 0.594561813555771 
1129	 0.595283568853903 
1130	 0.595948239754652 
1131	 0.596581153393803 
1132	 0.597175823806845 
1133	 0.597724012393726 
1134	 0.598221966341158 
1135	 0.598704531504238 
1136	 0.599149962164108 
1137	 0.599589461828369 
1138	 0.600009713930454 
1139	 0.60041421283729 
1140	 0.600805809159482 
1141	 0.601172406597194 
1142	 0.601516109187474 
1143	 0.601847690336653 
1144	 0.602149404411859 
1145	 0.602460103673113 
1146	 0.602767850420942 
1147	 0.603071636702706 
1148	 0.6033600219925 
1149	 0.603630396993059 
1150	 0.603880256662563 
1151	 0.604099574379247 
1152	 0.604307733943081 
1153	 0.604492749859385 
1154	 0.604681669316538 
1155	 0.604857746782007 
1156	 0.60502832034699 
1157	 0.605207312506189 
1158	 0.605358417453496 
1159	 0.60549097795528 
1160	 0.605610974534409 
1161	 0.605704509528313 
1162	 0.605802660895898 
1163	 0.605907056779688 
1164	 0.605985764134677 
1165	 0.606053307470201 
1166	 0.606112420318089 
1167	 0.606147222513915 
1168	 0.606147844842984 
1169	 0.606164573186985 
1170	 0.606173001634841 
1171	 0.606183313197798 
1172	 0.606194868823135 
1173	 0.606202456153044 
1174	 0.606222909959202 
1175	 0.606206363522562 
1176	 0.606183937288259 
1177	 0.606131177340054 
1178	 0.606021583191268 
1179	 0.60594193122214 
1180	 0.605865880764322 
1181	 0.605779557993622 
1182	 0.605704875518967 
1183	 0.605614818145042 
1184	 0.605513049115254 
1185	 0.605389383933678 
1186	 0.605276590587465 
1187	 0.605154621574712 
1188	 0.605050609522823 
1189	 0.604951851890634 
1190	 0.604855488801689 
1191	 0.604764862549003 
1192	 0.604684483573981 
1193	 0.604597614301026 
1194	 0.604538094307465 
1195	 0.604499844027343 
1196	 0.604468524215804 
1197	 0.604462225765405 
1198	 0.60444793042055 
1199	 0.604431045782044 
1200	 0.604428184798964 
1201	 0.60442816284162 
1202	 0.604436314070271 
1203	 0.604453979878322 
1204	 0.604484476544987 
1205	 0.60452290349166 
1206	 0.604564657841032 
1207	 0.604623422618272 
1208	 0.604700315517679 
1209	 0.604777980752894 
1210	 0.604865101412086 
1211	 0.604956531424351 
1212	 0.605052209412905 
1213	 0.605156329231982 
1214	 0.605268329300264 
1215	 0.605385803698693 
1216	 0.605513589565849 
1217	 0.605641237676164 
1218	 0.605769267573877 
1219	 0.605906268269771 
1220	 0.606045305311929 
1221	 0.606197460294868 
1222	 0.606343812021485 
1223	 0.606496333332484 
1224	 0.606647499534882 
1225	 0.606790736893408 
1226	 0.606952323469657 
1227	 0.607120648968728 
1228	 0.607300681806689 
1229	 0.607495671227358 
1230	 0.607690054467194 
1231	 0.607897915816316 
1232	 0.608097097600003 
1233	 0.608285468215853 
1234	 0.608491903403736 
1235	 0.608694764983413 
1236	 0.608920092961532 
1237	 0.609182664251746 
1238	 0.609426809920039 
1239	 0.609685552341304 
1240	 0.609924655801766 
1241	 0.610151623886022 
1242	 0.610356801503587 
1243	 0.610578841057356 
1244	 0.610799898902215 
1245	 0.611014782837181 
1246	 0.611241552907214 
1247	 0.611441621948342 
1248	 0.611613713934826 
1249	 0.611805951084364 
1250	 0.612006035167685 
1251	 0.612184966957529 
1252	 0.612361489025273 
1253	 0.612533953090099 
1254	 0.612677097730961 
1255	 0.612840117112562 
1256	 0.613026539291319 
1257	 0.613193586465229 
1258	 0.613367397397437 
1259	 0.613519432884268 
1260	 0.613647603150571 
1261	 0.613775513792441 
1262	 0.613894676193842 
1263	 0.613995095891223 
1264	 0.614106750551028 
1265	 0.614218838151898 
1266	 0.614329246507549 
1267	 0.614439662106432 
1268	 0.614547489941992 
1269	 0.614650824603461 
1270	 0.614757532758291 
1271	 0.614863269500603 
1272	 0.61497282842695 
1273	 0.615081479922252 
1274	 0.615196216351292 
1275	 0.615305130367679 
1276	 0.615432843329523 
1277	 0.615571369491219 
1278	 0.615719909452175 
1279	 0.615887026084904 
1280	 0.616056408537518 
1281	 0.616218006114653 
1282	 0.616379175072959 
1283	 0.616557642570586 
1284	 0.61674243311159 
1285	 0.616916194663604 
1286	 0.617097775559177 
1287	 0.617275258794942 
1288	 0.617434653915032 
1289	 0.61761210401298 
1290	 0.617812275232768 
1291	 0.61798966143324 
1292	 0.61815913927927 
1293	 0.618328978495982 
1294	 0.618501264454623 
1295	 0.618651624426798 
1296	 0.618802984523174 
1297	 0.618926837153626 
1298	 0.619011232156327 
1299	 0.619109556891498 
1300	 0.619200732008912 
1301	 0.619289375808238 
1302	 0.61937766878305 
1303	 0.619466304739197 
1304	 0.619553168893476 
1305	 0.619631866487008 
1306	 0.619721942747037 
1307	 0.619816397381478 
1308	 0.619887305935416 
1309	 0.619947078514868 
1310	 0.620001896796294 
1311	 0.620042826348556 
1312	 0.620083135118853 
1313	 0.620117507846282 
1314	 0.620154065967368 
1315	 0.620194814019906 
1316	 0.620210593139173 
1317	 0.620222293215459 
1318	 0.620221627722152 
1319	 0.620190160744577 
1320	 0.620170329239077 
1321	 0.620150011744407 
1322	 0.620130565633236 
1323	 0.620125488735547 
1324	 0.62009664007235 
1325	 0.62005936643349 
1326	 0.620009223202984 
1327	 0.619956382836447 
1328	 0.619879769724116 
1329	 0.619797256738681 
1330	 0.619714214457835 
1331	 0.61959603352941 
1332	 0.619445085233189 
1333	 0.619298688687437 
1334	 0.61913838592149 
1335	 0.618965312541677 
1336	 0.618791709930903 
1337	 0.618589162676921 
1338	 0.618366061545551 
1339	 0.618128786637026 
1340	 0.617877100655654 
1341	 0.617601855168305 
1342	 0.617311448745696 
1343	 0.616994327061618 
1344	 0.616649177617799 
1345	 0.616291334086961 
1346	 0.615911730334566 
1347	 0.615517124188928 
1348	 0.615108833679286 
1349	 0.614679389523804 
1350	 0.614228157473353 
1351	 0.613769351667378 
1352	 0.613292290112398 
1353	 0.612801642981379 
1354	 0.612305116842842 
1355	 0.611798762713843 
1356	 0.611292751662255 
1357	 0.610781835212744 
1358	 0.610276717166004 
1359	 0.609761143446422 
1360	 0.609279436955175 
1361	 0.608815758320386 
1362	 0.608353848544527 
1363	 0.607907277978292 
1364	 0.607472076625146 
1365	 0.607027836364038 
1366	 0.606624552274701 
1367	 0.606260686698845 
1368	 0.605894740424252 
1369	 0.605545264975943 
1370	 0.605202774385041 
1371	 0.604872045997431 
1372	 0.604540552483685 
1373	 0.604242045324501 
1374	 0.60390824413186 
1375	 0.603576810382085 
1376	 0.603199534668112 
1377	 0.602804530030915 
1378	 0.602346156830013 
1379	 0.601834795803362 
1380	 0.60120154465975 
1381	 0.60036791536215 
1382	 0.599395641199098 
1383	 0.598194698699115 
1384	 0.596878148845931 
1385	 0.595576712457171 
1386	 0.594164684151651 
1387	 0.592797400826059 
1388	 0.591366092759036 
1389	 0.590108060268266 
1390	 0.588747676094552 
1391	 0.5878204487601 
1392	 0.58710242559911 
1393	 0.586613647887644 
1394	 0.586547012493613 
1395	 0.586358694488601 
1396	 0.586359519777152 
1397	 0.586258973998743 
1398	 0.586183468717092 
1399	 0.585990612804517 
1400	 0.585882282046893 
1401	 0.58546483234978 
1402	 0.584911960136116 
1403	 0.584135378645542 
1404	 0.583108235365502 
1405	 0.58189800016209 
1406	 0.580582523225512 
1407	 0.579170972007295 
1408	 0.577692718238121 
1409	 0.576152950391922 
1410	 0.574588402852216 
1411	 0.572991272767346 
1412	 0.571396601700294 
1413	 0.569869236932059 
1414	 0.568406575176233 
1415	 0.567005669153036 
1416	 0.565695311384288 
1417	 0.564477428526089 
1418	 0.563314716218248 
1419	 0.56224080645114 
1420	 0.561179726148909 
1421	 0.560183432616798 
1422	 0.559196666211568 
1423	 0.558259761736255 
1424	 0.55729262567512 
1425	 0.556339449951254 
1426	 0.555385925628508 
1427	 0.554404809818054 
1428	 0.553454157979253 
1429	 0.55251180440826 
1430	 0.551604997388235 
1431	 0.550700529570697 
1432	 0.549853590102855 
1433	 0.549038985386734 
1434	 0.548281598311786 
1435	 0.547586066782207 
1436	 0.546910119646058 
1437	 0.546272444380517 
1438	 0.545678713860289 
1439	 0.545111561260889 
1440	 0.544568578866005 
1441	 0.544055110069763 
1442	 0.543572154631133 
1443	 0.543110209660783 
1444	 0.542665966208746 
1445	 0.542250876753418 
1446	 0.541870573595216 
1447	 0.541491564827006 
1448	 0.541124406534317 
1449	 0.540793694607767 
1450	 0.540472954947672 
1451	 0.540170171667829 
1452	 0.539894641548739 
1453	 0.539619934428271 
1454	 0.539362192270399 
1455	 0.539094476333446 
1456	 0.53883363526318 
1457	 0.538575725505259 
1458	 0.538309946365221 
1459	 0.538054991822382 
1460	 0.537807433615293 
1461	 0.537559854169644 
1462	 0.537316366367207 
1463	 0.53707683126821 
1464	 0.5368333211746 
1465	 0.536615588877941 
1466	 0.536410892550817 
1467	 0.536209710524756 
1468	 0.536031723131199 
1469	 0.535845095031496 
1470	 0.535654633979219 
1471	 0.535470233166431 
1472	 0.535280421035557 
1473	 0.535108619773129 
1474	 0.534935538276321 
1475	 0.534792431198074 
1476	 0.534664993784735 
1477	 0.534570416720586 
1478	 0.534495756377927 
1479	 0.534427412565399 
1480	 0.534374853511293 
1481	 0.534343341651535 
1482	 0.534339790706302 
1483	 0.53434795155693 
1484	 0.534370879895719 
1485	 0.53441854711856 
1486	 0.534485832249781 
1487	 0.534569103330432 
1488	 0.534674113294004 
1489	 0.534791342439585 
1490	 0.534915856480506 
1491	 0.535058982093127 
1492	 0.535226935459724 
1493	 0.535410083345664 
1494	 0.535596253939975 
1495	 0.535791196191548 
1496	 0.536005708840798 
1497	 0.536229251317915 
1498	 0.536465359197421 
1499	 0.536729591862275 
1500	 0.536983374278383 
1501	 0.537229409088598 
1502	 0.537501461450535 
1503	 0.53778466710358 
1504	 0.53807666652278 
1505	 0.538389312955991 
1506	 0.538705591647861 
1507	 0.539028981176497 
1508	 0.539354255637892 
1509	 0.539696117549341 
1510	 0.540023682352727 
1511	 0.54034891886651 
1512	 0.540671492111281 
1513	 0.540984341609798 
1514	 0.541301157184891 
1515	 0.541633218746116 
1516	 0.541930937852692 
1517	 0.542212836872156 
1518	 0.542494063816444 
1519	 0.542753789271122 
1520	 0.543009081847953 
1521	 0.543272527753563 
1522	 0.543509340930499 
1523	 0.543719559304352 
1524	 0.543930330841752 
1525	 0.544133518857764 
1526	 0.544324801752036 
1527	 0.544502972011596 
1528	 0.544681468092809 
1529	 0.544843337720898 
1530	 0.544995683571382 
1531	 0.545173105528732 
1532	 0.54534187784754 
1533	 0.545503537712937 
1534	 0.545666789340742 
1535	 0.545827363011633 
1536	 0.545979582353028 
1537	 0.546112478930312 
1538	 0.546255655100543 
1539	 0.546389995034285 
1540	 0.546506871870811 
1541	 0.546649665149968 
1542	 0.546806251655956 
1543	 0.546952723168652 
1544	 0.547106159844137 
1545	 0.547263539891025 
1546	 0.547413481809769 
1547	 0.54757524368267 
1548	 0.547739405525459 
1549	 0.547918025502624 
1550	 0.54811608546928 
1551	 0.548301133486653 
1552	 0.548489794716262 
1553	 0.548675300881672 
1554	 0.548846562163855 
1555	 0.54903992969361 
1556	 0.549244968680835 
1557	 0.549454894154177 
1558	 0.549681653327652 
1559	 0.549889420587448 
1560	 0.550098002939281 
1561	 0.550297527156106 
1562	 0.550480833456166 
1563	 0.550676831998046 
1564	 0.550876273535452 
1565	 0.55106715807281 
1566	 0.55126822406178 
1567	 0.551445476088973 
1568	 0.551600464029518 
1569	 0.551769168214117 
1570	 0.551927679501296 
1571	 0.552093395997261 
1572	 0.552261780586491 
1573	 0.552441346408338 
1574	 0.552625812180814 
1575	 0.552815347991011 
1576	 0.553031151327906 
1577	 0.55322090957629 
1578	 0.553388639070637 
1579	 0.553572574013189 
1580	 0.553747784020134 
1581	 0.553938178307259 
1582	 0.554132988700452 
1583	 0.554359016940256 
1584	 0.554596526865652 
1585	 0.554858224063487 
1586	 0.555149766115062 
1587	 0.555455982928995 
1588	 0.555768256731184 
1589	 0.556120356883415 
1590	 0.556497532254891 
1591	 0.556913484253849 
1592	 0.557377652733403 
1593	 0.557847685865957 
1594	 0.55834373037526 
1595	 0.558860780462727 
1596	 0.559395805276298 
1597	 0.559946338718775 
1598	 0.560526391601127 
1599	 0.561115185936868 
1600	 0.561712131896868 
1601	 0.562329017858326 
1602	 0.562979577845063 
1603	 0.5636156048441 
1604	 0.564256028820649 
1605	 0.564900160598153 
1606	 0.565543423255513 
1607	 0.566187937736572 
1608	 0.566854550902002 
1609	 0.567490733846246 
1610	 0.568094635981998 
1611	 0.568720373571964 
1612	 0.569359524753898 
1613	 0.569968373298086 
1614	 0.570592876085808 
1615	 0.571176218603572 
1616	 0.571698593265523 
1617	 0.572237944384766 
1618	 0.572777012958919 
1619	 0.573294812440896 
1620	 0.573808924123229 
1621	 0.574302099761716 
1622	 0.574773535263336 
1623	 0.575230911429172 
1624	 0.575672969008711 
1625	 0.576100803846785 
1626	 0.576490859175866 
1627	 0.576900892839439 
1628	 0.577317282072408 
1629	 0.577722751906829 
1630	 0.578125229736632 
1631	 0.578535192811793 
1632	 0.578933622923135 
1633	 0.579344468839384 
1634	 0.579778445927826 
1635	 0.580201378113454 
1636	 0.580626041138659 
1637	 0.581037879003842 
1638	 0.5814380869977 
1639	 0.581841385252261 
1640	 0.58225242408786 
1641	 0.582637808272517 
1642	 0.583038959095745 
1643	 0.583382459749228 
1644	 0.583686509600154 
1645	 0.583958087511978 
1646	 0.584219062003853 
1647	 0.584390135366577 
1648	 0.584495587761128 
1649	 0.584557180856474 
1650	 0.584541414128161 
1651	 0.584482447786019 
1652	 0.584381202483314 
1653	 0.584237579222813 
1654	 0.584027212961283 
1655	 0.58378690615971 
1656	 0.583508183201251 
1657	 0.583198403285769 
1658	 0.582813252383052 
1659	 0.582458554803967 
1660	 0.582087933226184 
1661	 0.581727605845749 
1662	 0.581403845281524 
1663	 0.581036224805335 
1664	 0.580637018664897 
1665	 0.580248122749341 
1666	 0.579834814274295 
1667	 0.579434795248519 
1668	 0.579041530187239 
1669	 0.578661157026256 
1670	 0.578281887764984 
1671	 0.577917773014026 
1672	 0.577563612141704 
1673	 0.577236947922405 
1674	 0.57690603658351 
1675	 0.576634771854363 
1676	 0.576403148279749 
1677	 0.576212935614955 
1678	 0.57609319196778 
1679	 0.575963605530877 
1680	 0.575844219495225 
1681	 0.575768587124804 
1682	 0.575703323105868 
1683	 0.575685462325029 
1684	 0.575757598773384 
1685	 0.575780896975753 
1686	 0.575823191207814 
1687	 0.575831076673995 
1688	 0.575820794181783 
1689	 0.575777805612898 
1690	 0.575714922341358 
1691	 0.5756209931339 
1692	 0.575491635632976 
1693	 0.575336179599515 
1694	 0.575156397897731 
1695	 0.574944323906522 
1696	 0.574678396453387 
1697	 0.57442886474783 
1698	 0.574169258007622 
1699	 0.573891705709773 
1700	 0.573605784337338 
1701	 0.573315567906703 
1702	 0.572975907460528 
1703	 0.572701672864012 
1704	 0.572440583573815 
1705	 0.572231891650531 
1706	 0.572079017217284 
1707	 0.571932071536913 
1708	 0.571818039637674 
1709	 0.571719107198755 
1710	 0.571618780569576 
1711	 0.571586835673246 
1712	 0.571585388199891 
1713	 0.571652597701641 
1714	 0.571794076073272 
1715	 0.571945993142329 
1716	 0.572141479109417 
1717	 0.572372666950101 
1718	 0.572621679833013 
1719	 0.572944423271256 
1720	 0.573330954627024 
1721	 0.573751147263126 
1722	 0.574233044428072 
1723	 0.574718903152157 
1724	 0.575250198262853 
1725	 0.575763366003984 
1726	 0.576300023470109 
1727	 0.576791533328121 
1728	 0.577300244467714 
1729	 0.577675872056276 
1730	 0.578007210469975 
1731	 0.578259558499892 
1732	 0.578407432033638 
1733	 0.578500459351499 
1734	 0.578507723355792 
1735	 0.578417304163994 
1736	 0.578234754120451 
1737	 0.577938100282845 
1738	 0.577596378348492 
1739	 0.577197809988311 
1740	 0.576751596986894 
1741	 0.576313546649131 
1742	 0.575889382273617 
1743	 0.575457579772636 
1744	 0.575035173361618 
1745	 0.574597682578377 
1746	 0.574215982013232 
1747	 0.573847422806546 
1748	 0.573525375983414 
1749	 0.573277957067147 
1750	 0.573026077670521 
1751	 0.572778977842177 
1752	 0.572585458363064 
1753	 0.572412079497187 
1754	 0.572292151033978 
1755	 0.572231448979896 
1756	 0.57219611543148 
1757	 0.572215780237467 
1758	 0.57223006598841 
1759	 0.572269912760423 
1760	 0.572325241162112 
1761	 0.572405131987275 
1762	 0.572470088496583 
1763	 0.572556231857508 
1764	 0.572612829849995 
1765	 0.572650714533833 
1766	 0.572672634197016 
1767	 0.572689128313049 
1768	 0.572662520216674 
1769	 0.572590680497495 
1770	 0.57254413856227 
1771	 0.572482558701931 
1772	 0.572436872283605 
1773	 0.572404617479463 
1774	 0.572359605115777 
1775	 0.572295233512695 
1776	 0.572254811914066 
1777	 0.572244130534005 
1778	 0.572250533370364 
1779	 0.572276649800178 
1780	 0.572331359943127 
1781	 0.572388625254932 
1782	 0.572433578738137 
1783	 0.572509600800442 
1784	 0.572548665170301 
1785	 0.572595876120108 
1786	 0.572711756212787 
1787	 0.572817896827052 
1788	 0.572969442050407 
1789	 0.573143455649879 
1790	 0.573272560273883 
1791	 0.573406225038762 
1792	 0.573553993483685 
1793	 0.57371286714378 
1794	 0.573914955914983 
1795	 0.574086815270159 
1796	 0.574239184045345 
1797	 0.574402017301251 
1798	 0.57455557916369 
1799	 0.574706993620828 
1800	 0.574875600856994 
1801	 0.567810248295401 
1802	 0.568083197241566 
1803	 0.568373054978135 
1804	 0.568671786577756 
1805	 0.568961433965259 
1806	 0.569264375414922 
1807	 0.56956780195102 
1808	 0.569873296126642 
1809	 0.570171086553923 
1810	 0.570475852847911 
1811	 0.570765650266313 
1812	 0.571011017417102 
1813	 0.571246789090918 
1814	 0.571459923930401 
1815	 0.571648823140178 
1816	 0.571818646360977 
1817	 0.572001643332997 
1818	 0.572174518536394 
1819	 0.57237799250447 
1820	 0.572565608179738 
1821	 0.572764309023395 
1822	 0.572968577001075 
1823	 0.573154410169075 
1824	 0.573388891814048 
1825	 0.573626428430259 
1826	 0.573850211004674 
1827	 0.574114557622543 
1828	 0.574400231328461 
1829	 0.57468954254446 
1830	 0.574997016777348 
1831	 0.575348904539432 
1832	 0.575691184582978 
1833	 0.576026606365596 
1834	 0.576409643136318 
1835	 0.576805263466341 
1836	 0.577196761316497 
1837	 0.577587403249982 
1838	 0.577979980628861 
1839	 0.578372186489963 
1840	 0.578778870375462 
1841	 0.579172638279923 
1842	 0.5795426028435 
1843	 0.579891873430358 
1844	 0.58022430157603 
1845	 0.58055889809001 
1846	 0.580881097642057 
1847	 0.581223101151679 
1848	 0.581515101740617 
1849	 0.581778925045679 
1850	 0.582025681377638 
1851	 0.582237996101672 
1852	 0.582441487619129 
1853	 0.582625289939309 
1854	 0.582761739096271 
1855	 0.582887469265547 
1856	 0.582987817924879 
1857	 0.583037693045453 
1858	 0.583046299332122 
1859	 0.583029877854183 
1860	 0.582980550189227 
1861	 0.582879279977944 
1862	 0.582751104946522 
1863	 0.582595066176566 
1864	 0.582405872375587 
1865	 0.582196906315491 
1866	 0.581937301090854 
1867	 0.581672545639908 
1868	 0.581312647785667 
1869	 0.58089245974586 
1870	 0.580405721882019 
1871	 0.579847107850966 
1872	 0.579246743559454 
1873	 0.578580831533023 
1874	 0.577830512660737 
1875	 0.577030925034786 
1876	 0.576162716755275 
1877	 0.575219717930735 
1878	 0.574223641327452 
1879	 0.573138073758104 
1880	 0.572008705737829 
1881	 0.570740723602084 
1882	 0.56939120340953 
1883	 0.567895635429322 
1884	 0.566282192564818 
1885	 0.564532712500218 
1886	 0.562663891812055 
1887	 0.560673127668953 
1888	 0.558551469609851 
1889	 0.556289788428471 
1890	 0.553909269768128 
1891	 0.551334742906266 
1892	 0.548740841506725 
1893	 0.546036161586319 
1894	 0.543248161956244 
1895	 0.540459532391263 
1896	 0.537666606103559 
1897	 0.534881523498788 
1898	 0.532059688378779 
1899	 0.529308750059787 
1900	 0.526523779336854 
1901	 0.52386563443518 
1902	 0.521256078586717 
1903	 0.518750338739869 
1904	 0.516327068806413 
1905	 0.514020686612193 
1906	 0.51180840205121 
1907	 0.509698231086533 
1908	 0.507679035913343 
1909	 0.505759203597677 
1910	 0.503946592927684 
1911	 0.502224143756831 
1912	 0.500610773276745 
1913	 0.499126903433714 
1914	 0.497713082482271 
1915	 0.496384472450018 
1916	 0.495162814498156 
1917	 0.494027115913675 
1918	 0.492978204992448 
1919	 0.492026875377751 
1920	 0.491171039080335 
1921	 0.490412573883824 
1922	 0.489747961592539 
1923	 0.489180109359726 
1924	 0.488738651337193 
1925	 0.488349570896484 
1926	 0.488038011915961 
1927	 0.487815882839562 
1928	 0.487658195535579 
1929	 0.487582189440275 
1930	 0.487545518085365 
1931	 0.487581606848567 
1932	 0.487665099619563 
1933	 0.487789839149745 
1934	 0.48798030433588 
1935	 0.488262047864013 
1936	 0.488556889087804 
1937	 0.488906076090943 
1938	 0.4892757280959 
1939	 0.489679954893601 
1940	 0.490098289825774 
1941	 0.490554873489088 
1942	 0.491035953419601 
1943	 0.491561266351901 
1944	 0.492135027894783 
1945	 0.492716325546144 
1946	 0.493356280761767 
1947	 0.493969908080619 
1948	 0.494586015791849 
1949	 0.495204078036091 
1950	 0.495833681201967 
1951	 0.496434373404861 
1952	 0.497055346231046 
1953	 0.497690227919266 
1954	 0.498306505657471 
1955	 0.498932319464882 
1956	 0.499525279644313 
1957	 0.500091277137099 
1958	 0.500662637180831 
1959	 0.501214081016649 
1960	 0.501769851318159 
1961	 0.502329304292974 
1962	 0.502885033509145 
1963	 0.503437597264677 
1964	 0.503976857536457 
1965	 0.504538836570406 
1966	 0.505092569545869 
1967	 0.505687349065638 
1968	 0.506305958554529 
1969	 0.50693745794892 
1970	 0.507594337885482 
1971	 0.508265030391835 
1972	 0.50894526114313 
1973	 0.509648208475437 
1974	 0.510388128636156 
1975	 0.511131469310312 
1976	 0.511858854661045 
1977	 0.512586891098073 
1978	 0.513327782199623 
1979	 0.514074595291876 
1980	 0.514802632188428 
1981	 0.515549631721558 
1982	 0.51626761634607 
1983	 0.516957007965266 
1984	 0.517637433514752 
1985	 0.518319807170327 
1986	 0.518975658906532 
1987	 0.519610680936834 
1988	 0.520218584928625 
1989	 0.520821278399885 
1990	 0.521405601137915 
1991	 0.521981271459074 
1992	 0.522558371654888 
1993	 0.523094484481269 
1994	 0.523618469229077 
1995	 0.52410227707146 
1996	 0.524542038690877 
1997	 0.524968258536029 
1998	 0.525369982154106 
1999	 0.525745385435355 
2000	 0.526110275989159 
2001	 0.526439629942809 
2002	 0.526711802285675 
2003	 0.526951025943138 
2004	 0.527128383942599 
2005	 0.527258894223353 
2006	 0.527320788347698 
2007	 0.527326096446083 
2008	 0.527273109708978 
2009	 0.527149027150664 
2010	 0.526974030985366 
2011	 0.526748474711957 
2012	 0.526461790089444 
2013	 0.5260979543441 
2014	 0.525702454769558 
2015	 0.525255185072015 
2016	 0.524754069897707 
2017	 0.524202137832746 
2018	 0.523590980669434 
2019	 0.522954205631629 
2020	 0.522252270185073 
2021	 0.521545293826873 
2022	 0.520823779062019 
2023	 0.520061550849312 
2024	 0.519276544211394 
2025	 0.518446431123109 
2026	 0.51756787386295 
2027	 0.516664651499076 
2028	 0.515729580791991 
2029	 0.514746492384708 
2030	 0.51375660384453 
2031	 0.51275076810177 
2032	 0.511707033200709 
2033	 0.510630834143267 
2034	 0.509537930879327 
2035	 0.508425854643842 
2036	 0.507272434357308 
2037	 0.506093362234461 
2038	 0.504884325518615 
2039	 0.50363760322535 
2040	 0.50235329622451 
2041	 0.501051201662422 
2042	 0.499710301849273 
2043	 0.498362836627678 
2044	 0.496975851408883 
2045	 0.495608239811373 
2046	 0.494233171022325 
2047	 0.49285770021771 
2048	 0.491478752112109 
2049	 0.490098419361262 
2050	 0.488695849117665 
2051	 0.487329610544333 
2052	 0.485975798788687 
2053	 0.484636652558349 
2054	 0.483320137744602 
2055	 0.482011966395767 
2056	 0.480726968384849 
2057	 0.479445361549774 
2058	 0.478203983580338 
2059	 0.476994778049217 
2060	 0.475807771337242 
2061	 0.474672822570509 
2062	 0.473506803869019 
2063	 0.472343483010422 
2064	 0.47119348245205 
2065	 0.470018993427811 
2066	 0.468887807110609 
2067	 0.46780160315712 
2068	 0.466710529884556 
2069	 0.465594047383949 
2070	 0.464527643682563 
2071	 0.463482087578501 
2072	 0.462417498772568 
2073	 0.46145004173626 
2074	 0.46053522139469 
2075	 0.459676858724109 
2076	 0.458875788801863 
2077	 0.45813298218119 
2078	 0.457468927582554 
2079	 0.456824567012812 
2080	 0.456230904015585 
2081	 0.455667744232669 
2082	 0.4551455143526 
2083	 0.454644882388848 
2084	 0.454173949558107 
2085	 0.453760173647146 
2086	 0.453369098692865 
2087	 0.453011568928024 
2088	 0.452684120034049 
2089	 0.452411221693444 
2090	 0.45212065339779 
2091	 0.451860452343101 
2092	 0.451579311829199 
2093	 0.451287387793681 
2094	 0.451015259256601 
2095	 0.450730710214562 
2096	 0.450479527425338 
2097	 0.450249094670873 
2098	 0.450033906589833 
2099	 0.44983662185798 
2100	 0.449659813849647 
2101	 0.449507304456177 
2102	 0.449381972943798 
2103	 0.449271175649241 
2104	 0.449183868958065 
2105	 0.449120897133617 
2106	 0.449051137401853 
2107	 0.449066307341284 
2108	 0.449133011393325 
2109	 0.449233535435046 
2110	 0.44942203196455 
2111	 0.4495869583802 
2112	 0.449741587482336 
2113	 0.449955567581282 
2114	 0.450207323810128 
2115	 0.450467726838416 
2116	 0.450779131817485 
2117	 0.451150618926598 
2118	 0.451474020314037 
2119	 0.451776275109159 
2120	 0.452095483199756 
2121	 0.452397053321181 
2122	 0.45272724784399 
2123	 0.453101668516304 
2124	 0.453425114575888 
2125	 0.453764974109583 
2126	 0.454037807930603 
2127	 0.454286775534767 
2128	 0.454465663781327 
2129	 0.454588533877146 
2130	 0.45466774642815 
2131	 0.454657678814681 
2132	 0.454650828077382 
2133	 0.454614791647505 
2134	 0.45455622569196 
2135	 0.454442753504412 
2136	 0.454338229891172 
2137	 0.454263514074947 
2138	 0.454197968683775 
2139	 0.454224483927182 
2140	 0.45430949584223 
2141	 0.454482809304982 
2142	 0.454710144824366 
2143	 0.455037088129774 
2144	 0.455512450369309 
2145	 0.455963656430668 
2146	 0.456510407914657 
2147	 0.457007953034146 
2148	 0.457516443615919 
2149	 0.457988697035971 
2150	 0.458452830019926 
2151	 0.458899671020692 
2152	 0.459263142479474 
2153	 0.459615438860733 
2154	 0.459856261630057 
2155	 0.460061117555179 
2156	 0.460218299218383 
2157	 0.460282258414208 
2158	 0.460421092877431 
2159	 0.46052204929546 
2160	 0.460680298532432 
2161	 0.460862144493819 
2162	 0.461098033703835 
2163	 0.461340155431105 
2164	 0.461678166166253 
2165	 0.462086102626548 
2166	 0.462565646490244 
2167	 0.463140624696598 
2168	 0.463737315913741 
2169	 0.464433611728358 
2170	 0.465112947926994 
2171	 0.465806489570307 
2172	 0.466524715869528 
2173	 0.467279878424833 
2174	 0.467996447212866 
2175	 0.468689214070424 
2176	 0.469370517599632 
2177	 0.469991765241486 
2178	 0.470576557237179 
2179	 0.47109095168972 
2180	 0.471564123922125 
2181	 0.47195476399125 
2182	 0.47220553582836 
2183	 0.472532276667481 
2184	 0.472820112316521 
2185	 0.473143608781572 
2186	 0.473499680843508 
2187	 0.47386117296705 
2188	 0.474226753691284 
2189	 0.474586221081737 
2190	 0.474956506239824 
2191	 0.475330643978133 
2192	 0.475685080349818 
2193	 0.47608798272942 
2194	 0.476480972632169 
2195	 0.476897831723916 
2196	 0.477273110912144 
2197	 0.477589483941539 
2198	 0.477823124294158 
2199	 0.477994189135308 
2200	 0.478115922400505 
2201	 0.478125577657336 
2202	 0.478171680665995 
2203	 0.478142702167901 
2204	 0.478208289281538 
2205	 0.47824175326372 
2206	 0.478423736218061 
2207	 0.478684101297399 
2208	 0.479043519436259 
2209	 0.479519093141698 
2210	 0.480061688605885 
2211	 0.480744073668111 
2212	 0.481417558762281 
2213	 0.482163479616712 
2214	 0.482919032533894 
2215	 0.483715930368416 
2216	 0.48449927863976 
2217	 0.485288251137338 
2218	 0.486067947783501 
2219	 0.486713340504588 
2220	 0.487277318223903 
2221	 0.487737234507545 
2222	 0.488114547913827 
2223	 0.488331383504965 
2224	 0.48840300173172 
2225	 0.488427772601818 
2226	 0.488304103052703 
2227	 0.488138831073861 
2228	 0.487991641517796 
2229	 0.487600767240222 
2230	 0.487009038267233 
2231	 0.486394884829523 
2232	 0.485670778095984 
2233	 0.484795028495143 
2234	 0.483847866896808 
2235	 0.482751986330063 
2236	 0.481441713337332 
2237	 0.480074693799167 
2238	 0.478649690047385 
2239	 0.477057652261427 
2240	 0.475245040124631 
2241	 0.473436466983127 
2242	 0.471519022589691 
2243	 0.469536835788852 
2244	 0.467577918529469 
2245	 0.465583281321258 
2246	 0.46355810721206 
2247	 0.461570319102526 
2248	 0.459607900366465 
2249	 0.457666412685283 
2250	 0.45574978617021 
2251	 0.453887663813982 
2252	 0.451958853773721 
2253	 0.450005838374494 
2254	 0.448103287826721 
2255	 0.446184762590844 
2256	 0.444288542789668 
2257	 0.442458952010053 
2258	 0.440588125414028 
2259	 0.438676606736168 
2260	 0.436810137373355 
2261	 0.434937882805871 
2262	 0.433131474324303 
2263	 0.431325559501414 
2264	 0.429620412641397 
2265	 0.427955532428833 
2266	 0.426423178534969 
2267	 0.424994701650476 
2268	 0.423654179971613 
2269	 0.42241200634762 
2270	 0.421288830587631 
2271	 0.420257508271858 
2272	 0.419361318037934 
2273	 0.418646063311726 
2274	 0.417993935571619 
2275	 0.417479144994969 
2276	 0.417002062083969 
2277	 0.416530409480012 
2278	 0.416159323470949 
2279	 0.415749173658674 
2280	 0.415385364872435 
2281	 0.414929526815345 
2282	 0.414472584358179 
2283	 0.413921844274457 
2284	 0.413280091202315 
2285	 0.412620276642934 
2286	 0.41188986631713 
2287	 0.41118632191886 
2288	 0.410438506923804 
2289	 0.40972538911136 
2290	 0.408999575806388 
2291	 0.408328911809687 
2292	 0.407638136652836 
2293	 0.40707087375687 
2294	 0.406612281477393 
2295	 0.406154064025923 
2296	 0.40578982582342 
2297	 0.405404656251178 
2298	 0.405004591500698 
2299	 0.404659151463561 
2300	 0.404334274668238 
2301	 0.404065713330382 
2302	 0.403888570679699 
2303	 0.403676081081927 
2304	 0.403518681727978 
2305	 0.40331513192528 
2306	 0.403074505445855 
2307	 0.402827429052549 
2308	 0.402611973291729 
2309	 0.402307172368128 
2310	 0.402001422967951 
2311	 0.401580808731058 
2312	 0.401026799503021 
2313	 0.400447335863536 
2314	 0.399752102658288 
2315	 0.399063519277133 
2316	 0.398397308871149 
2317	 0.397753214053025 
2318	 0.39700250901161 
2319	 0.396213411216956 
2320	 0.395445270171489 
2321	 0.394542768438433 
2322	 0.393872315824366 
2323	 0.393340793798366 
2324	 0.392759184361121 
2325	 0.392240822126487 
2326	 0.391737146265646 
2327	 0.391224688206164 
2328	 0.390755860636687 
2329	 0.390384540676727 
2330	 0.389928619187597 
2331	 0.389428133285603 
2332	 0.38896626849333 
2333	 0.388540547027508 
2334	 0.388015849507695 
2335	 0.38737162512542 
2336	 0.38693147534734 
2337	 0.386532624380284 
2338	 0.386120528159309 
2339	 0.385800763225349 
2340	 0.385574458919806 
2341	 0.385241478802748 
2342	 0.385176020735092 
2343	 0.385483854232783 
2344	 0.385621256529643 
2345	 0.385760453569846 
2346	 0.385975107878459 
2347	 0.386157967840086 
2348	 0.386465648199228 
2349	 0.386967989392574 
2350	 0.387372206429553 
2351	 0.387864161288539 
2352	 0.38821432126156 
2353	 0.388372565904604 
2354	 0.388681415761381 
2355	 0.388970178480358 
2356	 0.389305587573682 
2357	 0.389863804748898 
2358	 0.390215613936963 
2359	 0.390333127192362 
2360	 0.390667871370828 
2361	 0.390892600959868 
2362	 0.391391089638893 
2363	 0.392325965261319 
2364	 0.39304664524665 
2365	 0.393919106462339 
2366	 0.394566342364357 
2367	 0.394952179278773 
2368	 0.395381944419687 
2369	 0.395617550888037 
2370	 0.396010946512168 
2371	 0.396564560993317 
2372	 0.397005160584669 
2373	 0.397458661290679 
2374	 0.397912779073372 
2375	 0.398171505919272 
2376	 0.398613430569949 
2377	 0.399249775577678 
2378	 0.399827373959354 
2379	 0.400433072588456 
2380	 0.401153797292686 
2381	 0.401697020996623 
2382	 0.402149216950245 
2383	 0.402655678793031 
2384	 0.403103393793434 
2385	 0.403419082794078 
2386	 0.403858743716933 
2387	 0.404109687528139 
2388	 0.404194818092451 
2389	 0.404326892158962 
2390	 0.404330606347876 
2391	 0.404670476769761 
2392	 0.405023979629813 
2393	 0.405289164781218 
2394	 0.405831491828358 
2395	 0.406008066232501 
2396	 0.40595895246253 
2397	 0.406051675079758 
2398	 0.406131656267182 
2399	 0.4063145329964 
2400	 0.406597037520933 
2401	 0.4067500289102 
2402	 0.406620589860879 
2403	 0.40630482414724 
2404	 0.405962498685715 
2405	 0.405806301101255 
2406	 0.405589576638601 
2407	 0.404999422357724 
2408	 0.404421150130819 
2409	 0.403925021512188 
2410	 0.403335136968716 
2411	 0.403104985072243 
2412	 0.403004011794726 
2413	 0.402621167580694 
2414	 0.40229830585758 
2415	 0.401765820089887 
2416	 0.401188247425674 
2417	 0.400741825202 
2418	 0.400003210508039 
2419	 0.399435535314801 
2420	 0.399030344165605 
2421	 0.398553249716702 
2422	 0.398096111309488 
2423	 0.397329655728288 
2424	 0.396309192443772 
2425	 0.395062756932265 
2426	 0.393850101297147 
2427	 0.393062543523629 
2428	 0.392379875505477 
2429	 0.391611155774999 
2430	 0.390701366685743 
2431	 0.389520217436204 
2432	 0.388394344851951 
2433	 0.387487013471727 
2434	 0.386563538786452 
2435	 0.385463649822984 
2436	 0.384011150601563 
2437	 0.382528318118228 
2438	 0.381169919498951 
2439	 0.380000127470661 
2440	 0.379131407284069 
2441	 0.377774741236245 
2442	 0.375958410468559 
2443	 0.374393322689831 
2444	 0.372786798615294 
2445	 0.371362513278195 
2446	 0.370070094845608 
2447	 0.368121931353929 
2448	 0.366539697196202 
2449	 0.365487780529325 
2450	 0.363822346997126 
2451	 0.361899364925638 
2452	 0.359790898246811 
2453	 0.357316757242652 
2454	 0.355059769339492 
2455	 0.353270557496863 
2456	 0.351983905973259 
2457	 0.351480402046197 
2458	 0.350653951699315 
2459	 0.350843322511415 
2460	 0.34986537255865 
2461	 0.347425084486766 
2462	 0.34568252014307 
2463	 0.343800038095267 
2464	 0.341909315557631 
2465	 0.340123076129745 
2466	 0.338700247981443 
2467	 0.337270188324082 
2468	 0.336203962738254 
2469	 0.335939743292504 
2470	 0.335268220805191 
2471	 0.334557767763166 
2472	 0.333554365207382 
2473	 0.332742590464003 
2474	 0.331603628038662 
2475	 0.329592343882259 
2476	 0.328324624566884 
2477	 0.326910067651707 
2478	 0.325877318030958 
2479	 0.325650352082202 
2480	 0.324929625823752 
2481	 0.324155796052703 
2482	 0.323902354098024 
2483	 0.324018176752799 
2484	 0.324766610900369 
2485	 0.326497529058068 
2486	 0.327004880938876 
2487	 0.326955352280542 
2488	 0.327438860012138 
2489	 0.32766637773093 
2490	 0.32888550806173 
2491	 0.329033134168745 
2492	 0.328699652542783 
2493	 0.329166965875156 
2494	 0.328165553708053 
2495	 0.327363597537146 
2496	 0.327710002940844 
2497	 0.326478303851115 
2498	 0.326390125414228 
2499	 0.326441574114989 
2500	 0.326422081693515 
