Wavelength	C:\Documents and Settings\All Users\Application Data\ASD\Indico Pro\Projects\McBeth_080818\#22.txt
350	 8.34283138478745E-02 
351	 8.54015139346879E-02 
352	 8.36690087440173E-02 
353	 8.42902968196535E-02 
354	 8.71564644842004E-02 
355	 8.46870582486928E-02 
356	 7.70425191340034E-02 
357	 7.65544117036741E-02 
358	 8.63523232690139E-02 
359	 8.22705996668692E-02 
360	 8.10049198605792E-02 
361	 8.26852756979939E-02 
362	 8.16873969558228E-02 
363	 8.11302270608744E-02 
364	 8.26485052641767E-02 
365	 0.08560372246338 
366	 8.75044556236193E-02 
367	 8.99464060165745E-02 
368	 0.089521506731372 
369	 8.64728834196364E-02 
370	 9.16263591860509E-02 
371	 9.27775263671849E-02 
372	 9.19582281302517E-02 
373	 9.48081542915693E-02 
374	 9.53730194050581E-02 
375	 9.84687779290856E-02 
376	 0.103317783624867 
377	 0.104182047497059 
378	 0.105956379735562 
379	 0.107145525709569 
380	 0.107707960260397 
381	 0.113243055867537 
382	 0.117495996378496 
383	 0.120736793077915 
384	 0.124741927113839 
385	 0.127154351836268 
386	 0.129242280821468 
387	 0.13223511371621 
388	 0.136927446020689 
389	 0.139652407287507 
390	 0.143557431780746 
391	 0.149878347725314 
392	 0.153986641187307 
393	 0.157944316170342 
394	 0.161917180519664 
395	 0.16554917157342 
396	 0.168726597791705 
397	 0.17279231379915 
398	 0.176960156416577 
399	 0.178977379216534 
400	 0.18203840589777 
401	 0.184558621588198 
402	 0.186071034455123 
403	 0.19005997314593 
404	 0.192676089199315 
405	 0.193870485445711 
406	 0.194736034876957 
407	 0.195011539201742 
408	 0.19571080521526 
409	 0.196944138012711 
410	 0.197994759505032 
411	 0.198501041474881 
412	 0.198954646184425 
413	 0.199540980099191 
414	 0.199358592782534 
415	 0.199463777691799 
416	 0.199585557340765 
417	 0.19920180740351 
418	 0.199480283664787 
419	 0.199588115604546 
420	 0.199374793590772 
421	 0.199494459681219 
422	 0.199467843481778 
423	 0.199250669055314 
424	 0.199022038984985 
425	 0.199359001074053 
426	 0.199409857870726 
427	 0.199282387166691 
428	 0.199457933870107 
429	 0.199497901169031 
430	 0.199462444537137 
431	 0.199426280687 
432	 0.199420266103227 
433	 0.199443991904526 
434	 0.199454995866304 
435	 0.19946502480388 
436	 0.199759680970653 
437	 0.199670927176779 
438	 0.199475587349436 
439	 0.199938573542913 
440	 0.19992247999773 
441	 0.199859532890594 
442	 0.200037701224469 
443	 0.200136255848617 
444	 0.200011612704317 
445	 0.199770353393994 
446	 0.199572785460172 
447	 0.199295639816608 
448	 0.199246316991153 
449	 0.199340875699503 
450	 0.19914360488316 
451	 0.198980222709362 
452	 0.198911905968628 
453	 0.198823886814422 
454	 0.198228353079624 
455	 0.197954193634912 
456	 0.197771450143529 
457	 0.197136511297864 
458	 0.197202834459709 
459	 0.19711722038218 
460	 0.196597621249025 
461	 0.196365298556251 
462	 0.196057795215891 
463	 0.195786044105474 
464	 0.195658019863118 
465	 0.195322711213228 
466	 0.195116803640594 
467	 0.195031570968376 
468	 0.194807316422485 
469	 0.194458570151269 
470	 0.194068832472982 
471	 0.193710327164738 
472	 0.193392553717062 
473	 0.193296492828796 
474	 0.193142127355343 
475	 0.192638148886582 
476	 0.19247937814912 
477	 0.192398066907739 
478	 0.1922816590321 
479	 0.192251942143267 
480	 0.192018975647512 
481	 0.191702382432889 
482	 0.19145528280018 
483	 0.191225747319284 
484	 0.191024781603419 
485	 0.190886018836344 
486	 0.190831192866652 
487	 0.190643664788886 
488	 0.190432796701808 
489	 0.190278724748435 
490	 0.190132104929707 
491	 0.190079354130774 
492	 0.190030392644659 
493	 0.189875752213283 
494	 0.189703640204569 
495	 0.189629313121979 
496	 0.189640798338284 
497	 0.189603930065161 
498	 0.189516892106048 
499	 0.189416700800813 
500	 0.189327481191524 
501	 0.18918364859148 
502	 0.189203738876197 
503	 0.18931747353773 
504	 0.189312747651215 
505	 0.189279103513182 
506	 0.189196490423838 
507	 0.189095147719698 
508	 0.189108241615812 
509	 0.189101242130479 
510	 0.189067854957043 
511	 0.189045116085694 
512	 0.189079196673421 
513	 0.189046676005496 
514	 0.18895300567669 
515	 0.188928462184214 
516	 0.188875286465551 
517	 0.188853675897893 
518	 0.188881726527404 
519	 0.188762654587632 
520	 0.188733680612895 
521	 0.188771903829736 
522	 0.188726026732598 
523	 0.188697046079946 
524	 0.188659112356555 
525	 0.188606743915563 
526	 0.188591825575861 
527	 0.188594541732081 
528	 0.188577439570115 
529	 0.18851436980632 
530	 0.188463465938681 
531	 0.188425469979188 
532	 0.188383794130179 
533	 0.188309130768075 
534	 0.188204465874282 
535	 0.18810093459325 
536	 0.188036954305646 
537	 0.188073961764881 
538	 0.188007314458112 
539	 0.187847671321758 
540	 0.187734446048466 
541	 0.187681951917794 
542	 0.187706053499169 
543	 0.187748219073315 
544	 0.187598392356574 
545	 0.187584432262617 
546	 0.187604644249319 
547	 0.187475020407883 
548	 0.187493995816315 
549	 0.187469059570611 
550	 0.187367595574155 
551	 0.18736951056256 
552	 0.187332873133259 
553	 0.187285586930536 
554	 0.187273599992532 
555	 0.187269992987768 
556	 0.18724440588509 
557	 0.187216874332136 
558	 0.187234467663787 
559	 0.187197621748808 
560	 0.187207019978694 
561	 0.187300377030105 
562	 0.187314855776405 
563	 0.187348862784794 
564	 0.187401662406853 
565	 0.187435934016624 
566	 0.187435611953777 
567	 0.187441218027736 
568	 0.187492566045699 
569	 0.187624247769892 
570	 0.187626620236128 
571	 0.187593629993317 
572	 0.187655091340976 
573	 0.187722625950972 
574	 0.187769790251169 
575	 0.187789115295513 
576	 0.187793497407044 
577	 0.187864310837812 
578	 0.187902246036332 
579	 0.187846085998362 
580	 0.187791432681163 
581	 0.18775690225097 
582	 0.187742208001741 
583	 0.187727198151885 
584	 0.187642871238177 
585	 0.187600588164149 
586	 0.187630485224515 
587	 0.18761889160352 
588	 0.187614133421218 
589	 0.18757781813818 
590	 0.187479518162835 
591	 0.187426450868044 
592	 0.187348840790716 
593	 0.187259247380156 
594	 0.187239100147093 
595	 0.187086622178911 
596	 0.18692875703134 
597	 0.186860758455981 
598	 0.186714572562821 
599	 0.186587981697559 
600	 0.186465261233324 
601	 0.186285303469797 
602	 0.186134973417018 
603	 0.186010966540817 
604	 0.185900819026091 
605	 0.185797670921015 
606	 0.185657991819005 
607	 0.185514278502605 
608	 0.185401183000287 
609	 0.185227519477299 
610	 0.185041112876897 
611	 0.184872979176072 
612	 0.184729193681823 
613	 0.184580130661429 
614	 0.184415782346269 
615	 0.184243503509039 
616	 0.184110787586153 
617	 0.183945048571535 
618	 0.183744509653569 
619	 0.183556287419369 
620	 0.183458587787589 
621	 0.183351334022258 
622	 0.18317823276819 
623	 0.182994169449172 
624	 0.182854241306797 
625	 0.182725249763469 
626	 0.182560293077288 
627	 0.182431527596699 
628	 0.18229681316952 
629	 0.182127175001054 
630	 0.181916077103985 
631	 0.181714326463971 
632	 0.181559536738094 
633	 0.181445062037474 
634	 0.181244022720021 
635	 0.18107734103586 
636	 0.180950342670869 
637	 0.180803136563272 
638	 0.180671317441422 
639	 0.180507811057373 
640	 0.180317572269136 
641	 0.180219732554995 
642	 0.180059947135051 
643	 0.179874487727552 
644	 0.179734502636672 
645	 0.179528046994356 
646	 0.179362841568519 
647	 0.179241862635459 
648	 0.179056619346332 
649	 0.178926610967282 
650	 0.178819643819065 
651	 0.178690996751179 
652	 0.178554924942316 
653	 0.178407725477761 
654	 0.178282377323257 
655	 0.178214336628029 
656	 0.17807901040254 
657	 0.177908114658522 
658	 0.177745068346616 
659	 0.17762360907239 
660	 0.177457805675218 
661	 0.177271781151999 
662	 0.177114255122672 
663	 0.176971361959819 
664	 0.176807116205241 
665	 0.176628159652386 
666	 0.176479764780479 
667	 0.176359969368825 
668	 0.176227643935581 
669	 0.17606331084007 
670	 0.175921738862374 
671	 0.175769368608372 
672	 0.175624764342847 
673	 0.17551511376454 
674	 0.175346562867552 
675	 0.175176464002535 
676	 0.175047224183912 
677	 0.174963222952564 
678	 0.174814570343904 
679	 0.17464301203276 
680	 0.174507811779723 
681	 0.174358895671268 
682	 0.174225442177573 
683	 0.174089477389097 
684	 0.173906816300787 
685	 0.173773574936553 
686	 0.173635868960771 
687	 0.173468389702607 
688	 0.173352898885812 
689	 0.173220529637533 
690	 0.173077002031999 
691	 0.172947527786024 
692	 0.172807054483482 
693	 0.172661280164924 
694	 0.172515078812619 
695	 0.172369671898971 
696	 0.172209854913081 
697	 0.172068145749956 
698	 0.171954162266981 
699	 0.171788215692194 
700	 0.171629546332483 
701	 0.171482022412187 
702	 0.171326370442487 
703	 0.171197516718278 
704	 0.17105764787491 
705	 0.170902439412238 
706	 0.170783086312501 
707	 0.170641538315353 
708	 0.17048819266527 
709	 0.17035078739165 
710	 0.17025241197142 
711	 0.170136400119404 
712	 0.169996573468853 
713	 0.169862548630128 
714	 0.169738174266159 
715	 0.169633312561578 
716	 0.169527146847724 
717	 0.169339219778782 
718	 0.169219982120797 
719	 0.169129344070826 
720	 0.168987076043577 
721	 0.168834154471638 
722	 0.168687747225361 
723	 0.168569548943892 
724	 0.16849494105513 
725	 0.168324693796852 
726	 0.168140409640563 
727	 0.168008382488468 
728	 0.167880116004347 
729	 0.167774891215694 
730	 0.167652818901901 
731	 0.167476137009903 
732	 0.167327762872525 
733	 0.167225326982199 
734	 0.167132304126254 
735	 0.166972301785661 
736	 0.166855909095775 
737	 0.166755525655551 
738	 0.166627976135166 
739	 0.166448503462067 
740	 0.166315147390854 
741	 0.16621858563826 
742	 0.166105402971557 
743	 0.165959925035811 
744	 0.16582496328133 
745	 0.1657071066874 
746	 0.165572991968481 
747	 0.165455746194392 
748	 0.165341666297592 
749	 0.165207715625332 
750	 0.165024135137164 
751	 0.164871011000587 
752	 0.164741442030771 
753	 0.164598911462962 
754	 0.164481249355229 
755	 0.164336107309481 
756	 0.164167016888253 
757	 0.164037389819038 
758	 0.163908380329603 
759	 0.163773886956731 
760	 0.163633004763134 
761	 0.163476146818793 
762	 0.163366163861588 
763	 0.163262757323315 
764	 0.163106635642312 
765	 0.162987852271521 
766	 0.162866974067342 
767	 0.162718692305111 
768	 0.16254312719485 
769	 0.162403018419219 
770	 0.162281323826617 
771	 0.162152067279768 
772	 0.161998275736677 
773	 0.161897799555445 
774	 0.161820106675138 
775	 0.161702966096956 
776	 0.161537927197421 
777	 0.161405312326382 
778	 0.161311143762008 
779	 0.16119808188505 
780	 0.161052157883671 
781	 0.160915692236379 
782	 0.160805134874139 
783	 0.160677968470292 
784	 0.160508489771684 
785	 0.160350867474086 
786	 0.160252521774058 
787	 0.160142564040091 
788	 0.160008318770192 
789	 0.159870767155329 
790	 0.159761531791076 
791	 0.159606862470706 
792	 0.159450902392905 
793	 0.159311974256945 
794	 0.159158315927757 
795	 0.159040986128639 
796	 0.158935725065116 
797	 0.158815705022626 
798	 0.158702065566049 
799	 0.158545293285747 
800	 0.15837509317049 
801	 0.158245542932347 
802	 0.158129879118595 
803	 0.158029807398746 
804	 0.157929139679664 
805	 0.157798424394447 
806	 0.157665532662225 
807	 0.157545002334831 
808	 0.157433675219549 
809	 0.157301872614754 
810	 0.15717943616156 
811	 0.157055310812702 
812	 0.156922700106143 
813	 0.156835056171814 
814	 0.156731131791241 
815	 0.156614922142942 
816	 0.15651720975281 
817	 0.156368246912782 
818	 0.156237332717218 
819	 0.156141930235602 
820	 0.156030947631906 
821	 0.155899096086789 
822	 0.155782121137667 
823	 0.155693311112469 
824	 0.155583288891503 
825	 0.15546663170958 
826	 0.155339191014029 
827	 0.155205583596889 
828	 0.155122691558412 
829	 0.155028310325316 
830	 0.154906176817448 
831	 0.154773474655647 
832	 0.154650019965761 
833	 0.154565781271021 
834	 0.154491834760612 
835	 0.154347025139678 
836	 0.15426101550181 
837	 0.154186685514532 
838	 0.154078086380322 
839	 0.153953269236797 
840	 0.15385530858001 
841	 0.153745839890175 
842	 0.153603523439511 
843	 0.153561012926983 
844	 0.153443687692503 
845	 0.153283536386749 
846	 0.153193984929948 
847	 0.153092218245526 
848	 0.152990010592579 
849	 0.152874636702596 
850	 0.152718239619226 
851	 0.1526065420374 
852	 0.152509091768059 
853	 0.152410209534203 
854	 0.152338582565937 
855	 0.152222537196275 
856	 0.152095836398488 
857	 0.151997894788978 
858	 0.151922784433668 
859	 0.151825506807665 
860	 0.151729295401525 
861	 0.151662421542389 
862	 0.151570553473221 
863	 0.151478959451894 
864	 0.1513829651352 
865	 0.151270682888578 
866	 0.151200743094118 
867	 0.151105084889237 
868	 0.150984212053084 
869	 0.150903067325071 
870	 0.150847349939712 
871	 0.150754886500817 
872	 0.150619591418181 
873	 0.150516960886061 
874	 0.150411739739549 
875	 0.150321255482718 
876	 0.150258059512434 
877	 0.150208051327933 
878	 0.150098548920717 
879	 0.149976934303031 
880	 0.149894424101289 
881	 0.149779978365436 
882	 0.149750826825734 
883	 0.149725114031208 
884	 0.149585853011338 
885	 0.149466077252809 
886	 0.149410863018358 
887	 0.149366210201599 
888	 0.149247054498588 
889	 0.149198835821037 
890	 0.149100621499146 
891	 0.148992249049149 
892	 0.149034448685288 
893	 0.148928725021837 
894	 0.148821850626589 
895	 0.148779659431779 
896	 0.148697297311965 
897	 0.14860071766827 
898	 0.148502565436497 
899	 0.148404639192194 
900	 0.148292177858642 
901	 0.148270205996489 
902	 0.148255474259002 
903	 0.148165632092786 
904	 0.148027226986794 
905	 0.14797455635875 
906	 0.147951982841404 
907	 0.147882735014232 
908	 0.147835396228625 
909	 0.147708101436394 
910	 0.147586067445164 
911	 0.147576829569229 
912	 0.147579849088212 
913	 0.14751232429621 
914	 0.147420258936539 
915	 0.147382801455697 
916	 0.147280223815343 
917	 0.147210343346937 
918	 0.147173930699365 
919	 0.147107920601121 
920	 0.146997343086852 
921	 0.146947206620645 
922	 0.14693720319762 
923	 0.146860127778377 
924	 0.146783852298617 
925	 0.146707627121523 
926	 0.146635209900836 
927	 0.146579426866889 
928	 0.14655754741113 
929	 0.146508128058747 
930	 0.146412855199698 
931	 0.146313806857807 
932	 0.146247350530035 
933	 0.146212986554956 
934	 0.146161933034386 
935	 0.146017148369106 
936	 0.146026648897351 
937	 0.145977053846759 
938	 0.145807050370819 
939	 0.145767990805868 
940	 0.145790549271569 
941	 0.145775262539892 
942	 0.145670935180742 
943	 0.145521088922602 
944	 0.145506031233874 
945	 0.145498896588442 
946	 0.145411630207413 
947	 0.145338144522474 
948	 0.145281201946534 
949	 0.145217788195277 
950	 0.14513646537291 
951	 0.145059965655281 
952	 0.145115784919407 
953	 0.145132084061574 
954	 0.14501444482005 
955	 0.144938946092862 
956	 0.144832961773362 
957	 0.144742122257322 
958	 0.144695325270507 
959	 0.144643998973242 
960	 0.144540819563926 
961	 0.144512430557434 
962	 0.144585446905524 
963	 0.144535897262927 
964	 0.144364239300081 
965	 0.14424163627459 
966	 0.144252610621045 
967	 0.144248637378922 
968	 0.144225304740406 
969	 0.144084864135583 
970	 0.143889791275781 
971	 0.143967287130825 
972	 0.143994260029717 
973	 0.143943275383479 
974	 0.143852433994501 
975	 0.143762428855776 
976	 0.14392345690433 
977	 0.143962763285339 
978	 0.143774749685087 
979	 0.143792724316485 
980	 0.143738439119906 
981	 0.143752412684757 
982	 0.143845759276435 
983	 0.143792561140519 
984	 0.143655772539217 
985	 0.143611748654905 
986	 0.143656816267852 
987	 0.143591645836158 
988	 0.143588380568739 
989	 0.143568734187062 
990	 0.143467396377747 
991	 0.14330612417052 
992	 0.143400861109925 
993	 0.143424506704427 
994	 0.143366497594286 
995	 0.143449544539364 
996	 0.143259401344009 
997	 0.143144441251814 
998	 0.143184102748357 
999	 0.143226084809127 
1000	 0.143199092352957 
1001	 0.141919628367379 
1002	 0.14192336250432 
1003	 0.141880042169004 
1004	 0.141815830851546 
1005	 0.141788447505594 
1006	 0.141718147302047 
1007	 0.141635555895762 
1008	 0.14162758248615 
1009	 0.141629976066672 
1010	 0.141618925019592 
1011	 0.141602560748367 
1012	 0.141583594402159 
1013	 0.14153443500354 
1014	 0.141470326248217 
1015	 0.141424854010073 
1016	 0.141381601946281 
1017	 0.141327709625125 
1018	 0.141298144788066 
1019	 0.141299204264845 
1020	 0.141283702680265 
1021	 0.141251613652679 
1022	 0.141217108113002 
1023	 0.141166195822796 
1024	 0.141111708561863 
1025	 0.141074972312302 
1026	 0.141017033993227 
1027	 0.140951190009298 
1028	 0.140921300302178 
1029	 0.140900668253988 
1030	 0.140865254867848 
1031	 0.140831512363436 
1032	 0.140800392975254 
1033	 0.140758805806345 
1034	 0.140720665713826 
1035	 0.140687313652072 
1036	 0.140668626404807 
1037	 0.140640101391155 
1038	 0.140583578899512 
1039	 0.140577036226263 
1040	 0.140580845549815 
1041	 0.140538960256769 
1042	 0.140506883544272 
1043	 0.140460471968187 
1044	 0.140384497008417 
1045	 0.1403207440746 
1046	 0.14026102563547 
1047	 0.140212780972145 
1048	 0.140164433738261 
1049	 0.140130222499342 
1050	 0.140100031118529 
1051	 0.140063848400483 
1052	 0.140012317210637 
1053	 0.139963350808779 
1054	 0.139931353482054 
1055	 0.139890585705523 
1056	 0.139857402116317 
1057	 0.139840314521816 
1058	 0.139799380353828 
1059	 0.139740912920352 
1060	 0.139696287011654 
1061	 0.139644238928367 
1062	 0.139609612303331 
1063	 0.139580672427936 
1064	 0.139571652663438 
1065	 0.13957051258281 
1066	 0.139545277725311 
1067	 0.139513925368069 
1068	 0.139490034836104 
1069	 0.139444914563911 
1070	 0.139397901234911 
1071	 0.139361524860748 
1072	 0.139319460408023 
1073	 0.1392885283536 
1074	 0.139271130981692 
1075	 0.139258095623602 
1076	 0.139264172747999 
1077	 0.139238450875995 
1078	 0.139204607035027 
1079	 0.139170976294084 
1080	 0.139112342406312 
1081	 0.139062556503844 
1082	 0.139038247030864 
1083	 0.139021834243458 
1084	 0.139008254297868 
1085	 0.138982073521005 
1086	 0.138957150316786 
1087	 0.13893003464256 
1088	 0.138898639833407 
1089	 0.138855068877833 
1090	 0.138831574566303 
1091	 0.138814897866683 
1092	 0.138795160056602 
1093	 0.138795844063746 
1094	 0.138772646350031 
1095	 0.138733894168028 
1096	 0.138695716461373 
1097	 0.138660683193554 
1098	 0.138623552123917 
1099	 0.138608348146571 
1100	 0.138601739560366 
1101	 0.138577507887825 
1102	 0.138550205015644 
1103	 0.138520099124637 
1104	 0.138471851585333 
1105	 0.138442236047832 
1106	 0.138421770173824 
1107	 0.138398199311945 
1108	 0.138382839551165 
1109	 0.138362241988971 
1110	 0.13833146416044 
1111	 0.138315071815925 
1112	 0.138307835683902 
1113	 0.13829401520966 
1114	 0.138281698045919 
1115	 0.138275091482573 
1116	 0.138264183861045 
1117	 0.138247195215831 
1118	 0.138237195926171 
1119	 0.138223341509113 
1120	 0.138211972034601 
1121	 0.138206254609415 
1122	 0.138186342207301 
1123	 0.138155348812321 
1124	 0.138136502222727 
1125	 0.138111340280102 
1126	 0.138091498538451 
1127	 0.138080153382415 
1128	 0.138073651096713 
1129	 0.138072185648475 
1130	 0.138064122981904 
1131	 0.138059414899189 
1132	 0.138062718984287 
1133	 0.13805443616103 
1134	 0.138039397018289 
1135	 0.138032630279729 
1136	 0.138033334727054 
1137	 0.138023712141771 
1138	 0.138014772318566 
1139	 0.13799881637844 
1140	 0.137965523578313 
1141	 0.137950997375012 
1142	 0.137943707673046 
1143	 0.137934968494365 
1144	 0.137935432617973 
1145	 0.137933590878539 
1146	 0.137934738742542 
1147	 0.137924787079194 
1148	 0.137914404960892 
1149	 0.137900931728377 
1150	 0.137877420473879 
1151	 0.137857185026009 
1152	 0.137845584107174 
1153	 0.137843467460831 
1154	 0.137834179256293 
1155	 0.137826006634175 
1156	 0.137819931316442 
1157	 0.137811739565881 
1158	 0.137804964727851 
1159	 0.137800683484298 
1160	 0.137798494635675 
1161	 0.137801303280153 
1162	 0.137796592070735 
1163	 0.137792267101749 
1164	 0.137785805578752 
1165	 0.137774854933744 
1166	 0.137754136036625 
1167	 0.137744842421562 
1168	 0.137740116364728 
1169	 0.137735177832874 
1170	 0.137733592971141 
1171	 0.137730267030786 
1172	 0.137727850787229 
1173	 0.137724022235702 
1174	 0.137718760030198 
1175	 0.137715048909376 
1176	 0.137711144014894 
1177	 0.137708033039075 
1178	 0.137705576647203 
1179	 0.137704295452789 
1180	 0.13770591956092 
1181	 0.137704369903049 
1182	 0.137704689112661 
1183	 0.137700588651504 
1184	 0.1376935337958 
1185	 0.137680836104019 
1186	 0.137674002040912 
1187	 0.137665062106399 
1188	 0.137661221274668 
1189	 0.137660672293367 
1190	 0.1376633483594 
1191	 0.13767510377634 
1192	 0.137673841080837 
1193	 0.137668453355086 
1194	 0.137665096094905 
1195	 0.137654223196743 
1196	 0.137646399220842 
1197	 0.137642287635206 
1198	 0.137638588871601 
1199	 0.137630079176089 
1200	 0.13762721634676 
1201	 0.137634683430773 
1202	 0.137635816760581 
1203	 0.137635281268044 
1204	 0.137636121972271 
1205	 0.137629756311239 
1206	 0.1376181052225 
1207	 0.137604939705797 
1208	 0.13758625350078 
1209	 0.137570750819994 
1210	 0.137555092588364 
1211	 0.137537002267774 
1212	 0.137518228738401 
1213	 0.137499640318926 
1214	 0.137483566757539 
1215	 0.137458613831869 
1216	 0.137435015486636 
1217	 0.137401345419023 
1218	 0.137351615558775 
1219	 0.137306656834845 
1220	 0.137259563445474 
1221	 0.137210895123173 
1222	 0.137160978468453 
1223	 0.137111114616342 
1224	 0.137060574935606 
1225	 0.137005715760301 
1226	 0.136956209324666 
1227	 0.136908013050959 
1228	 0.13686336808659 
1229	 0.136823887280078 
1230	 0.136779959571854 
1231	 0.136737590262054 
1232	 0.136693428916829 
1233	 0.136640891010673 
1234	 0.136598519014477 
1235	 0.136561250560395 
1236	 0.136524924646999 
1237	 0.136487529824472 
1238	 0.136461939934215 
1239	 0.13644734431837 
1240	 0.136428364438113 
1241	 0.13641381376317 
1242	 0.136413818395977 
1243	 0.136394260221149 
1244	 0.136362608180336 
1245	 0.136340579629125 
1246	 0.136311904528874 
1247	 0.13629496911082 
1248	 0.136290034655486 
1249	 0.136278004316509 
1250	 0.136267313313147 
1251	 0.136255997171506 
1252	 0.136240118698987 
1253	 0.13622935659657 
1254	 0.136223101666164 
1255	 0.136215774828247 
1256	 0.136211123747018 
1257	 0.136204103412622 
1258	 0.136194097303539 
1259	 0.136186740327946 
1260	 0.136182275136213 
1261	 0.136175709225742 
1262	 0.136163750480032 
1263	 0.136148419517029 
1264	 0.136137531366918 
1265	 0.136126398914275 
1266	 0.136108235691862 
1267	 0.136093940143502 
1268	 0.136071482586469 
1269	 0.136034833765856 
1270	 0.136004655754694 
1271	 0.135974053919683 
1272	 0.135947281049408 
1273	 0.135924221865194 
1274	 0.135897116255337 
1275	 0.135869733739132 
1276	 0.135843151987053 
1277	 0.135817467366777 
1278	 0.135787275252933 
1279	 0.13575706853847 
1280	 0.135727375842032 
1281	 0.135686888140754 
1282	 0.135635101828352 
1283	 0.135598725536314 
1284	 0.135571776378081 
1285	 0.135549440316114 
1286	 0.135543558351755 
1287	 0.135524418356879 
1288	 0.13550436078654 
1289	 0.135480803820337 
1290	 0.135450066106467 
1291	 0.135425987940628 
1292	 0.135401665754059 
1293	 0.13538081503837 
1294	 0.135368994515414 
1295	 0.135347715745096 
1296	 0.135317770272848 
1297	 0.135296753017518 
1298	 0.135276944540641 
1299	 0.135257601086583 
1300	 0.135248324263975 
1301	 0.135233107311199 
1302	 0.135221976685464 
1303	 0.135190552967077 
1304	 0.135150912426102 
1305	 0.135121725217293 
1306	 0.135107679389443 
1307	 0.135090306350553 
1308	 0.135080074208012 
1309	 0.135091603039099 
1310	 0.13508249614618 
1311	 0.135059258636412 
1312	 0.135051539451846 
1313	 0.135048004748387 
1314	 0.135039622816165 
1315	 0.135040192511597 
1316	 0.135027782685629 
1317	 0.13499920638373 
1318	 0.134985786518808 
1319	 0.134972274588709 
1320	 0.134962672012283 
1321	 0.134964590347391 
1322	 0.134962085828185 
1323	 0.134956773138709 
1324	 0.134955154898404 
1325	 0.134956573862282 
1326	 0.134958082051152 
1327	 0.134958079986644 
1328	 0.134950924504887 
1329	 0.134934858798189 
1330	 0.134915398927647 
1331	 0.134903506482048 
1332	 0.134887609047964 
1333	 0.13488446241292 
1334	 0.134895700006693 
1335	 0.134894865197971 
1336	 0.134894860549101 
1337	 0.134894061104389 
1338	 0.134885195150091 
1339	 0.134884506326972 
1340	 0.134888836114138 
1341	 0.134892789191933 
1342	 0.134903799372484 
1343	 0.134903824289449 
1344	 0.13489218812573 
1345	 0.134894786454707 
1346	 0.134897597048287 
1347	 0.134905487015543 
1348	 0.134926695585187 
1349	 0.1349448256495 
1350	 0.134960000235386 
1351	 0.134967327241986 
1352	 0.134979083599348 
1353	 0.13499659884565 
1354	 0.135007130819115 
1355	 0.135021088454751 
1356	 0.135031950528039 
1357	 0.135040196189285 
1358	 0.135048333008318 
1359	 0.135057632248724 
1360	 0.135061209826495 
1361	 0.13505955400936 
1362	 0.13506062230181 
1363	 0.13506189341943 
1364	 0.135058228790755 
1365	 0.135052694322039 
1366	 0.135048851010366 
1367	 0.135039810473787 
1368	 0.135034732328581 
1369	 0.135034862833095 
1370	 0.135030976644169 
1371	 0.135021641195972 
1372	 0.135019118410178 
1373	 0.135019172610929 
1374	 0.135022840724321 
1375	 0.135031929021266 
1376	 0.135039954328351 
1377	 0.135058015292183 
1378	 0.135065204115815 
1379	 0.135064969487454 
1380	 0.135073815595257 
1381	 0.135068671908202 
1382	 0.135058104222076 
1383	 0.135063789104278 
1384	 0.135057732095344 
1385	 0.135051556990409 
1386	 0.135045133957386 
1387	 0.135042579086255 
1388	 0.135037228191631 
1389	 0.135031695094121 
1390	 0.135034853750085 
1391	 0.135025226938006 
1392	 0.13500169429488 
1393	 0.134991064967514 
1394	 0.134981986272875 
1395	 0.134972279393962 
1396	 0.134967673371315 
1397	 0.134960220404899 
1398	 0.134946436003371 
1399	 0.134941338436155 
1400	 0.134948605127908 
1401	 0.134944765439244 
1402	 0.134942855902094 
1403	 0.134932325171525 
1404	 0.134909304922022 
1405	 0.134884393847619 
1406	 0.134870975507058 
1407	 0.134856677757061 
1408	 0.134849095794025 
1409	 0.134840292650559 
1410	 0.134828627791646 
1411	 0.134819761334022 
1412	 0.134807124396456 
1413	 0.13479480052485 
1414	 0.13477542788028 
1415	 0.134750637491833 
1416	 0.134732555301939 
1417	 0.134716696225307 
1418	 0.134697452937987 
1419	 0.13468079981336 
1420	 0.134660892703321 
1421	 0.134635079319218 
1422	 0.134612305200914 
1423	 0.134594121551563 
1424	 0.134568598173305 
1425	 0.134537229565371 
1426	 0.13451058057611 
1427	 0.134483219398534 
1428	 0.134456626794806 
1429	 0.134432753125028 
1430	 0.134407011967297 
1431	 0.134378566036106 
1432	 0.134350113148812 
1433	 0.134316248342769 
1434	 0.134294825871566 
1435	 0.134284339653845 
1436	 0.134265997623797 
1437	 0.134251926112992 
1438	 0.134238936596084 
1439	 0.134207263708646 
1440	 0.13417126783732 
1441	 0.134143738662017 
1442	 0.134118723359214 
1443	 0.134101700849886 
1444	 0.134091214161437 
1445	 0.134080108820415 
1446	 0.134061639612774 
1447	 0.134040219261039 
1448	 0.134021459688364 
1449	 0.134000431853922 
1450	 0.13398126109778 
1451	 0.13395993822948 
1452	 0.133935506248378 
1453	 0.133915752240168 
1454	 0.133899757970596 
1455	 0.133876890814718 
1456	 0.133854114040253 
1457	 0.133831225391121 
1458	 0.133799491628007 
1459	 0.133777466443251 
1460	 0.133763745370435 
1461	 0.133744461782782 
1462	 0.133727608631513 
1463	 0.133705564344483 
1464	 0.133677107558519 
1465	 0.133654033852467 
1466	 0.133626130327713 
1467	 0.133609172212439 
1468	 0.133604099547381 
1469	 0.133591918094264 
1470	 0.133585992827977 
1471	 0.133571659378231 
1472	 0.13354848365396 
1473	 0.133527067539322 
1474	 0.133498769942117 
1475	 0.133479031768464 
1476	 0.133460466663107 
1477	 0.133446449917779 
1478	 0.133448410905408 
1479	 0.133450118719012 
1480	 0.13344712842554 
1481	 0.133446937190512 
1482	 0.133444251539285 
1483	 0.13343840296353 
1484	 0.133433303413164 
1485	 0.133431625949613 
1486	 0.133429618046142 
1487	 0.133423334454707 
1488	 0.133422976258816 
1489	 0.133425354883897 
1490	 0.133419208577814 
1491	 0.133410680334429 
1492	 0.13340169183062 
1493	 0.133388466487461 
1494	 0.133386216828811 
1495	 0.133392161821424 
1496	 0.133392685795464 
1497	 0.133402190221066 
1498	 0.133399139973562 
1499	 0.133385459298759 
1500	 0.133370929059757 
1501	 0.13334839335158 
1502	 0.133334489955668 
1503	 0.133324828690067 
1504	 0.133310986279971 
1505	 0.133293750928739 
1506	 0.133287546489788 
1507	 0.133283798354088 
1508	 0.133278582477564 
1509	 0.133288456400583 
1510	 0.133284185146767 
1511	 0.133266852135629 
1512	 0.133253101805594 
1513	 0.133236918972508 
1514	 0.133223364793438 
1515	 0.133207691690888 
1516	 0.133195328824611 
1517	 0.133186613623121 
1518	 0.133176280504268 
1519	 0.133165257727434 
1520	 0.133158375526437 
1521	 0.133157207822327 
1522	 0.133150412122176 
1523	 0.133139857563244 
1524	 0.133134356980679 
1525	 0.133129731004021 
1526	 0.13312310468355 
1527	 0.133118708952099 
1528	 0.133116287975006 
1529	 0.133112870665579 
1530	 0.133097077356466 
1531	 0.133078331626635 
1532	 0.133073980726993 
1533	 0.133080878994653 
1534	 0.133086155920273 
1535	 0.133092170959222 
1536	 0.133100120457972 
1537	 0.133089333058496 
1538	 0.133072052098077 
1539	 0.133074230780826 
1540	 0.133081955063792 
1541	 0.13308498146023 
1542	 0.133090794695197 
1543	 0.133099611941755 
1544	 0.133089780134086 
1545	 0.133072225632116 
1546	 0.133076331521572 
1547	 0.13307601840368 
1548	 0.133066672325662 
1549	 0.133062168732124 
1550	 0.13306550596681 
1551	 0.133058206565862 
1552	 0.133045596992983 
1553	 0.133033572837097 
1554	 0.133015431934378 
1555	 0.133007226989763 
1556	 0.132998684234778 
1557	 0.132995567227873 
1558	 0.133002187645068 
1559	 0.133006045498699 
1560	 0.133016297887304 
1561	 0.133013328693386 
1562	 0.133002998878424 
1563	 0.132999355290717 
1564	 0.132989322270088 
1565	 0.132979271313974 
1566	 0.132977264297108 
1567	 0.13296997858787 
1568	 0.132955623728277 
1569	 0.132943728451166 
1570	 0.132934523875557 
1571	 0.132921406579911 
1572	 0.132896249613764 
1573	 0.13288965110325 
1574	 0.132894537838971 
1575	 0.13289389294462 
1576	 0.132903803947956 
1577	 0.132904755149299 
1578	 0.132895714019298 
1579	 0.132894266611265 
1580	 0.132895766987137 
1581	 0.132892908058739 
1582	 0.132890044664875 
1583	 0.132888365879298 
1584	 0.132886251799099 
1585	 0.132883523947363 
1586	 0.132877366651052 
1587	 0.132877082104898 
1588	 0.13287314784481 
1589	 0.132880887173522 
1590	 0.132905606224583 
1591	 0.132920919528107 
1592	 0.132929674466556 
1593	 0.132953376964656 
1594	 0.132991053253908 
1595	 0.133011110149779 
1596	 0.133035692151835 
1597	 0.133051850895656 
1598	 0.133039674361404 
1599	 0.133047015518263 
1600	 0.133068339540728 
1601	 0.13308680325724 
1602	 0.133111456701609 
1603	 0.133131927595299 
1604	 0.133146858642747 
1605	 0.133166527149043 
1606	 0.133184185777806 
1607	 0.133208454768747 
1608	 0.133249162832968 
1609	 0.133273131876131 
1610	 0.133289285863283 
1611	 0.133307795128259 
1612	 0.133312337819056 
1613	 0.133327201239802 
1614	 0.133356129391137 
1615	 0.133375610182674 
1616	 0.133397658962044 
1617	 0.133410344824581 
1618	 0.133403743694425 
1619	 0.133413148299999 
1620	 0.133427084216947 
1621	 0.133438619253508 
1622	 0.133461340528217 
1623	 0.133479576641359 
1624	 0.133493578746187 
1625	 0.13350482733241 
1626	 0.133510342985027 
1627	 0.13352418353276 
1628	 0.133536207519535 
1629	 0.133553025249145 
1630	 0.133584623885291 
1631	 0.13360694511106 
1632	 0.133626449652883 
1633	 0.133641576154847 
1634	 0.133642481846344 
1635	 0.133660567554379 
1636	 0.133691334262649 
1637	 0.133712996830459 
1638	 0.133744446544326 
1639	 0.133764713808981 
1640	 0.133758679586052 
1641	 0.133774892752392 
1642	 0.133805301553327 
1643	 0.133831386343917 
1644	 0.133876806097101 
1645	 0.133900573517658 
1646	 0.133890912884819 
1647	 0.133912274108768 
1648	 0.133952637358025 
1649	 0.133974851550305 
1650	 0.134011492522102 
1651	 0.134034863923842 
1652	 0.134029418338444 
1653	 0.134034025491713 
1654	 0.134042979466644 
1655	 0.134052722273381 
1656	 0.134065690667903 
1657	 0.134069334823227 
1658	 0.134068578189763 
1659	 0.134071942128634 
1660	 0.134068702610945 
1661	 0.134068453200384 
1662	 0.134074670624356 
1663	 0.134079305548608 
1664	 0.134083332087271 
1665	 0.134083878537983 
1666	 0.134085018661226 
1667	 0.134084854824727 
1668	 0.134074991860821 
1669	 0.134075035549813 
1670	 0.134076010500668 
1671	 0.134087225056433 
1672	 0.134110679994346 
1673	 0.134131079129 
1674	 0.13415767376177 
1675	 0.134184100139116 
1676	 0.134195662337244 
1677	 0.134235992438899 
1678	 0.134304491355505 
1679	 0.134355455418687 
1680	 0.134410679241788 
1681	 0.134472394360286 
1682	 0.134519605921331 
1683	 0.134585100521522 
1684	 0.134679919320941 
1685	 0.134758389142491 
1686	 0.13483473597819 
1687	 0.134907629292976 
1688	 0.134971049869916 
1689	 0.135043155237383 
1690	 0.135114357227775 
1691	 0.135192554563359 
1692	 0.13528652822025 
1693	 0.135363409249411 
1694	 0.135431198565041 
1695	 0.135506632943654 
1696	 0.135576397835136 
1697	 0.135649107310908 
1698	 0.135731283057992 
1699	 0.135807742364767 
1700	 0.135874301497853 
1701	 0.13595169204196 
1702	 0.136034411989557 
1703	 0.13611967711971 
1704	 0.136217111897123 
1705	 0.136297541663658 
1706	 0.136363628550728 
1707	 0.13645059925496 
1708	 0.13654369824497 
1709	 0.136624547057351 
1710	 0.136715952026012 
1711	 0.136801022067739 
1712	 0.136854905444884 
1713	 0.13695254590954 
1714	 0.137084606999673 
1715	 0.137191878131505 
1716	 0.137302929115568 
1717	 0.13741690533223 
1718	 0.13751438725395 
1719	 0.137640689440328 
1720	 0.137799626579493 
1721	 0.137923800665185 
1722	 0.138047802901827 
1723	 0.138155045887836 
1724	 0.138242627019842 
1725	 0.13832159510675 
1726	 0.138401676477586 
1727	 0.138443561794246 
1728	 0.13845666867715 
1729	 0.13846823771348 
1730	 0.138450538275597 
1731	 0.138395091932032 
1732	 0.138326940776815 
1733	 0.138229324966314 
1734	 0.138112638898966 
1735	 0.138011961805772 
1736	 0.137905727416327 
1737	 0.137773652201965 
1738	 0.137652766634845 
1739	 0.13754189137489 
1740	 0.137433296367117 
1741	 0.137317353541615 
1742	 0.137223072283604 
1743	 0.13712659890891 
1744	 0.137047552629026 
1745	 0.13700569841577 
1746	 0.136959614536512 
1747	 0.136902341650283 
1748	 0.136871272708472 
1749	 0.136863339907183 
1750	 0.136857571963296 
1751	 0.136857400509201 
1752	 0.136882370659735 
1753	 0.13692953926089 
1754	 0.136970257392238 
1755	 0.137039935680644 
1756	 0.137091387229279 
1757	 0.137127408065285 
1758	 0.137161600240723 
1759	 0.137194936016364 
1760	 0.137225323983453 
1761	 0.137251442068847 
1762	 0.137266217878509 
1763	 0.13728476134635 
1764	 0.137269791175171 
1765	 0.137235612429324 
1766	 0.137186234773892 
1767	 0.137101454338906 
1768	 0.137036557530699 
1769	 0.136966743983469 
1770	 0.136899200926605 
1771	 0.136837234402811 
1772	 0.13677446813752 
1773	 0.136696909425477 
1774	 0.136651546928357 
1775	 0.13662843034333 
1776	 0.136598814417131 
1777	 0.13657328484303 
1778	 0.136545302043783 
1779	 0.136526678253712 
1780	 0.136508034625917 
1781	 0.136497345344489 
1782	 0.13650263731694 
1783	 0.136492108625611 
1784	 0.136500681405325 
1785	 0.13652830273164 
1786	 0.136534580149569 
1787	 0.136548152070671 
1788	 0.13655979496025 
1789	 0.13656963625568 
1790	 0.136577214646936 
1791	 0.136576399490761 
1792	 0.136587419842 
1793	 0.136614724726742 
1794	 0.136689079795778 
1795	 0.136718870473278 
1796	 0.136718642826521 
1797	 0.13674395110415 
1798	 0.136749205444804 
1799	 0.136770906415288 
1800	 0.136828434017378 
1801	 0.134663198155042 
1802	 0.134715997180632 
1803	 0.134802127018903 
1804	 0.134894764802241 
1805	 0.134966625162524 
1806	 0.135037120967549 
1807	 0.135106896060929 
1808	 0.135165735037421 
1809	 0.135225118467198 
1810	 0.135301420816735 
1811	 0.135388125870347 
1812	 0.135463506685891 
1813	 0.135518881025954 
1814	 0.135572240672027 
1815	 0.135614856177956 
1816	 0.135633589433879 
1817	 0.135676827378098 
1818	 0.135735812495064 
1819	 0.135793361914186 
1820	 0.135835964418019 
1821	 0.135891098071029 
1822	 0.135917840646122 
1823	 0.135940926045325 
1824	 0.135967857566451 
1825	 0.135991219749632 
1826	 0.136027228522637 
1827	 0.136062560629289 
1828	 0.136093649837249 
1829	 0.136138064514596 
1830	 0.136178679037827 
1831	 0.136203205644182 
1832	 0.136249332463341 
1833	 0.136283685035249 
1834	 0.13632359069212 
1835	 0.1363804613367 
1836	 0.136410192781318 
1837	 0.136441198105647 
1838	 0.13646400224649 
1839	 0.136488831921176 
1840	 0.136510410881562 
1841	 0.136546722981326 
1842	 0.13659240585272 
1843	 0.136632579366356 
1844	 0.136669506851772 
1845	 0.136701648059707 
1846	 0.136729999190274 
1847	 0.136753191379986 
1848	 0.136768898483784 
1849	 0.136773733642778 
1850	 0.136787059885474 
1851	 0.136809259381683 
1852	 0.136831742241366 
1853	 0.13685958075857 
1854	 0.136897578851061 
1855	 0.136924094078935 
1856	 0.136930946872634 
1857	 0.136947424166003 
1858	 0.136976281864361 
1859	 0.136986751544288 
1860	 0.136984267391165 
1861	 0.136990358125862 
1862	 0.136985198910349 
1863	 0.136979635719845 
1864	 0.136995683410993 
1865	 0.137030055533972 
1866	 0.137049194499621 
1867	 0.137069116234447 
1868	 0.137090967727456 
1869	 0.137104362036456 
1870	 0.137119279219059 
1871	 0.137139511695864 
1872	 0.137170826639562 
1873	 0.137186263013482 
1874	 0.137192928155166 
1875	 0.137188279912027 
1876	 0.137176407588333 
1877	 0.137172138139634 
1878	 0.137157136848056 
1879	 0.137158834772309 
1880	 0.137187103001955 
1881	 0.13719278882232 
1882	 0.137189868270198 
1883	 0.137190085142408 
1884	 0.137192536858159 
1885	 0.137177514759866 
1886	 0.137170595623086 
1887	 0.137172662320152 
1888	 0.137167248467372 
1889	 0.137158145064057 
1890	 0.137147977138427 
1891	 0.137135762760701 
1892	 0.137123477899047 
1893	 0.137112362405651 
1894	 0.137088223251048 
1895	 0.137052250241852 
1896	 0.137051300504272 
1897	 0.137044469211361 
1898	 0.137040682539092 
1899	 0.13702891171444 
1900	 0.137020319452426 
1901	 0.13701102946862 
1902	 0.136995345413319 
1903	 0.136985351026488 
1904	 0.136985061535203 
1905	 0.136977330845696 
1906	 0.136973246826871 
1907	 0.136958571052041 
1908	 0.136963001666088 
1909	 0.136980879042614 
1910	 0.136998671233728 
1911	 0.137026501996583 
1912	 0.137051082933042 
1913	 0.137073341194374 
1914	 0.137102296738072 
1915	 0.137136442290958 
1916	 0.137170367240189 
1917	 0.137206285988462 
1918	 0.137252569938949 
1919	 0.137285188438414 
1920	 0.137305039957685 
1921	 0.137338794840871 
1922	 0.137383037458119 
1923	 0.137410350078078 
1924	 0.137436979983942 
1925	 0.137462434975789 
1926	 0.137480488511142 
1927	 0.137479758695207 
1928	 0.137504712530166 
1929	 0.137541781891849 
1930	 0.137576399959568 
1931	 0.137620298237076 
1932	 0.137659411958542 
1933	 0.137688945392876 
1934	 0.13773747685348 
1935	 0.137804304996332 
1936	 0.1378550873534 
1937	 0.137907695161778 
1938	 0.137962853186811 
1939	 0.138016237620932 
1940	 0.138060096121618 
1941	 0.138098965737925 
1942	 0.138131787095559 
1943	 0.138179682588685 
1944	 0.138224141869312 
1945	 0.138270667103104 
1946	 0.138340749432414 
1947	 0.138394488424398 
1948	 0.138433056076591 
1949	 0.138471723137687 
1950	 0.138512336714545 
1951	 0.138545104325129 
1952	 0.138578906920561 
1953	 0.138599429342135 
1954	 0.138641922146559 
1955	 0.138696637860064 
1956	 0.138744680840478 
1957	 0.138809880886556 
1958	 0.138854480283113 
1959	 0.138884469006359 
1960	 0.138916817170481 
1961	 0.138930969650966 
1962	 0.138961937633736 
1963	 0.1389993126451 
1964	 0.139044253997377 
1965	 0.139085701410974 
1966	 0.139141848987754 
1967	 0.139179498194187 
1968	 0.13919289536942 
1969	 0.139235992560503 
1970	 0.139295030518436 
1971	 0.139340678029993 
1972	 0.139398835752791 
1973	 0.139449717268377 
1974	 0.139491747991727 
1975	 0.139519668894337 
1976	 0.139561331354519 
1977	 0.139608804918718 
1978	 0.139658417384821 
1979	 0.139709328197595 
1980	 0.139761729419562 
1981	 0.13982068926977 
1982	 0.139877473985841 
1983	 0.139941030719685 
1984	 0.139991214511578 
1985	 0.140028071222403 
1986	 0.14007574854229 
1987	 0.140123896652672 
1988	 0.140168212377514 
1989	 0.140208802593846 
1990	 0.140256917271467 
1991	 0.140297331830149 
1992	 0.140313060662462 
1993	 0.140358323793977 
1994	 0.140428911496334 
1995	 0.140480902138665 
1996	 0.140539899460148 
1997	 0.140590739759796 
1998	 0.140615043819897 
1999	 0.140659055069118 
2000	 0.140716704934162 
2001	 0.140776529301661 
2002	 0.1408220466234 
2003	 0.14087278948089 
2004	 0.140910275730264 
2005	 0.140933689042596 
2006	 0.140951611562396 
2007	 0.14095576967462 
2008	 0.140974448932742 
2009	 0.140995609820294 
2010	 0.141005744611424 
2011	 0.141022361147489 
2012	 0.141031826034226 
2013	 0.141015862660938 
2014	 0.141023488947434 
2015	 0.141012517849208 
2016	 0.141000113771172 
2017	 0.140986173910552 
2018	 0.140961437417585 
2019	 0.140937415513254 
2020	 0.140911745282382 
2021	 0.140894603052586 
2022	 0.140884425145137 
2023	 0.140862542450368 
2024	 0.140850623432918 
2025	 0.140821782798264 
2026	 0.140776541061739 
2027	 0.140717767792243 
2028	 0.140668739965335 
2029	 0.140605595159895 
2030	 0.140574745776238 
2031	 0.140566780205196 
2032	 0.140540941274451 
2033	 0.140536305621644 
2034	 0.140505390174074 
2035	 0.140446693637222 
2036	 0.140397261673068 
2037	 0.140334820154131 
2038	 0.140289743517049 
2039	 0.140253675266367 
2040	 0.140222555871493 
2041	 0.140189381786625 
2042	 0.140140808689808 
2043	 0.14009179505072 
2044	 0.140026301895737 
2045	 0.139968827559587 
2046	 0.139914414633718 
2047	 0.139860492184732 
2048	 0.139796200969893 
2049	 0.139747786356266 
2050	 0.139711273524205 
2051	 0.139672442074564 
2052	 0.139636728877858 
2053	 0.139608767951082 
2054	 0.139595412289065 
2055	 0.139565646615078 
2056	 0.139535620726425 
2057	 0.139517161830924 
2058	 0.139473474978745 
2059	 0.139399949898731 
2060	 0.139355525905848 
2061	 0.139311757866618 
2062	 0.139275406181286 
2063	 0.139261838173106 
2064	 0.139231231913981 
2065	 0.139187165937462 
2066	 0.139153519340823 
2067	 0.139125406400227 
2068	 0.13909024241462 
2069	 0.139059352471744 
2070	 0.139030318783255 
2071	 0.138987889836797 
2072	 0.138930074002879 
2073	 0.138883888152038 
2074	 0.138833455937602 
2075	 0.138789826421055 
2076	 0.138740591072349 
2077	 0.138716177681659 
2078	 0.138700943435006 
2079	 0.138702277721487 
2080	 0.13874796307697 
2081	 0.138758743278759 
2082	 0.13876782530716 
2083	 0.138762707762021 
2084	 0.138746808910535 
2085	 0.138729355121484 
2086	 0.138730435921442 
2087	 0.138731154247523 
2088	 0.138746331667393 
2089	 0.138778642446674 
2090	 0.138794795471782 
2091	 0.138816004036585 
2092	 0.138835755414196 
2093	 0.13884103687616 
2094	 0.138857979817409 
2095	 0.138892123554656 
2096	 0.138910262519137 
2097	 0.138925735836626 
2098	 0.138931516508088 
2099	 0.138915312421416 
2100	 0.138915721257186 
2101	 0.138926233659106 
2102	 0.138935872120135 
2103	 0.138957124276139 
2104	 0.138999591396776 
2105	 0.139028357835433 
2106	 0.139055353425098 
2107	 0.139085975460704 
2108	 0.139100585045518 
2109	 0.139150063171136 
2110	 0.139223009754904 
2111	 0.139288148062696 
2112	 0.139383532790711 
2113	 0.139456753117975 
2114	 0.139515147485206 
2115	 0.139564783685113 
2116	 0.139637900073757 
2117	 0.139724051150191 
2118	 0.139788517610091 
2119	 0.13986756457571 
2120	 0.139936640301095 
2121	 0.139979058285858 
2122	 0.140050315827279 
2123	 0.140148606893428 
2124	 0.140221789425808 
2125	 0.140284737459356 
2126	 0.140366245617569 
2127	 0.14046106071838 
2128	 0.140522046746552 
2129	 0.14057217099936 
2130	 0.140630422843644 
2131	 0.140674094555916 
2132	 0.140711167341314 
2133	 0.140758409140076 
2134	 0.140809620026698 
2135	 0.140797700139115 
2136	 0.140785191652658 
2137	 0.14082198411673 
2138	 0.14083423429012 
2139	 0.14086735751865 
2140	 0.140940327073271 
2141	 0.14097639372998 
2142	 0.140989791478928 
2143	 0.141023994482673 
2144	 0.141049753326162 
2145	 0.141091315751946 
2146	 0.141149844814366 
2147	 0.141201179815885 
2148	 0.141280015128817 
2149	 0.141321027378702 
2150	 0.14133006737419 
2151	 0.141356650130846 
2152	 0.141396041427209 
2153	 0.141396701761748 
2154	 0.141402714795755 
2155	 0.141417399570065 
2156	 0.141394510541536 
2157	 0.141314953391865 
2158	 0.141289951154658 
2159	 0.141265402252822 
2160	 0.141265502175458 
2161	 0.141308850767441 
2162	 0.141315009982279 
2163	 0.141303817494584 
2164	 0.141319746345982 
2165	 0.141335700834937 
2166	 0.141357690433188 
2167	 0.141404264038363 
2168	 0.14144702260732 
2169	 0.141478658578785 
2170	 0.141520516832855 
2171	 0.141582540161353 
2172	 0.141635181122383 
2173	 0.141680273423278 
2174	 0.141732105021712 
2175	 0.141775409027964 
2176	 0.14187694773921 
2177	 0.141951678201758 
2178	 0.142036036368836 
2179	 0.14210041841395 
2180	 0.142163515635742 
2181	 0.14219558298645 
2182	 0.142198916872062 
2183	 0.142231127791355 
2184	 0.142241396636876 
2185	 0.14227701880763 
2186	 0.142334574400929 
2187	 0.142399030552619 
2188	 0.142487877938893 
2189	 0.142556571885701 
2190	 0.14260669900678 
2191	 0.142692804211273 
2192	 0.142790754039033 
2193	 0.142896110949635 
2194	 0.142975673980265 
2195	 0.143106308818592 
2196	 0.143179947405306 
2197	 0.143212964551247 
2198	 0.143292698928911 
2199	 0.143406507318914 
2200	 0.143474278782953 
2201	 0.143530430554277 
2202	 0.143599351416723 
2203	 0.143654561168757 
2204	 0.143707360175767 
2205	 0.143762773082207 
2206	 0.143834528101667 
2207	 0.143865772099873 
2208	 0.143969088473784 
2209	 0.144164929921231 
2210	 0.1442993432543 
2211	 0.144443655822278 
2212	 0.144572341958788 
2213	 0.144611041258724 
2214	 0.144740725923283 
2215	 0.144911648151018 
2216	 0.145122722791354 
2217	 0.145372229400055 
2218	 0.145591281846689 
2219	 0.145740954631157 
2220	 0.145899873176997 
2221	 0.146036196503057 
2222	 0.146131767006516 
2223	 0.146262613275762 
2224	 0.146406197325562 
2225	 0.146521287986498 
2226	 0.146626064915905 
2227	 0.146748026748208 
2228	 0.146859238498567 
2229	 0.14697378774733 
2230	 0.147102673926329 
2231	 0.14723203811434 
2232	 0.14738445413606 
2233	 0.14747650628085 
2234	 0.147564496544948 
2235	 0.147613898126372 
2236	 0.147564415067486 
2237	 0.147571785577845 
2238	 0.147626838018967 
2239	 0.147621787391435 
2240	 0.147585691865475 
2241	 0.14756224506153 
2242	 0.147505933451498 
2243	 0.147440618255399 
2244	 0.147422324217158 
2245	 0.147409130379243 
2246	 0.147381685092778 
2247	 0.147398551162284 
2248	 0.147404750283622 
2249	 0.147430721473552 
2250	 0.147442018815357 
2251	 0.147453806878201 
2252	 0.147442913518009 
2253	 0.147427224689998 
2254	 0.147396334351721 
2255	 0.147330197027106 
2256	 0.147303066795027 
2257	 0.147295766884161 
2258	 0.147263309307703 
2259	 0.147246056875419 
2260	 0.147197475809632 
2261	 0.147093281152262 
2262	 0.147030449306139 
2263	 0.14699346734583 
2264	 0.146933451313516 
2265	 0.146849354123331 
2266	 0.146812285807288 
2267	 0.146750281216641 
2268	 0.146756328308327 
2269	 0.146883610462774 
2270	 0.146943220572755 
2271	 0.146965046027124 
2272	 0.147038684250341 
2273	 0.147132525282121 
2274	 0.14720680966933 
2275	 0.147260028747355 
2276	 0.147381416930316 
2277	 0.14743302458988 
2278	 0.14749120012015 
2279	 0.147597607338737 
2280	 0.147774889723633 
2281	 0.147903209305268 
2282	 0.148033084002655 
2283	 0.148148331368614 
2284	 0.14824844988097 
2285	 0.148356245819727 
2286	 0.148446040469128 
2287	 0.148569649020621 
2288	 0.148727768622625 
2289	 0.148851979477156 
2290	 0.148964490322741 
2291	 0.149101608356001 
2292	 0.149201056576663 
2293	 0.14937394055604 
2294	 0.149605580086939 
2295	 0.149846389632335 
2296	 0.150128520470782 
2297	 0.150416643896708 
2298	 0.150735756858925 
2299	 0.151052972575002 
2300	 0.151377412286739 
2301	 0.151713774520614 
2302	 0.152037782855892 
2303	 0.152411470263255 
2304	 0.152895366809037 
2305	 0.153267019892344 
2306	 0.153656554966235 
2307	 0.15394663172248 
2308	 0.154177302491836 
2309	 0.154259098308745 
2310	 0.154223604724124 
2311	 0.154107530745528 
2312	 0.153819193559988 
2313	 0.153481840508114 
2314	 0.15303275628418 
2315	 0.152572903666966 
2316	 0.152149251638174 
2317	 0.151684754130231 
2318	 0.151217266818146 
2319	 0.150779963914778 
2320	 0.150347852787954 
2321	 0.149817066180053 
2322	 0.149489780201693 
2323	 0.149312776167003 
2324	 0.149057256761229 
2325	 0.148843440698064 
2326	 0.148652176814152 
2327	 0.148420998296031 
2328	 0.148298836495178 
2329	 0.148264776784395 
2330	 0.148257385926411 
2331	 0.148307477664504 
2332	 0.148372541562935 
2333	 0.148530800055296 
2334	 0.148605318679154 
2335	 0.148636996073819 
2336	 0.148725781241517 
2337	 0.148766245729239 
2338	 0.148917756888004 
2339	 0.14920326893476 
2340	 0.149409801450304 
2341	 0.149610515241242 
2342	 0.149862363700168 
2343	 0.150107231086238 
2344	 0.150376767906449 
2345	 0.150767053855617 
2346	 0.151035499510935 
2347	 0.151246692468671 
2348	 0.151435816161857 
2349	 0.151589180054634 
2350	 0.151678503359155 
2351	 0.15173971701177 
2352	 0.151712531365954 
2353	 0.151515289777514 
2354	 0.151422308100866 
2355	 0.151307774724378 
2356	 0.151225704712545 
2357	 0.151280074180247 
2358	 0.151196389673816 
2359	 0.150952444105677 
2360	 0.150853275243343 
2361	 0.150701044438694 
2362	 0.150676210487016 
2363	 0.150870748671062 
2364	 0.150987600225473 
2365	 0.15113527887038 
2366	 0.15127803674022 
2367	 0.151427433464057 
2368	 0.151543488032063 
2369	 0.151608341157668 
2370	 0.151725899087972 
2371	 0.151852550441628 
2372	 0.151969994643851 
2373	 0.152169785801461 
2374	 0.152292739506771 
2375	 0.152275410376844 
2376	 0.152370246620729 
2377	 0.152396010186881 
2378	 0.152614265896498 
2379	 0.153094461827461 
2380	 0.153496174044198 
2381	 0.153943204771958 
2382	 0.15435276477522 
2383	 0.154576368038229 
2384	 0.154689219299957 
2385	 0.154550704036189 
2386	 0.154420485052403 
2387	 0.154297454739298 
2388	 0.15409754583552 
2389	 0.154068325647115 
2390	 0.154115031990085 
2391	 0.154188162815666 
2392	 0.154357928761711 
2393	 0.154609518124518 
2394	 0.154889712323431 
2395	 0.154998403940919 
2396	 0.15503030334712 
2397	 0.155130319629203 
2398	 0.155140067939861 
2399	 0.155107689630704 
2400	 0.155160217922804 
2401	 0.155210554908336 
2402	 0.155073963894065 
2403	 0.15515068776444 
2404	 0.155349025790697 
2405	 0.15519542737727 
2406	 0.155166734917243 
2407	 0.155094787143547 
2408	 0.154695711498395 
2409	 0.154348663438759 
2410	 0.154164450583065 
2411	 0.154140966645624 
2412	 0.154093995195113 
2413	 0.15386400418692 
2414	 0.153957391816547 
2415	 0.154047935999783 
2416	 0.153785204363158 
2417	 0.154017580431402 
2418	 0.154089496888931 
2419	 0.153988976761831 
2420	 0.154239892658387 
2421	 0.154155484276027 
2422	 0.154023391073325 
2423	 0.153870476447012 
2424	 0.15372514142454 
2425	 0.153676503007754 
2426	 0.15360370246974 
2427	 0.153469261423595 
2428	 0.153029241397741 
2429	 0.152484261070315 
2430	 0.15183472136076 
2431	 0.151499678937217 
2432	 0.151459826751737 
2433	 0.151384127005844 
2434	 0.151889703625559 
2435	 0.152392229007357 
2436	 0.152234074510668 
2437	 0.152092012754097 
2438	 0.151878760629651 
2439	 0.151141020572658 
2440	 0.150621659195397 
2441	 0.151030187714821 
2442	 0.151549567697404 
2443	 0.151788300344472 
2444	 0.151886697555611 
2445	 0.151502629598592 
2446	 0.150897053802452 
2447	 0.150173488760221 
2448	 0.149958980091146 
2449	 0.149991814032718 
2450	 0.149279913921408 
2451	 0.149176809113576 
2452	 0.149083399577761 
2453	 0.147603335945336 
2454	 0.147110434148173 
2455	 0.147106912809788 
2456	 0.146423168364274 
2457	 0.147503140145413 
2458	 0.147533091869249 
2459	 0.146775990073272 
2460	 0.146489267104778 
2461	 0.145506606762927 
2462	 0.14541360199234 
2463	 0.146768548492184 
2464	 0.146973841509909 
2465	 0.147115350340486 
2466	 0.14687306600201 
2467	 0.145092490012681 
2468	 0.144599327395875 
2469	 0.144836559403547 
2470	 0.144798495721541 
2471	 0.145437929894749 
2472	 0.145137648344588 
2473	 0.14430058151938 
2474	 0.143912145939237 
2475	 0.143081358603708 
2476	 0.142801300240802 
2477	 0.142832648019243 
2478	 0.142611400030963 
2479	 0.142492987507519 
2480	 0.142760830883417 
2481	 0.143535351173427 
2482	 0.143991905992331 
2483	 0.144335775645189 
2484	 0.145081816061631 
2485	 0.146049673304318 
2486	 0.146395531291603 
2487	 0.147294668973246 
2488	 0.146555804627981 
2489	 0.14372242672563 
2490	 0.14263897229609 
2491	 0.141957612109502 
2492	 0.142749096224713 
2493	 0.143752548700263 
2494	 0.144394547854405 
2495	 0.145658340070432 
2496	 0.145868557117907 
2497	 0.145569003153311 
2498	 0.14681879704535 
2499	 0.145293041397766 
2500	 0.142787133901341 
